5 0.70078125 0.7506944444444444 0.0484375 0.02361111111111111
2 0.681640625 0.6604166666666667 0.02109375 0.04027777777777778
8 0.722265625 0.7944444444444444 0.05859375 0.058333333333333334
2 0.86640625 0.6465277777777778 0.0078125 0.004166666666666667
1 0.9078125 0.6701388888888888 0.090625 0.12361111111111112
1 0.8828125 0.6979166666666666 0.1 0.1375
2 0.921875 0.7222222222222222 0.0125 0.044444444444444446
2 0.441796875 0.7131944444444445 0.02890625 0.018055555555555554
8 0.98125 0.8076388888888889 0.025 0.04027777777777778
2 0.555078125 0.7506944444444444 0.02578125 0.05138888888888889
8 0.746484375 0.7743055555555556 0.05546875 0.05416666666666667
5 0.767578125 0.7854166666666667 0.05234375 0.029166666666666667
8 0.840234375 0.7902777777777777 0.05546875 0.058333333333333334
2 0.698828125 0.6354166666666666 0.02265625 0.006944444444444444
2 0.775390625 0.6298611111111111 0.02578125 0.0375
2 0.85703125 0.68125 0.025 0.043055555555555555
5 0.00546875 0.9055555555555556 0.0109375 0.027777777777777776
6 0.648828125 0.8708333333333333 0.12109375 0.18333333333333332
2 0.937109375 0.6923611111111111 0.02421875 0.04027777777777778
2 0.673046875 0.6868055555555556 0.00390625 0.001388888888888889
2 0.9 0.6243055555555556 0.0203125 0.004166666666666667
8 0.97421875 0.8354166666666667 0.021875 0.05138888888888889
2 0.705859375 0.6298611111111111 0.02265625 0.004166666666666667
5 0.00546875 0.9465277777777777 0.0109375 0.02361111111111111
8 0.935546875 0.8097222222222222 0.05078125 0.06111111111111111
1 0.706640625 0.6916666666666667 0.07109375 0.12222222222222222
2 0.898046875 0.6361111111111111 0.01796875 0.022222222222222223
2 0.937109375 0.6465277777777778 0.02421875 0.04027777777777778
2 0.786328125 0.6118055555555556 0.01953125 0.03194444444444444
2 0.7 0.6631944444444444 0.025 0.04027777777777778
5 0.9359375 0.7930555555555555 0.0453125 0.030555555555555555
2 0.49921875 0.7659722222222223 0.084375 0.05416666666666667
2 0.93515625 0.6166666666666667 0.0203125 0.016666666666666666
2 0.8046875 0.6125 0.0234375 0.03333333333333333
2 0.79921875 0.6520833333333333 0.034375 0.034722222222222224
8 0.68671875 0.7881944444444444 0.0328125 0.05138888888888889
2 0.755859375 0.6298611111111111 0.02109375 0.034722222222222224
2 0.881640625 0.7347222222222223 0.07421875 0.05277777777777778
1 0.929296875 0.6479166666666667 0.08046875 0.1125
2 0.555078125 0.7097222222222223 0.02578125 0.05
2 0.9546875 0.6256944444444444 0.021875 0.0375
2 0.892578125 0.6604166666666667 0.00703125 0.004166666666666667
2 0.90390625 0.6840277777777778 0.0296875 0.04861111111111111
2 0.86015625 0.6583333333333333 0.0203125 0.005555555555555556
5 0.06640625 0.9055555555555556 0.1046875 0.05277777777777778
2 0.878125 0.6319444444444444 0.025 0.022222222222222223
5 0.983203125 0.7979166666666667 0.02265625 0.02361111111111111
5 0.841015625 0.7743055555555556 0.04921875 0.02638888888888889
2 0.915625 0.6381944444444444 0.021875 0.020833333333333332
2 0.426171875 0.7486111111111111 0.06015625 0.06388888888888888
5 0.722265625 0.7777777777777778 0.05234375 0.027777777777777776
2 0.75625 0.6 0.0234375 0.016666666666666666
2 0.8375 0.6763888888888889 0.0296875 0.04722222222222222
6 0.468359375 0.9291666666666667 0.11171875 0.1388888888888889
2 0.67265625 0.6881944444444444 0.003125 0.001388888888888889
5 0.00546875 0.9270833333333334 0.0109375 0.02361111111111111
2 0.6890625 0.6395833333333333 0.021875 0.004166666666666667
2 0.742578125 0.6993055555555555 0.02421875 0.043055555555555555
8 0.790234375 0.7784722222222222 0.05546875 0.05138888888888889
2 0.863671875 0.6520833333333333 0.01328125 0.006944444444444444
2 0.879296875 0.6840277777777778 0.02578125 0.043055555555555555
2 0.74453125 0.6097222222222223 0.01875 0.002777777777777778
1 0.75 0.6534722222222222 0.084375 0.11527777777777778
1 0.8703125 0.7111111111111111 0.1046875 0.14444444444444443
2 0.769921875 0.6027777777777777 0.01953125 0.016666666666666666
5 0.747265625 0.7583333333333333 0.04921875 0.025
2 0.9203125 0.6055555555555555 0.01875 0.002777777777777778
2 0.723828125 0.6180555555555556 0.02578125 0.022222222222222223
6 0.5546875 0.9381944444444444 0.115625 0.12083333333333333
2 0.838671875 0.7076388888888889 0.02109375 0.004166666666666667
5 0.06640625 0.8881944444444444 0.1046875 0.05416666666666667
2 0.895703125 0.6548611111111111 0.01484375 0.006944444444444444
2 0.52734375 0.6645833333333333 0.08125 0.05694444444444444
2 0.76171875 0.6118055555555556 0.01875 0.004166666666666667
6 0.648828125 0.9604166666666667 0.12109375 0.0763888888888889
2 0.49921875 0.7236111111111111 0.084375 0.05277777777777778
2 0.898046875 0.6493055555555556 0.01796875 0.004166666666666667
2 0.79140625 0.5951388888888889 0.0171875 0.001388888888888889
1 0.714453125 0.6777777777777778 0.08671875 0.12777777777777777
2 0.850390625 0.6479166666666667 0.02734375 0.0125
2 0.739453125 0.6527777777777778 0.02890625 0.041666666666666664
5 0.066015625 0.8472222222222222 0.10546875 0.05555555555555555
0 0.309375 0.7868055555555555 0.1546875 0.2375
5 0.790234375 0.7652777777777777 0.04921875 0.025
2 0.738671875 0.6215277777777778 0.02109375 0.020833333333333332
0 0.9875 0.8548611111111111 0.0234375 0.19305555555555556
5 0.819921875 0.7951388888888888 0.05234375 0.029166666666666667
2 0.72421875 0.6326388888888889 0.0203125 0.004166666666666667
2 0.834765625 0.7291666666666666 0.02578125 0.044444444444444446
5 0.969140625 0.8395833333333333 0.03046875 0.02638888888888889
2 0.77578125 0.59375 0.0171875 0.001388888888888889
5 0.979296875 0.81875 0.02578125 0.020833333333333332
2 0.72265625 0.6638888888888889 0.03125 0.044444444444444446
2 0.76796875 0.6729166666666667 0.0421875 0.0375
2 0.95625 0.6680555555555555 0.01875 0.03611111111111111
8 0.966015625 0.85625 0.03046875 0.05694444444444444
5 0.685546875 0.7701388888888889 0.03046875 0.02638888888888889
2 0.900390625 0.6125 0.02265625 0.019444444444444445
2 0.684765625 0.63125 0.02734375 0.009722222222222222
2 0.916796875 0.6152777777777778 0.01953125 0.016666666666666666
2 0.71796875 0.6368055555555555 0.0234375 0.006944444444444444
2 0.70703125 0.6416666666666667 0.021875 0.005555555555555556
2 0.49921875 0.6770833333333334 0.084375 0.059722222222222225
8 0.819921875 0.8118055555555556 0.05859375 0.0625
2 0.7046875 0.7111111111111111 0.0671875 0.04722222222222222
2 0.919140625 0.6256944444444444 0.02109375 0.004166666666666667
8 0.700390625 0.7659722222222223 0.05546875 0.043055555555555555
2 0.914453125 0.6708333333333333 0.02734375 0.044444444444444446
3 0.499609375 0.8222222222222222 0.99921875 0.3527777777777778
2 0.93828125 0.6069444444444444 0.01875 0.002777777777777778
2 0.676171875 0.6388888888888888 0.00859375 0.005555555555555556
1 0.78046875 0.6333333333333333 0.078125 0.10555555555555556
8 0.767578125 0.8020833333333334 0.05859375 0.059722222222222225
5 0.066015625 0.8694444444444445 0.10546875 0.05277777777777778
