6 0.458203125 0.9763888888888889 0.08671875 0.044444444444444446
0 0.621484375 0.8409722222222222 0.08046875 0.30972222222222223
5 0.45625 0.8416666666666667 0.0828125 0.025
5 0.33203125 0.8333333333333334 0.0875 0.03611111111111111
5 0.33203125 0.8506944444444444 0.0875 0.0375
5 0.45625 0.7986111111111112 0.0828125 0.03611111111111111
2 0.988671875 0.8743055555555556 0.02109375 0.08194444444444444
6 0.425 0.9631944444444445 0.1203125 0.07083333333333333
5 0.33203125 0.8152777777777778 0.0875 0.03611111111111111
5 0.45625 0.8229166666666666 0.0828125 0.02638888888888889
5 0.45625 0.8583333333333333 0.0828125 0.025
3 0.499609375 0.9166666666666666 0.99921875 0.1638888888888889
