5 0.532421875 0.9680555555555556 0.10546875 0.04722222222222222
8 0.16640625 0.8298611111111112 0.0421875 0.043055555555555555
8 0.804296875 0.9368055555555556 0.08671875 0.06527777777777778
5 0.439453125 0.9291666666666667 0.09453125 0.03611111111111111
5 0.618359375 0.7319444444444444 0.03671875 0.016666666666666666
1 0.35078125 0.6743055555555556 0.0421875 0.07083333333333333
2 0.976953125 0.7416666666666667 0.04453125 0.06388888888888888
8 0.50234375 0.9708333333333333 0.0734375 0.05555555555555555
8 0.650390625 0.9680555555555556 0.11171875 0.06111111111111111
5 0.019140625 0.7597222222222222 0.03828125 0.011111111111111112
6 0.39296875 0.7097222222222223 0.0640625 0.09166666666666666
8 0.701171875 0.9597222222222223 0.10703125 0.07777777777777778
5 0.719921875 0.8819444444444444 0.08359375 0.030555555555555555
5 0.798828125 0.8611111111111112 0.07734375 0.027777777777777776
1 0.282421875 0.6791666666666667 0.05390625 0.08055555555555556
5 0.71484375 0.7520833333333333 0.0015625 0.006944444444444444
8 0.291796875 0.8048611111111111 0.05859375 0.04027777777777778
7 0.036328125 0.8298611111111112 0.03828125 0.029166666666666667
1 0.951171875 0.8875 0.09609375 0.2222222222222222
5 0.018359375 0.75 0.03671875 0.013888888888888888
5 0.570703125 0.9270833333333334 0.09453125 0.04027777777777778
8 0.438671875 0.9597222222222223 0.10546875 0.075
8 0.5703125 0.95 0.1046875 0.05555555555555555
5 0.840234375 0.8923611111111112 0.08984375 0.034722222222222224
5 0.71484375 0.7305555555555555 0.0015625 0.011111111111111112
2 0.91171875 0.7847222222222222 0.0578125 0.05277777777777778
1 0.309765625 0.6736111111111112 0.05390625 0.075
2 0.01015625 0.9916666666666667 0.0203125 0.013888888888888888
2 0.91171875 0.83125 0.0578125 0.05138888888888889
1 0.316015625 0.6805555555555556 0.05703125 0.07777777777777778
8 0.841796875 0.9194444444444444 0.09921875 0.06944444444444445
5 0.83671875 0.8513888888888889 0.078125 0.027777777777777776
1 0.052734375 0.7013888888888888 0.08203125 0.09166666666666666
5 0.245703125 0.7944444444444444 0.05234375 0.019444444444444445
4 0.0140625 0.7291666666666666 0.0015625 0.027777777777777776
8 0.27734375 0.8263888888888888 0.0625 0.04722222222222222
2 0.954296875 0.9527777777777777 0.08984375 0.09166666666666666
1 0.28046875 0.6631944444444444 0.05625 0.07083333333333333
5 0.523828125 0.9083333333333333 0.08984375 0.03611111111111111
8 0.83828125 0.8583333333333333 0.0875 0.025
8 0.246484375 0.8118055555555556 0.05859375 0.043055555555555555
5 0.28671875 0.7881944444444444 0.04375 0.018055555555555554
8 0.89921875 0.8861111111111111 0.065625 0.04722222222222222
0 0.6796875 0.7222222222222222 0.0890625 0.1638888888888889
5 0.23515625 0.8131944444444444 0.05625 0.020833333333333332
5 0.5 0.9486111111111111 0.06875 0.044444444444444446
5 0.164453125 0.8076388888888889 0.03671875 0.020833333333333332
1 0.380859375 0.6833333333333333 0.06015625 0.08055555555555556
6 0.111328125 0.8215277777777777 0.06953125 0.11527777777777778
7 0.191796875 0.6993055555555555 0.02734375 0.009722222222222222
8 0.2359375 0.8333333333333334 0.0640625 0.05
5 0.6171875 0.7548611111111111 0.034375 0.015277777777777777
4 0.144140625 0.7694444444444445 0.00234375 0.019444444444444445
8 0.803125 0.8770833333333333 0.08125 0.034722222222222224
6 0.39296875 0.7777777777777778 0.0640625 0.06666666666666667
8 0.53203125 0.9805555555555555 0.1171875 0.03611111111111111
0 0.33828125 0.8236111111111111 0.1734375 0.28055555555555556
5 0.86953125 0.8805555555555555 0.0796875 0.030555555555555555
2 0.976953125 0.7888888888888889 0.04453125 0.03888888888888889
6 0.496875 0.7715277777777778 0.0625 0.09027777777777778
8 0.5234375 0.9284722222222223 0.1 0.04861111111111111
8 0.206640625 0.81875 0.06015625 0.043055555555555555
5 0.648828125 0.9465277777777777 0.09921875 0.04583333333333333
2 0.984375 0.8236111111111111 0.0296875 0.011111111111111112
1 0.0671875 0.70625 0.084375 0.09861111111111111
5 0.71484375 0.7423611111111111 0.0015625 0.009722222222222222
5 0.588671875 0.9833333333333333 0.11171875 0.030555555555555555
5 0.699609375 0.9291666666666667 0.09609375 0.041666666666666664
2 0.954296875 0.8631944444444445 0.08984375 0.09027777777777778
5 0.764453125 0.8722222222222222 0.08203125 0.027777777777777776
8 0.3203125 0.8138888888888889 0.05625 0.03611111111111111
2 0.95703125 0.8166666666666667 0.046875 0.011111111111111112
8 0.217578125 0.9854166666666667 0.09609375 0.02638888888888889
8 0.765625 0.8958333333333334 0.090625 0.06111111111111111
2 0.994140625 0.8166666666666667 0.01015625 0.005555555555555556
3 0.467578125 0.84375 0.93515625 0.30972222222222223
8 0.72109375 0.8965277777777778 0.09375 0.043055555555555555
7 0.262109375 0.7895833333333333 0.03984375 0.0125
7 0.228515625 0.6972222222222222 0.02734375 0.011111111111111112
5 0.20546875 0.8006944444444445 0.053125 0.020833333333333332
5 0.80078125 0.9055555555555556 0.08125 0.03611111111111111
8 0.587890625 0.99375 0.12421875 0.009722222222222222
6 0.030859375 0.8409722222222222 0.06171875 0.12361111111111112
1 0.356640625 0.6888888888888889 0.05390625 0.08888888888888889
2 0.984375 0.8055555555555556 0.0296875 0.008333333333333333
5 0.889453125 0.8652777777777778 0.03984375 0.022222222222222223
5 0.019140625 0.7652777777777777 0.03828125 0.013888888888888888
5 0.018359375 0.7715277777777778 0.03671875 0.015277777777777777
2 0.92890625 0.7333333333333333 0.0921875 0.058333333333333334
2 0.975 0.8118055555555556 0.0484375 0.009722222222222222
7 0.10390625 0.7069444444444445 0.015625 0.011111111111111112
5 0.276171875 0.80625 0.05546875 0.020833333333333332
5 0.183203125 0.8208333333333333 0.05703125 0.022222222222222223
7 0.13984375 0.7041666666666667 0.0265625 0.011111111111111112
8 0.87421875 0.9069444444444444 0.0953125 0.06666666666666667
5 0.61796875 0.7444444444444445 0.0359375 0.013888888888888888
6 0.4484375 0.7756944444444445 0.0703125 0.08472222222222223
8 0.184375 0.8409722222222222 0.0640625 0.05138888888888889
5 0.32265625 0.7993055555555556 0.0546875 0.018055555555555554
