3 0.499609375 0.9451388888888889 0.99921875 0.10694444444444444
4 0.55546875 0.8902777777777777 0.00625 0.1361111111111111
4 0.787109375 0.9069444444444444 0.08828125 0.18333333333333332
5 0.168359375 0.8833333333333333 0.08203125 0.016666666666666666
5 0.168359375 0.8833333333333333 0.08203125 0.016666666666666666
5 0.168359375 0.8833333333333333 0.08203125 0.016666666666666666
5 0.16875 0.8673611111111111 0.08125 0.015277777777777777
5 0.16875 0.8673611111111111 0.08125 0.015277777777777777
5 0.16875 0.8673611111111111 0.08125 0.015277777777777777
5 0.168359375 0.8979166666666667 0.08203125 0.015277777777777777
5 0.168359375 0.8979166666666667 0.08203125 0.015277777777777777
5 0.168359375 0.8979166666666667 0.08203125 0.015277777777777777
5 0.266796875 0.8958333333333334 0.07734375 0.013888888888888888
5 0.266796875 0.8958333333333334 0.07734375 0.013888888888888888
5 0.266796875 0.8958333333333334 0.07734375 0.013888888888888888
5 0.266796875 0.88125 0.07734375 0.015277777777777777
5 0.266796875 0.88125 0.07734375 0.015277777777777777
5 0.266796875 0.88125 0.07734375 0.015277777777777777
5 0.267578125 0.8666666666666667 0.07734375 0.013888888888888888
5 0.267578125 0.8666666666666667 0.07734375 0.013888888888888888
5 0.267578125 0.8666666666666667 0.07734375 0.013888888888888888
5 0.267578125 0.8513888888888889 0.07734375 0.013888888888888888
5 0.267578125 0.8513888888888889 0.07734375 0.013888888888888888
5 0.267578125 0.8513888888888889 0.07734375 0.013888888888888888
6 0.562890625 0.8680555555555556 0.09921875 0.125
6 0.46875 0.8659722222222223 0.0828125 0.1125
6 0.5640625 0.7534722222222222 0.1015625 0.12916666666666668
6 0.51796875 0.8673611111111111 0.0796875 0.12083333333333333
6 0.8609375 0.8847222222222222 0.1375 0.19444444444444445
6 0.9765625 0.8888888888888888 0.0453125 0.2111111111111111
7 0.340234375 0.9347222222222222 0.12109375 0.03333333333333333
7 0.60625 0.9770833333333333 0.171875 0.043055555555555555
8 0.668359375 0.9298611111111111 0.13828125 0.0763888888888889
5 0.667578125 0.8965277777777778 0.12421875 0.020833333333333332
8 0.609375 0.9229166666666667 0.1265625 0.07083333333333333
5 0.608984375 0.8916666666666667 0.11484375 0.019444444444444445
8 0.559765625 0.9201388888888888 0.11953125 0.07083333333333333
5 0.559375 0.8888888888888888 0.1078125 0.016666666666666666
8 0.514453125 0.9152777777777777 0.11171875 0.06666666666666667
5 0.514453125 0.8861111111111111 0.10078125 0.016666666666666666
8 0.655078125 0.9305555555555556 0.10234375 0.03888888888888889
5 0.65546875 0.8798611111111111 0.1015625 0.004166666666666667
8 0.605859375 0.9236111111111112 0.08515625 0.030555555555555555
5 0.6078125 0.8784722222222222 0.096875 0.004166666666666667
8 0.696484375 0.9263888888888889 0.09140625 0.058333333333333334
5 0.69765625 0.8888888888888888 0.0875 0.016666666666666666
8 0.725 0.9291666666666667 0.034375 0.058333333333333334
5 0.72734375 0.8930555555555556 0.0296875 0.016666666666666666
8 0.93671875 0.8923611111111112 0.0171875 0.020833333333333332
5 0.927734375 0.8638888888888889 0.00078125 0.0
8 0.94296875 0.8888888888888888 0.0296875 0.030555555555555555
5 0.95 0.8680555555555556 0.04375 0.008333333333333333
5 0.974609375 0.8694444444444445 0.01484375 0.008333333333333333
8 0.93359375 0.89375 0.0109375 0.02638888888888889
5 0.93125 0.8694444444444445 0.0078125 0.008333333333333333
8 0.955078125 0.8909722222222223 0.05546875 0.043055555555555555
5 0.9546875 0.8701388888888889 0.0546875 0.009722222222222222
0 0.990234375 0.7972222222222223 0.01796875 0.25833333333333336
0 0.43828125 0.8090277777777778 0.0875 0.1875
1 0.978125 0.8097222222222222 0.009375 0.05555555555555555
1 0.93828125 0.8194444444444444 0.090625 0.08888888888888889
2 0.9765625 0.8083333333333333 0.0234375 0.03333333333333333
2 0.973828125 0.8513888888888889 0.01484375 0.025
1 0.909375 0.8354166666666667 0.1015625 0.12361111111111112
2 0.8703125 0.8013888888888889 0.0140625 0.0
2 0.934375 0.80625 0.0421875 0.0375
2 0.94140625 0.8506944444444444 0.0296875 0.02361111111111111
2 0.8875 0.7951388888888888 0.015625 0.0125
2 0.90390625 0.7958333333333333 0.0171875 0.013888888888888888
2 0.62265625 0.8645833333333334 0.0390625 0.020833333333333332
2 0.6421875 0.8541666666666666 0.0 0.0
2 0.681640625 0.8673611111111111 0.07734375 0.02361111111111111
2 0.73125 0.8673611111111111 0.0203125 0.02361111111111111
2 0.68125 0.8354166666666667 0.078125 0.04027777777777778
2 0.730859375 0.8354166666666667 0.02109375 0.04027777777777778
2 0.680859375 0.7944444444444444 0.07734375 0.041666666666666664
2 0.730078125 0.7958333333333333 0.02109375 0.03888888888888889
