3 0.49921875 0.8625 0.9984375 0.2722222222222222
4 0.43046875 0.8631944444444445 0.0125 0.09305555555555556
4 0.48359375 0.9277777777777778 0.0515625 0.11944444444444445
4 0.55078125 0.9555555555555556 0.0046875 0.08611111111111111
4 0.58828125 0.9756944444444444 0.0546875 0.04583333333333333
5 0.3 0.7465277777777778 0.05625 0.015277777777777777
5 0.3 0.7465277777777778 0.05625 0.015277777777777777
5 0.3 0.7465277777777778 0.05625 0.015277777777777777
5 0.3 0.7340277777777777 0.05625 0.018055555555555554
5 0.3 0.7340277777777777 0.05625 0.018055555555555554
5 0.3 0.7340277777777777 0.05625 0.018055555555555554
5 0.3 0.7569444444444444 0.05625 0.013888888888888888
5 0.3 0.7569444444444444 0.05625 0.013888888888888888
5 0.3 0.7569444444444444 0.05625 0.013888888888888888
5 0.373828125 0.7527777777777778 0.05546875 0.013888888888888888
5 0.373828125 0.7527777777777778 0.05546875 0.013888888888888888
5 0.373828125 0.7527777777777778 0.05546875 0.013888888888888888
5 0.373828125 0.7430555555555556 0.05546875 0.013888888888888888
5 0.373828125 0.7430555555555556 0.05546875 0.013888888888888888
5 0.373828125 0.7430555555555556 0.05546875 0.013888888888888888
5 0.373828125 0.7319444444444444 0.05546875 0.013888888888888888
5 0.373828125 0.7319444444444444 0.05546875 0.013888888888888888
5 0.373828125 0.7319444444444444 0.05546875 0.013888888888888888
5 0.373828125 0.71875 0.05546875 0.015277777777777777
5 0.373828125 0.71875 0.05546875 0.015277777777777777
5 0.373828125 0.71875 0.05546875 0.015277777777777777
6 0.51484375 0.7881944444444444 0.053125 0.0875
6 0.47890625 0.7666666666666667 0.0484375 0.08611111111111111
6 0.51484375 0.7125 0.053125 0.09444444444444444
6 0.495703125 0.7743055555555556 0.05234375 0.08472222222222223
6 0.6078125 0.8673611111111111 0.096875 0.13472222222222222
6 0.684375 0.8902777777777777 0.1078125 0.1388888888888889
7 0.33828125 0.8527777777777777 0.075 0.027777777777777776
7 0.41015625 0.9423611111111111 0.096875 0.04027777777777778
8 0.68671875 0.9618055555555556 0.0515625 0.02361111111111111
5 0.70625 0.9631944444444445 0.0765625 0.02638888888888889
8 0.603515625 0.9881944444444445 0.03671875 0.020833333333333332
5 0.63671875 0.9791666666666666 0.090625 0.03888888888888889
8 0.504296875 0.88125 0.07421875 0.0625
5 0.505859375 0.8611111111111112 0.07109375 0.025
8 0.486328125 0.8645833333333334 0.07109375 0.059722222222222225
5 0.487890625 0.8451388888888889 0.06796875 0.02361111111111111
8 0.471875 0.8520833333333333 0.075 0.05694444444444444
5 0.47109375 0.8333333333333334 0.0671875 0.022222222222222223
8 0.45703125 0.8388888888888889 0.0703125 0.05277777777777778
5 0.45625 0.8208333333333333 0.0640625 0.019444444444444445
8 0.52265625 0.8368055555555556 0.0265625 0.029166666666666667
5 0.5359375 0.8270833333333333 0.046875 0.018055555555555554
8 0.50234375 0.8222222222222222 0.01875 0.022222222222222223
5 0.527734375 0.8166666666666667 0.06328125 0.016666666666666666
8 0.544921875 0.8604166666666667 0.02109375 0.034722222222222224
5 0.546875 0.8388888888888889 0.025 0.016666666666666666
8 0.556640625 0.8763888888888889 0.00546875 0.03611111111111111
5 0.556640625 0.8534722222222222 0.00546875 0.015277777777777777
5 0.88203125 0.7513888888888889 0.0125 0.005555555555555556
8 0.81875 0.7451388888888889 0.0015625 0.001388888888888889
5 0.83671875 0.7458333333333333 0.0328125 0.008333333333333333
5 0.9 0.7569444444444444 0.0453125 0.005555555555555556
8 0.93828125 0.7770833333333333 0.0328125 0.018055555555555554
5 0.93671875 0.7673611111111112 0.0296875 0.0125
8 0.79765625 0.7645833333333333 0.05625 0.034722222222222224
5 0.797265625 0.75 0.05078125 0.011111111111111112
8 0.8078125 0.7715277777777778 0.0328125 0.034722222222222224
5 0.809765625 0.7576388888888889 0.03203125 0.0125
8 0.81953125 0.7756944444444445 0.0109375 0.03194444444444444
5 0.820703125 0.7625 0.00859375 0.008333333333333333
8 0.965625 0.7840277777777778 0.0515625 0.006944444444444444
5 0.97109375 0.78125 0.05625 0.0125
5 0.9890625 0.7888888888888889 0.0203125 0.008333333333333333
5 0.932421875 0.8055555555555556 0.00078125 0.0
0 0.87265625 0.76875 0.0984375 0.22083333333333333
0 0.4953125 0.7027777777777777 0.053125 0.14444444444444443
1 0.9921875 0.6930555555555555 0.0140625 0.075
2 0.990625 0.7298611111111111 0.003125 0.001388888888888889
2 0.99375 0.6743055555555556 0.0109375 0.018055555555555554
1 0.9390625 0.7125 0.08125 0.10833333333333334
2 0.91328125 0.7125 0.0 0.0
2 0.91875 0.66875 0.009375 0.001388888888888889
2 0.961328125 0.6895833333333333 0.02890625 0.03194444444444444
2 0.94921875 0.7305555555555555 0.0546875 0.03611111111111111
2 0.92265625 0.6708333333333333 0.0015625 0.0
2 0.947265625 0.6708333333333333 0.00078125 0.0
2 0.9546875 0.6722222222222223 0.015625 0.0
1 0.898828125 0.70625 0.07265625 0.09583333333333334
2 0.8796875 0.7270833333333333 0.0125 0.03194444444444444
2 0.8859375 0.7111111111111111 0.003125 0.0
2 0.87265625 0.6854166666666667 0.0140625 0.03194444444444444
2 0.9171875 0.6909722222222222 0.0359375 0.03194444444444444
2 0.905859375 0.73125 0.05859375 0.0375
2 0.881640625 0.6888888888888889 0.01015625 0.027777777777777776
2 0.895703125 0.6902777777777778 0.01640625 0.030555555555555555
2 0.918359375 0.6736111111111112 0.01015625 0.0
1 0.984375 0.7256944444444444 0.0296875 0.10416666666666667
2 0.986328125 0.75 0.02578125 0.03611111111111111
2 0.99609375 0.73125 0.00625 0.001388888888888889
2 0.986328125 0.7027777777777777 0.02578125 0.03611111111111111
2 0.99375 0.7520833333333333 0.0109375 0.034722222222222224
2 0.993359375 0.7048611111111112 0.01171875 0.034722222222222224
2 0.662890625 0.73125 0.02421875 0.0375
2 0.7046875 0.7402777777777778 0.0578125 0.03888888888888889
2 0.753515625 0.7409722222222223 0.03828125 0.034722222222222224
2 0.7046875 0.7076388888888889 0.0578125 0.0375
2 0.753515625 0.7083333333333334 0.03828125 0.03333333333333333
2 0.7046875 0.675 0.0578125 0.03888888888888889
2 0.75234375 0.6743055555555556 0.040625 0.0375
5 0.734375 0.9736111111111111 0.1328125 0.05
5 0.734375 0.9868055555555556 0.1328125 0.02361111111111111
5 0.7140625 0.9965277777777778 0.0921875 0.004166666666666667
5 0.850390625 0.9875 0.09765625 0.022222222222222223
5 0.846484375 0.9805555555555555 0.13203125 0.03611111111111111
5 0.846484375 0.9631944444444445 0.13203125 0.05694444444444444
5 0.95625 0.9805555555555555 0.0859375 0.03611111111111111
5 0.946484375 0.9895833333333334 0.09453125 0.018055555555555554
5 0.917578125 0.9986111111111111 0.00234375 0.0
5 0.947265625 0.9701388888888889 0.10390625 0.04861111111111111
5 0.947265625 0.9506944444444444 0.10390625 0.04583333333333333
5 0.946875 0.8423611111111111 0.1046875 0.0375
5 0.946875 0.8611111111111112 0.1046875 0.03888888888888889
5 0.947265625 0.8993055555555556 0.10390625 0.043055555555555555
5 0.947265625 0.8805555555555555 0.10390625 0.041666666666666664
5 0.947265625 0.9347222222222222 0.10390625 0.044444444444444446
5 0.947265625 0.9159722222222222 0.10390625 0.043055555555555555
5 0.946875 0.825 0.1046875 0.03888888888888889
5 0.946875 0.8048611111111111 0.1046875 0.04027777777777778
