5 0.980859375 0.9645833333333333 0.03671875 0.020833333333333332
5 0.860546875 0.9791666666666666 0.12421875 0.03888888888888889
5 0.110546875 0.8854166666666666 0.05859375 0.018055555555555554
5 0.63359375 0.8548611111111111 0.025 0.0125
0 0.69765625 0.7895833333333333 0.10625 0.1986111111111111
6 0.37734375 0.8666666666666667 0.084375 0.12222222222222222
6 0.378125 0.7611111111111111 0.084375 0.11666666666666667
2 0.997265625 0.7715277777777778 0.00390625 0.05694444444444444
1 0.080859375 0.7777777777777778 0.05390625 0.08333333333333333
1 0.1078125 0.7833333333333333 0.06875 0.09444444444444444
7 0.0 0.8222222222222222 0.0 0.002777777777777778
2 0.998046875 0.8298611111111112 0.00234375 0.05694444444444444
5 0.1390625 0.8923611111111112 0.0015625 0.004166666666666667
5 0.79765625 0.9916666666666667 0.1203125 0.013888888888888888
7 0.027734375 0.8173611111111111 0.03828125 0.0125
8 0.978125 0.9722222222222222 0.0421875 0.005555555555555556
2 0.998828125 0.8736111111111111 0.00078125 0.027777777777777776
5 0.63359375 0.8131944444444444 0.025 0.015277777777777777
5 0.9859375 0.8923611111111112 0.0265625 0.009722222222222222
1 0.134375 0.7854166666666667 0.015625 0.08472222222222223
8 0.94609375 0.9611111111111111 0.10625 0.06666666666666667
5 0.599609375 0.8375 0.02421875 0.013888888888888888
5 0.31484375 0.8819444444444444 0.0375 0.019444444444444445
6 0.483984375 0.8159722222222222 0.07578125 0.04027777777777778
5 0.97265625 0.9020833333333333 0.053125 0.0125
6 0.4390625 0.8548611111111111 0.0890625 0.1125
5 0.60078125 0.85 0.021875 0.013888888888888888
5 0.96640625 0.9854166666666667 0.065625 0.02638888888888889
8 0.1078125 0.9152777777777777 0.0609375 0.06111111111111111
0 0.4953125 0.8263888888888888 0.1953125 0.34444444444444444
5 0.5859375 0.8229166666666666 0.0515625 0.015277777777777777
3 0.499609375 0.9055555555555556 0.99921875 0.18611111111111112
5 0.75546875 0.9680555555555556 0.1203125 0.044444444444444446
8 0.1046875 0.9402777777777778 0.06875 0.06388888888888888
8 0.9421875 0.9479166666666666 0.040625 0.06527777777777778
8 0.089453125 0.9222222222222223 0.03671875 0.058333333333333334
5 0.946875 0.9319444444444445 0.1046875 0.03333333333333333
8 0.8609375 0.9861111111111112 0.140625 0.025
1 0.1234375 0.7819444444444444 0.034375 0.09166666666666666
5 0.633203125 0.8416666666666667 0.02421875 0.013888888888888888
5 0.67578125 0.9833333333333333 0.1359375 0.030555555555555555
5 0.105078125 0.90625 0.06796875 0.02638888888888889
8 0.969921875 0.8958333333333334 0.00078125 0.0
5 0.962890625 0.9138888888888889 0.07265625 0.016666666666666666
8 0.31796875 0.9083333333333333 0.04375 0.058333333333333334
8 0.969921875 0.9340277777777778 0.05546875 0.05694444444444444
8 0.67578125 0.9909722222222223 0.153125 0.015277777777777777
5 0.085546875 0.8958333333333334 0.03046875 0.019444444444444445
5 0.6328125 0.8277777777777777 0.0234375 0.013888888888888888
8 0.135546875 0.89375 0.00390625 0.001388888888888889
5 0.137109375 0.8763888888888889 0.00546875 0.002777777777777778
6 0.036328125 0.9083333333333333 0.07265625 0.16666666666666666
8 0.75234375 0.9763888888888889 0.128125 0.03611111111111111
8 0.95703125 0.9868055555555556 0.0578125 0.02361111111111111
