7 0.124609375 0.74375 0.04296875 0.0125
4 0.087109375 0.6715277777777777 0.00078125 0.020833333333333332
1 0.197265625 0.6277777777777778 0.03515625 0.06388888888888888
8 0.74296875 0.7340277777777777 0.0375 0.02638888888888889
5 0.6453125 0.7777777777777778 0.05 0.016666666666666666
7 0.045703125 0.7041666666666667 0.03984375 0.013888888888888888
7 0.1109375 0.8055555555555556 0.0640625 0.025
2 0.9296875 0.6604166666666667 0.0171875 0.02638888888888889
1 0.908203125 0.7034722222222223 0.04921875 0.11527777777777778
2 0.855078125 0.6576388888888889 0.01796875 0.001388888888888889
5 0.063671875 0.69375 0.03046875 0.009722222222222222
2 0.505859375 0.8743055555555556 0.12890625 0.09861111111111111
2 0.93984375 0.69375 0.003125 0.02638888888888889
4 0.180078125 0.7097222222222223 0.00078125 0.013888888888888888
7 0.090625 0.6513888888888889 0.0296875 0.008333333333333333
5 0.227734375 0.775 0.05859375 0.016666666666666666
8 0.4109375 0.70625 0.0015625 0.006944444444444444
8 0.23984375 0.7569444444444444 0.0 0.0
8 0.79140625 0.7111111111111111 0.0328125 0.027777777777777776
2 0.859765625 0.7180555555555556 0.04296875 0.03888888888888889
2 0.815625 0.6833333333333333 0.009375 0.030555555555555555
8 0.653125 0.8034722222222223 0.0078125 0.0375
1 0.098046875 0.6513888888888889 0.06328125 0.075
2 0.751171875 0.6854166666666667 0.03515625 0.02361111111111111
2 0.91875 0.6625 0.0328125 0.030555555555555555
8 0.662890625 0.7513888888888889 0.04609375 0.03611111111111111
5 0.7609375 0.7138888888888889 0.040625 0.011111111111111112
5 0.381640625 0.6902777777777778 0.03828125 0.005555555555555556
5 0.646484375 0.7243055555555555 0.03828125 0.0125
8 0.757421875 0.6986111111111111 0.01015625 0.008333333333333333
2 0.865625 0.6708333333333333 0.0359375 0.03333333333333333
5 0.227734375 0.7319444444444444 0.05859375 0.013888888888888888
5 0.227734375 0.7243055555555555 0.05859375 0.015277777777777777
5 0.227734375 0.6736111111111112 0.05859375 0.013888888888888888
2 0.5390625 0.8527777777777777 0.1203125 0.09166666666666666
2 0.857421875 0.6777777777777778 0.03828125 0.03333333333333333
2 0.612890625 0.8986111111111111 0.02578125 0.075
2 0.912109375 0.6736111111111112 0.03671875 0.03333333333333333
2 0.751171875 0.6618055555555555 0.03515625 0.029166666666666667
2 0.594921875 0.8173611111111111 0.10703125 0.07916666666666666
5 0.227734375 0.7659722222222223 0.05859375 0.015277777777777777
2 0.91953125 0.6763888888888889 0.01875 0.03333333333333333
1 0.25078125 0.6284722222222222 0.046875 0.06527777777777778
5 0.1 0.6923611111111111 0.040625 0.009722222222222222
2 0.898046875 0.91875 0.02109375 0.07916666666666666
5 0.227734375 0.7569444444444444 0.05859375 0.016666666666666666
5 0.70078125 0.7402777777777778 0.0328125 0.013888888888888888
2 0.9125 0.6465277777777778 0.015625 0.001388888888888889
2 0.78984375 0.6625 0.040625 0.030555555555555555
8 0.37109375 0.7097222222222223 0.0 0.022222222222222223
5 0.178515625 0.7680555555555556 0.05703125 0.016666666666666666
7 0.05390625 0.8229166666666666 0.0671875 0.02638888888888889
0 0.585546875 0.6375 0.04453125 0.1
8 0.366015625 0.7097222222222223 0.01015625 0.022222222222222223
2 0.929296875 0.7152777777777778 0.00234375 0.030555555555555555
2 0.584765625 0.9208333333333333 0.02890625 0.08055555555555556
5 0.178515625 0.7423611111111111 0.05703125 0.015277777777777777
8 0.7625 0.7270833333333333 0.04375 0.029166666666666667
8 0.724609375 0.7152777777777778 0.03984375 0.025
2 0.820703125 0.8951388888888889 0.13203125 0.10694444444444444
1 0.233203125 0.6298611111111111 0.05234375 0.0625
5 0.227734375 0.7402777777777778 0.05859375 0.016666666666666666
5 0.071875 0.7013888888888888 0.0140625 0.008333333333333333
5 0.4671875 0.8152777777777778 0.05 0.019444444444444445
2 0.925 0.6569444444444444 0.0328125 0.027777777777777776
0 0.983984375 0.8770833333333333 0.03046875 0.24305555555555555
5 0.509375 0.6520833333333333 0.0375 0.009722222222222222
8 0.715234375 0.7180555555555556 0.03671875 0.016666666666666666
5 0.715234375 0.7097222222222223 0.03671875 0.011111111111111112
2 0.88671875 0.6451388888888889 0.015625 0.001388888888888889
0 0.5515625 0.6868055555555556 0.06875 0.1486111111111111
2 0.869921875 0.6444444444444445 0.01640625 0.0
5 0.178515625 0.7506944444444444 0.05703125 0.015277777777777777
8 0.075 0.7763888888888889 0.0671875 0.04722222222222222
8 0.776953125 0.7208333333333333 0.03359375 0.027777777777777776
5 0.62890625 0.7854166666666667 0.046875 0.015277777777777777
2 0.886328125 0.7006944444444444 0.00859375 0.0125
5 0.550390625 0.6555555555555556 0.02578125 0.008333333333333333
5 0.1328125 0.7784722222222222 0.0484375 0.015277777777777777
4 0.126953125 0.7111111111111111 0.00859375 0.005555555555555556
8 0.387109375 0.7152777777777778 0.04140625 0.025
7 0.285546875 0.9583333333333334 0.09765625 0.044444444444444446
2 0.85078125 0.8506944444444444 0.115625 0.09027777777777778
5 0.543359375 0.6694444444444444 0.01171875 0.005555555555555556
2 0.9078125 0.7215277777777778 0.0421875 0.04027777777777778
2 0.50625 0.7833333333333333 0.075 0.044444444444444446
2 0.78984375 0.6354166666666666 0.040625 0.03194444444444444
5 0.099609375 0.7034722222222223 0.04140625 0.009722222222222222
2 0.8984375 0.6625 0.01875 0.0
2 0.9015625 0.6604166666666667 0.01875 0.001388888888888889
2 0.86953125 0.6416666666666667 0.0078125 0.0
1 0.26171875 0.63125 0.025 0.06527777777777778
5 0.227734375 0.7152777777777778 0.05859375 0.013888888888888888
5 0.1328125 0.7625 0.0484375 0.016666666666666666
7 0.113671875 0.6486111111111111 0.01640625 0.008333333333333333
5 0.516796875 0.6666666666666666 0.02265625 0.008333333333333333
7 0.40859375 0.8847222222222222 0.0640625 0.03611111111111111
2 0.505859375 0.9465277777777777 0.12890625 0.0875
5 0.137109375 0.7215277777777778 0.05703125 0.015277777777777777
8 0.38828125 0.7152777777777778 0.0 0.0
5 0.1328125 0.7451388888888889 0.0484375 0.015277777777777777
5 0.371484375 0.6958333333333333 0.02109375 0.008333333333333333
5 0.178515625 0.7756944444444445 0.05703125 0.015277777777777777
2 0.9171875 0.6444444444444445 0.0125 0.0
5 0.383203125 0.7055555555555556 0.03671875 0.008333333333333333
8 0.376171875 0.7180555555555556 0.02890625 0.019444444444444445
5 0.682421875 0.7284722222222222 0.03828125 0.0125
8 0.6828125 0.7409722222222223 0.04375 0.03194444444444444
5 0.728125 0.7298611111111111 0.0453125 0.0125
8 0.469140625 0.8041666666666667 0.00390625 0.002777777777777778
2 0.917578125 0.6777777777777778 0.01796875 0.030555555555555555
8 0.455078125 0.8270833333333333 0.03046875 0.02361111111111111
4 0.015234375 0.7673611111111112 0.01640625 0.07083333333333333
7 0.0546875 0.6569444444444444 0.0296875 0.008333333333333333
8 0.006640625 0.8180555555555555 0.01328125 0.03888888888888889
2 0.93203125 0.6583333333333333 0.015625 0.027777777777777776
5 0.227734375 0.6819444444444445 0.05859375 0.013888888888888888
6 0.454296875 0.6847222222222222 0.04140625 0.058333333333333334
5 0.227734375 0.6902777777777778 0.05859375 0.013888888888888888
5 0.227734375 0.6645833333333333 0.05859375 0.015277777777777777
2 0.869921875 0.675 0.01796875 0.030555555555555555
8 0.72890625 0.7423611111111111 0.05 0.029166666666666667
2 0.934765625 0.6993055555555555 0.01015625 0.034722222222222224
6 0.454296875 0.6354166666666666 0.04140625 0.05694444444444444
5 0.1328125 0.7298611111111111 0.0484375 0.015277777777777777
5 0.496875 0.8020833333333334 0.0546875 0.0125
5 0.178515625 0.7354166666666667 0.05703125 0.015277777777777777
5 0.519140625 0.6597222222222222 0.01796875 0.008333333333333333
5 0.77578125 0.7027777777777777 0.040625 0.008333333333333333
4 0.0765625 0.7548611111111111 0.009375 0.0625
7 0.366796875 0.9131944444444444 0.08828125 0.04027777777777778
8 0.697265625 0.7548611111111111 0.04609375 0.0375
5 0.227734375 0.7826388888888889 0.05859375 0.015277777777777777
8 0.626953125 0.7472222222222222 0.04296875 0.03611111111111111
5 0.178515625 0.7256944444444444 0.05703125 0.015277777777777777
5 0.099609375 0.6868055555555556 0.04140625 0.009722222222222222
6 0.49921875 0.6729166666666667 0.021875 0.05138888888888889
5 0.1328125 0.7375 0.0484375 0.013888888888888888
2 0.75390625 0.6333333333333333 0.040625 0.030555555555555555
5 0.177734375 0.7597222222222222 0.05546875 0.016666666666666666
5 0.72734375 0.6979166666666666 0.034375 0.006944444444444444
2 0.88125 0.7131944444444445 0.0046875 0.03194444444444444
2 0.637109375 0.8777777777777778 0.02265625 0.06944444444444445
1 0.073046875 0.6506944444444445 0.06328125 0.0763888888888889
5 0.7234375 0.7034722222222223 0.040625 0.009722222222222222
1 0.209765625 0.625 0.05078125 0.06111111111111111
2 0.85078125 0.6597222222222222 0.01875 0.0
5 0.37421875 0.7097222222222223 0.0265625 0.011111111111111112
8 0.73671875 0.7590277777777777 0.0453125 0.0375
2 0.55859375 0.7819444444444444 0.0734375 0.030555555555555555
2 0.890234375 0.6493055555555556 0.01328125 0.0125
5 0.227734375 0.6986111111111111 0.05859375 0.013888888888888888
5 0.364453125 0.7 0.00703125 0.005555555555555556
5 0.78515625 0.6986111111111111 0.0390625 0.011111111111111112
8 0.662109375 0.7958333333333333 0.02421875 0.041666666666666664
2 0.876171875 0.6548611111111111 0.03359375 0.018055555555555554
5 0.550390625 0.6465277777777778 0.02578125 0.009722222222222222
5 0.227734375 0.7486111111111111 0.05859375 0.016666666666666666
5 0.740234375 0.6951388888888889 0.03828125 0.009722222222222222
3 0.499609375 0.8201388888888889 0.99921875 0.35694444444444445
6 0.33828125 0.7111111111111111 0.0453125 0.06944444444444445
5 0.73671875 0.7236111111111111 0.04375 0.011111111111111112
5 0.04140625 0.6909722222222222 0.0390625 0.009722222222222222
8 0.7765625 0.7159722222222222 0.0453125 0.02638888888888889
5 0.1328125 0.7701388888888889 0.0484375 0.015277777777777777
5 0.77109375 0.7083333333333334 0.0390625 0.011111111111111112
5 0.1328125 0.7541666666666667 0.0484375 0.016666666666666666
8 0.613671875 0.7631944444444444 0.06796875 0.029166666666666667
1 0.921875 0.6826388888888889 0.0421875 0.10138888888888889
5 0.227734375 0.7076388888888889 0.05859375 0.015277777777777777
5 0.0046875 0.8013888888888889 0.009375 0.011111111111111112
5 0.558984375 0.6631944444444444 0.00390625 0.004166666666666667
0 0.395703125 0.7305555555555555 0.09765625 0.18888888888888888
5 0.41875 0.6951388888888889 0.0375 0.009722222222222222
2 0.568359375 0.8340277777777778 0.11328125 0.08472222222222223
7 0.248828125 0.7277777777777777 0.01953125 0.011111111111111112
1 0.8609375 0.6993055555555555 0.05 0.1125
8 0.646875 0.7375 0.04375 0.03333333333333333
2 0.88359375 0.6479166666666667 0.03125 0.015277777777777777
8 0.730859375 0.7097222222222223 0.04453125 0.022222222222222223
5 0.1 0.6979166666666666 0.040625 0.009722222222222222
5 0.0375 0.6979166666666666 0.03125 0.006944444444444444
8 0.4359375 0.7041666666666667 0.0125 0.019444444444444445
7 0.21171875 0.9861111111111112 0.1015625 0.025
5 0.62578125 0.7333333333333333 0.040625 0.013888888888888888
5 0.73671875 0.74375 0.040625 0.015277777777777777
1 0.291796875 0.6298611111111111 0.05234375 0.0625
7 0.03125 0.6604166666666667 0.01875 0.009722222222222222
6 0.310546875 0.7222222222222222 0.03203125 0.075
2 0.9046875 0.68125 0.0359375 0.034722222222222224
5 0.227734375 0.7916666666666666 0.05859375 0.016666666666666666
5 0.659375 0.7368055555555556 0.034375 0.015277777777777777
2 0.78984375 0.6868055555555556 0.040625 0.02638888888888889
5 0.177734375 0.7847222222222222 0.05546875 0.016666666666666666
2 0.872265625 0.6736111111111112 0.01796875 0.030555555555555555
5 0.406640625 0.6986111111111111 0.01171875 0.005555555555555556
1 0.87890625 0.6659722222222222 0.04375 0.07083333333333333
6 0.473046875 0.6798611111111111 0.03828125 0.05694444444444444
1 0.14765625 0.61875 0.0234375 0.059722222222222225
2 0.82109375 0.9618055555555556 0.13125 0.07361111111111111
