3 0.503515625 0.8284722222222223 0.99140625 0.3402777777777778
4 0.560546875 0.8291666666666667 0.01171875 0.07777777777777778
4 0.676171875 0.8798611111111111 0.04609375 0.09027777777777778
4 0.773828125 0.9118055555555555 0.01484375 0.09583333333333334
4 0.84921875 0.9465277777777777 0.0546875 0.10416666666666667
4 0.981640625 0.9666666666666667 0.00390625 0.06388888888888888
4 0.093359375 0.9041666666666667 0.00390625 0.030555555555555555
4 0.199609375 0.9868055555555556 0.02265625 0.02361111111111111
8 0.99921875 0.9784722222222222 0.0 0.001388888888888889
5 0.258203125 0.7208333333333333 0.05703125 0.016666666666666666
5 0.258203125 0.7208333333333333 0.05703125 0.016666666666666666
5 0.258203125 0.7208333333333333 0.05703125 0.016666666666666666
5 0.258203125 0.7097222222222223 0.05703125 0.019444444444444445
5 0.258203125 0.7097222222222223 0.05703125 0.019444444444444445
5 0.258203125 0.7097222222222223 0.05703125 0.019444444444444445
5 0.258203125 0.7305555555555555 0.05703125 0.016666666666666666
5 0.258203125 0.7305555555555555 0.05703125 0.016666666666666666
5 0.258203125 0.7305555555555555 0.05703125 0.016666666666666666
5 0.322265625 0.7215277777777778 0.05390625 0.015277777777777777
5 0.322265625 0.7215277777777778 0.05390625 0.015277777777777777
5 0.322265625 0.7215277777777778 0.05390625 0.015277777777777777
5 0.322265625 0.7125 0.05390625 0.016666666666666666
5 0.322265625 0.7125 0.05390625 0.016666666666666666
5 0.322265625 0.7125 0.05390625 0.016666666666666666
5 0.322265625 0.7027777777777777 0.05390625 0.013888888888888888
5 0.322265625 0.7027777777777777 0.05390625 0.013888888888888888
5 0.322265625 0.7027777777777777 0.05390625 0.013888888888888888
5 0.322265625 0.6909722222222222 0.05390625 0.018055555555555554
5 0.322265625 0.6909722222222222 0.05390625 0.018055555555555554
5 0.322265625 0.6909722222222222 0.05390625 0.018055555555555554
6 0.559765625 0.7527777777777778 0.03203125 0.06388888888888888
6 0.453515625 0.7326388888888888 0.00234375 0.06805555555555555
6 0.560546875 0.6895833333333333 0.03359375 0.08194444444444444
6 0.713671875 0.8194444444444444 0.06640625 0.1111111111111111
6 0.794140625 0.8375 0.07265625 0.1111111111111111
7 0.661328125 0.9729166666666667 0.08984375 0.05138888888888889
7 0.141796875 0.9944444444444445 0.02890625 0.008333333333333333
7 0.426953125 0.8243055555555555 0.05546875 0.029166666666666667
7 0.594140625 0.8972222222222223 0.07734375 0.03888888888888889
6 0.252734375 0.9409722222222222 0.13046875 0.11527777777777778
6 0.06875 0.9611111111111111 0.1375 0.075
8 0.863671875 0.9159722222222222 0.06484375 0.0763888888888889
5 0.866796875 0.8958333333333334 0.05859375 0.03611111111111111
8 0.8390625 0.9277777777777778 0.09375 0.07222222222222222
5 0.840234375 0.9104166666666667 0.08359375 0.0375
8 0.61640625 0.8416666666666667 0.0703125 0.04722222222222222
5 0.616015625 0.8201388888888889 0.06328125 0.02361111111111111
8 0.58359375 0.8284722222222223 0.06875 0.04583333333333333
5 0.583203125 0.8083333333333333 0.06171875 0.022222222222222223
8 0.565234375 0.8180555555555555 0.04296875 0.044444444444444446
5 0.563671875 0.7979166666666667 0.03984375 0.020833333333333332
8 0.551953125 0.8013888888888889 0.01015625 0.030555555555555555
5 0.548828125 0.7854166666666667 0.01015625 0.009722222222222222
8 0.60546875 0.7986111111111112 0.0640625 0.025
5 0.60546875 0.7875 0.0578125 0.019444444444444445
8 0.576171875 0.7875 0.06171875 0.022222222222222223
5 0.576171875 0.7777777777777778 0.05546875 0.019444444444444445
8 0.628125 0.8159722222222222 0.05 0.04027777777777778
5 0.63046875 0.7965277777777777 0.0484375 0.020833333333333332
8 0.644921875 0.8243055555555555 0.01953125 0.034722222222222224
5 0.646484375 0.8097222222222222 0.01640625 0.016666666666666666
8 0.762109375 0.7104166666666667 0.04609375 0.02361111111111111
5 0.76171875 0.6986111111111111 0.040625 0.008333333333333333
8 0.737109375 0.7048611111111112 0.04453125 0.02361111111111111
5 0.737109375 0.69375 0.03984375 0.009722222222222222
8 0.78671875 0.7159722222222222 0.046875 0.02361111111111111
5 0.786328125 0.7041666666666667 0.04140625 0.011111111111111112
8 0.791796875 0.7180555555555556 0.00390625 0.016666666666666666
5 0.803125 0.7076388888888889 0.0203125 0.006944444444444444
8 0.704296875 0.7125 0.04609375 0.027777777777777776
5 0.70390625 0.7 0.040625 0.011111111111111112
8 0.728125 0.71875 0.0453125 0.029166666666666667
5 0.72890625 0.7055555555555556 0.0421875 0.011111111111111112
8 0.753515625 0.7236111111111111 0.04765625 0.030555555555555555
5 0.753515625 0.7104166666666667 0.04296875 0.0125
8 0.775 0.7305555555555555 0.0375 0.030555555555555555
5 0.77734375 0.7159722222222222 0.0375 0.0125
8 0.954296875 0.7583333333333333 0.04453125 0.03333333333333333
5 0.95 0.7416666666666667 0.0453125 0.016666666666666666
8 0.96796875 0.7513888888888889 0.05 0.03611111111111111
5 0.96875 0.7368055555555556 0.0484375 0.015277777777777777
8 0.9421875 0.7638888888888888 0.0296875 0.03333333333333333
5 0.940234375 0.7479166666666667 0.02578125 0.015277777777777777
8 0.9046875 0.7631944444444444 0.053125 0.02361111111111111
5 0.902734375 0.7506944444444444 0.04921875 0.015277777777777777
8 0.884375 0.7222222222222222 0.0078125 0.002777777777777778
5 0.878125 0.7208333333333333 0.015625 0.008333333333333333
8 0.883984375 0.7416666666666667 0.00078125 0.0
5 0.887109375 0.7263888888888889 0.01796875 0.011111111111111112
8 0.885546875 0.7541666666666667 0.01171875 0.027777777777777776
5 0.887109375 0.7361111111111112 0.01796875 0.013888888888888888
8 0.881640625 0.7430555555555556 0.00234375 0.002777777777777778
5 0.878515625 0.7423611111111111 0.00078125 0.004166666666666667
0 0.844140625 0.7208333333333333 0.10390625 0.175
0 0.43359375 0.6701388888888888 0.0421875 0.12916666666666668
0 0.19765625 0.9673611111111111 0.234375 0.0625
1 0.0109375 0.8819444444444444 0.00625 0.16666666666666666
1 0.022265625 0.9729166666666667 0.04140625 0.05138888888888889
1 0.08828125 0.9340277777777778 0.153125 0.12916666666666668
1 0.870703125 0.6111111111111112 0.01640625 0.016666666666666666
2 0.875390625 0.6159722222222223 0.02109375 0.009722222222222222
2 0.883984375 0.6243055555555556 0.01640625 0.020833333333333332
2 0.890234375 0.6125 0.01328125 0.0
2 0.891796875 0.625 0.01015625 0.022222222222222223
2 0.89609375 0.6138888888888889 0.0015625 0.0
1 0.978515625 0.65 0.02890625 0.075
2 0.976953125 0.6652777777777777 0.00546875 0.002777777777777778
2 0.9890625 0.6548611111111111 0.0046875 0.001388888888888889
2 0.980078125 0.6263888888888889 0.02578125 0.008333333333333333
2 0.98671875 0.6694444444444444 0.0125 0.027777777777777776
2 0.986328125 0.6368055555555555 0.01328125 0.02638888888888889
2 0.99140625 0.6236111111111111 0.003125 0.0
2 0.99296875 0.6381944444444444 0.0 0.02361111111111111
1 0.8453125 0.6430555555555556 0.065625 0.06666666666666667
2 0.81796875 0.6555555555555556 0.00625 0.011111111111111112
2 0.818359375 0.6256944444444444 0.00703125 0.015277777777777777
2 0.8625 0.6291666666666667 0.0265625 0.016666666666666666
2 0.84453125 0.6756944444444445 0.0109375 0.001388888888888889
2 0.841796875 0.6194444444444445 0.00546875 0.0
2 0.84375 0.61875 0.009375 0.001388888888888889
2 0.847265625 0.6284722222222222 0.01640625 0.015277777777777777
2 0.852734375 0.6201388888888889 0.01328125 0.001388888888888889
1 0.960546875 0.6652777777777777 0.05859375 0.09444444444444444
2 0.93046875 0.6708333333333333 0.0046875 0.013888888888888888
2 0.937109375 0.6631944444444444 0.01015625 0.001388888888888889
2 0.93671875 0.6340277777777777 0.0171875 0.0125
2 0.972265625 0.6472222222222223 0.02890625 0.027777777777777776
2 0.959375 0.6805555555555556 0.0546875 0.03333333333333333
2 0.940234375 0.6444444444444445 0.01796875 0.027777777777777776
2 0.951171875 0.6298611111111111 0.01484375 0.001388888888888889
2 0.9546875 0.6458333333333334 0.0203125 0.027777777777777776
2 0.9640625 0.63125 0.0171875 0.001388888888888889
1 0.788671875 0.6569444444444444 0.06640625 0.08611111111111111
2 0.772265625 0.625 0.02734375 0.002777777777777778
2 0.80625 0.6409722222222223 0.028125 0.02638888888888889
2 0.800390625 0.6743055555555556 0.03984375 0.029166666666666667
2 0.778515625 0.6263888888888889 0.01796875 0.002777777777777778
2 0.788671875 0.625 0.01484375 0.0
2 0.790625 0.6277777777777778 0.01875 0.002777777777777778
2 0.796875 0.6263888888888889 0.0140625 0.0
1 0.896875 0.6729166666666667 0.0765625 0.09583333333333334
2 0.875390625 0.6381944444444444 0.02734375 0.004166666666666667
2 0.930078125 0.6548611111111111 0.00390625 0.02638888888888889
2 0.9125 0.6930555555555555 0.0390625 0.027777777777777776
2 0.88203125 0.6402777777777777 0.015625 0.002777777777777778
2 0.89140625 0.6381944444444444 0.0109375 0.001388888888888889
2 0.8921875 0.6416666666666667 0.009375 0.002777777777777778
1 0.765234375 0.65625 0.06796875 0.07916666666666666
2 0.741796875 0.6743055555555556 0.01640625 0.02638888888888889
2 0.75 0.6604166666666667 0.0125 0.001388888888888889
2 0.74765625 0.6388888888888888 0.028125 0.027777777777777776
2 0.781640625 0.6444444444444445 0.02890625 0.027777777777777776
2 0.77109375 0.6770833333333334 0.0515625 0.03194444444444444
2 0.754296875 0.6409722222222223 0.01953125 0.02638888888888889
2 0.76328125 0.6284722222222222 0.0171875 0.001388888888888889
2 0.765234375 0.64375 0.01953125 0.02638888888888889
2 0.773828125 0.6298611111111111 0.01640625 0.001388888888888889
1 0.86796875 0.6756944444444445 0.0578125 0.09305555555555556
2 0.84765625 0.6916666666666667 0.0171875 0.030555555555555555
2 0.85234375 0.6763888888888889 0.0078125 0.0
2 0.851953125 0.6541666666666667 0.02578125 0.030555555555555555
2 0.8875 0.6597222222222222 0.01875 0.030555555555555555
2 0.8734375 0.6958333333333333 0.046875 0.03611111111111111
2 0.85625 0.6555555555555556 0.0125 0.027777777777777776
2 0.871875 0.6409722222222223 0.0171875 0.001388888888888889
2 0.873046875 0.6576388888888889 0.01953125 0.02638888888888889
2 0.88359375 0.6430555555555556 0.0125 0.002777777777777778
2 0.56484375 0.6847222222222222 0.0296875 0.03611111111111111
2 0.57890625 0.6666666666666666 0.0015625 0.0
2 0.60703125 0.69375 0.0546875 0.034722222222222224
2 0.64453125 0.6909722222222222 0.0203125 0.029166666666666667
2 0.607421875 0.6652777777777777 0.05390625 0.03333333333333333
2 0.644921875 0.6638888888888889 0.02109375 0.027777777777777776
2 0.607421875 0.6368055555555555 0.05390625 0.034722222222222224
2 0.63203125 0.6333333333333333 0.046875 0.03333333333333333
5 0.953515625 0.8993055555555556 0.09140625 0.04583333333333333
5 0.953515625 0.9180555555555555 0.09140625 0.03611111111111111
5 0.953515625 0.9305555555555556 0.09140625 0.03611111111111111
5 0.953515625 0.9451388888888889 0.09140625 0.0375
5 0.953515625 0.9729166666666667 0.09140625 0.0375
5 0.953515625 0.9590277777777778 0.09140625 0.0375
5 0.953515625 0.9888888888888889 0.09140625 0.019444444444444445
5 0.953515625 0.9819444444444444 0.09140625 0.03333333333333333
5 0.032421875 0.9854166666666667 0.02734375 0.020833333333333332
5 0.045703125 0.9902777777777778 0.00390625 0.005555555555555556
5 0.984375 0.8868055555555555 0.0296875 0.009722222222222222
5 0.979296875 0.8756944444444444 0.03984375 0.03194444444444444
5 0.162109375 0.9833333333333333 0.07265625 0.022222222222222223
5 0.1625 0.9465277777777777 0.0640625 0.018055555555555554
5 0.157421875 0.9319444444444445 0.08203125 0.030555555555555555
