5 0.098046875 0.5895833333333333 0.08046875 0.015277777777777777
3 0.499609375 0.8715277777777778 0.99921875 0.25416666666666665
5 0.0953125 0.7027777777777777 0.08125 0.011111111111111112
5 0.096875 0.6465277777777778 0.08125 0.0125
2 0.369921875 0.7229166666666667 0.23203125 0.12638888888888888
5 0.09765625 0.6125 0.08125 0.013888888888888888
2 0.51796875 0.6159722222222223 0.0625 0.11805555555555555
8 0.7890625 0.7326388888888888 0.0578125 0.043055555555555555
1 0.18203125 0.7006944444444444 0.0578125 0.05694444444444444
8 0.73828125 0.7326388888888888 0.0625 0.04027777777777778
8 0.660546875 0.7326388888888888 0.02734375 0.05416666666666667
5 0.032421875 0.7270833333333333 0.06484375 0.009722222222222222
5 0.032421875 0.7381944444444445 0.06484375 0.009722222222222222
8 0.794140625 0.7256944444444444 0.04296875 0.001388888888888889
5 0.012109375 0.6840277777777778 0.01171875 0.004166666666666667
5 0.0984375 0.5784722222222223 0.08125 0.015277777777777777
1 0.158203125 0.7020833333333333 0.04296875 0.06527777777777778
8 0.75625 0.7416666666666667 0.009375 0.013888888888888888
5 0.096875 0.6576388888888889 0.08125 0.0125
5 0.0125 0.6722222222222223 0.0109375 0.005555555555555556
5 0.720703125 0.7166666666666667 0.03515625 0.002777777777777778
2 0.806640625 0.6625 0.02109375 0.03333333333333333
8 0.790625 0.7326388888888888 0.0546875 0.034722222222222224
7 0.17265625 0.7534722222222222 0.1421875 0.04027777777777778
1 0.13671875 0.7034722222222223 0.021875 0.05138888888888889
5 0.0953125 0.7152777777777778 0.08125 0.011111111111111112
5 0.694921875 0.7138888888888889 0.04921875 0.008333333333333333
5 0.765234375 0.7159722222222222 0.02890625 0.004166666666666667
5 0.037109375 0.6930555555555555 0.07421875 0.011111111111111112
5 0.09609375 0.6805555555555556 0.08125 0.011111111111111112
8 0.782421875 0.7326388888888888 0.06640625 0.0375
7 0.032421875 0.7583333333333333 0.06484375 0.04722222222222222
4 0.129296875 0.7069444444444445 0.00859375 0.044444444444444446
2 0.62421875 0.6354166666666666 0.04375 0.09583333333333334
5 0.791015625 0.7138888888888889 0.05390625 0.008333333333333333
0 0.564453125 0.575 0.03359375 0.008333333333333333
5 0.011328125 0.7173611111111111 0.01171875 0.004166666666666667
5 0.09765625 0.6006944444444444 0.08125 0.015277777777777777
8 0.71796875 0.7347222222222223 0.053125 0.03333333333333333
1 0.033203125 0.6583333333333333 0.06640625 0.013888888888888888
5 0.059375 0.7486111111111111 0.0265625 0.008333333333333333
5 0.657421875 0.7083333333333334 0.02109375 0.011111111111111112
8 0.7625 0.7361111111111112 0.0515625 0.025
2 0.575390625 0.6263888888888889 0.05234375 0.10555555555555556
5 0.00859375 0.6951388888888889 0.0171875 0.006944444444444444
5 0.094921875 0.7270833333333333 0.08203125 0.009722222222222222
5 0.738671875 0.7173611111111111 0.00078125 0.001388888888888889
5 0.08671875 0.75 0.059375 0.011111111111111112
6 0.246875 0.7027777777777777 0.015625 0.06666666666666667
7 0.1546875 0.7354166666666667 0.028125 0.001388888888888889
1 0.2484375 0.6743055555555556 0.0109375 0.001388888888888889
5 0.037109375 0.6819444444444445 0.07421875 0.011111111111111112
8 0.673828125 0.7326388888888888 0.05390625 0.05138888888888889
5 0.0109375 0.7284722222222222 0.0109375 0.004166666666666667
5 0.033203125 0.6708333333333333 0.06640625 0.011111111111111112
8 0.6921875 0.7326388888888888 0.0609375 0.04027777777777778
2 0.624609375 0.725 0.04453125 0.09444444444444444
8 0.658984375 0.7305555555555555 0.02421875 0.019444444444444445
5 0.09609375 0.6909722222222222 0.08125 0.0125
5 0.094921875 0.7381944444444445 0.08203125 0.009722222222222222
8 0.135546875 0.725 0.02109375 0.022222222222222223
6 0.2296875 0.7 0.0484375 0.07222222222222222
0 0.316796875 0.5333333333333333 0.08359375 0.03333333333333333
1 0.01953125 0.6618055555555555 0.0046875 0.006944444444444444
5 0.096875 0.6354166666666666 0.08125 0.0125
2 0.518359375 0.7236111111111111 0.06328125 0.11388888888888889
5 0.03671875 0.7159722222222222 0.0734375 0.009722222222222222
5 0.13359375 0.7145833333333333 0.0171875 0.006944444444444444
2 0.90703125 0.5861111111111111 0.184375 0.14444444444444443
2 0.3703125 0.6027777777777777 0.23125 0.13055555555555556
1 0.22421875 0.7027777777777777 0.05625 0.06388888888888888
5 0.68203125 0.7097222222222223 0.0265625 0.011111111111111112
5 0.0328125 0.7041666666666667 0.065625 0.011111111111111112
5 0.01171875 0.7055555555555556 0.0109375 0.005555555555555556
5 0.01171875 0.7361111111111112 0.009375 0.0
5 0.097265625 0.6243055555555556 0.08046875 0.015277777777777777
8 0.806640625 0.73125 0.01796875 0.015277777777777777
8 0.6765625 0.7326388888888888 0.0515625 0.034722222222222224
8 0.785546875 0.7326388888888888 0.05546875 0.015277777777777777
2 0.80703125 0.6944444444444444 0.0203125 0.027777777777777776
1 0.196875 0.7020833333333333 0.04375 0.06527777777777778
2 0.576171875 0.7243055555555555 0.05234375 0.10138888888888889
8 0.656640625 0.7284722222222222 0.01953125 0.05416666666666667
8 0.81328125 0.7375 0.0015625 0.0
5 0.741015625 0.7138888888888889 0.04453125 0.008333333333333333
7 0.241015625 0.7520833333333333 0.02578125 0.03194444444444444
5 0.09609375 0.66875 0.08125 0.0125
5 0.79140625 0.7159722222222222 0.04375 0.004166666666666667
2 0.8140625 0.7270833333333333 0.003125 0.001388888888888889
2 0.908203125 0.7215277777777778 0.18203125 0.14027777777777778
