3 0.499609375 0.9305555555555556 0.99921875 0.1361111111111111
5 0.185546875 0.9131944444444444 0.08828125 0.034722222222222224
5 0.185546875 0.9131944444444444 0.08828125 0.034722222222222224
5 0.185546875 0.9131944444444444 0.08828125 0.034722222222222224
5 0.1859375 0.89375 0.0890625 0.034722222222222224
5 0.1859375 0.89375 0.0890625 0.034722222222222224
5 0.1859375 0.89375 0.0890625 0.034722222222222224
5 0.185546875 0.9305555555555556 0.08828125 0.03333333333333333
5 0.185546875 0.9305555555555556 0.08828125 0.03333333333333333
5 0.185546875 0.9305555555555556 0.08828125 0.03333333333333333
5 0.30859375 0.9194444444444444 0.0875 0.030555555555555555
5 0.30859375 0.9194444444444444 0.0875 0.030555555555555555
5 0.30859375 0.9194444444444444 0.0875 0.030555555555555555
5 0.30859375 0.9027777777777778 0.0875 0.03333333333333333
5 0.30859375 0.9027777777777778 0.0875 0.03333333333333333
5 0.30859375 0.9027777777777778 0.0875 0.03333333333333333
5 0.30859375 0.8840277777777777 0.0875 0.029166666666666667
5 0.30859375 0.8840277777777777 0.0875 0.029166666666666667
5 0.30859375 0.8840277777777777 0.0875 0.029166666666666667
5 0.30859375 0.8666666666666667 0.0875 0.030555555555555555
5 0.30859375 0.8666666666666667 0.0875 0.030555555555555555
5 0.30859375 0.8666666666666667 0.0875 0.030555555555555555
6 0.476953125 0.9972222222222222 0.01015625 0.002777777777777778
6 0.458984375 0.9569444444444445 0.09609375 0.08333333333333333
6 0.5328125 0.9125 0.121875 0.17222222222222222
6 0.483984375 0.9708333333333333 0.08828125 0.05555555555555555
8 0.985546875 0.9645833333333333 0.02734375 0.05416666666666667
5 0.987890625 0.9444444444444444 0.02265625 0.022222222222222223
0 0.491796875 0.8513888888888889 0.07421875 0.24722222222222223
2 0.7671875 0.8819444444444444 0.04375 0.06944444444444445
2 0.83984375 0.9048611111111111 0.1015625 0.07361111111111111
2 0.921484375 0.90625 0.06171875 0.059722222222222225
2 0.839453125 0.8513888888888889 0.10078125 0.06944444444444445
2 0.920703125 0.8534722222222222 0.06171875 0.05694444444444444
2 0.8390625 0.7986111111111112 0.1 0.06944444444444445
2 0.899609375 0.7958333333333333 0.10234375 0.06666666666666667
