3 0.251953125 0.6465277777777778 0.50390625 0.07083333333333333
4 0.050390625 0.6722222222222223 0.01953125 0.013888888888888888
4 0.0 0.675 0.0 0.013888888888888888
8 0.199609375 0.6263888888888889 0.02109375 0.016666666666666666
5 0.151953125 0.6069444444444444 0.01953125 0.005555555555555556
5 0.151953125 0.6069444444444444 0.01953125 0.005555555555555556
5 0.151953125 0.6069444444444444 0.01953125 0.005555555555555556
5 0.1515625 0.5993055555555555 0.0203125 0.006944444444444444
5 0.1515625 0.5993055555555555 0.0203125 0.006944444444444444
5 0.1515625 0.5993055555555555 0.0203125 0.006944444444444444
5 0.151953125 0.6125 0.01953125 0.005555555555555556
5 0.151953125 0.6125 0.01953125 0.005555555555555556
5 0.151953125 0.6125 0.01953125 0.005555555555555556
5 0.12578125 0.6145833333333334 0.0078125 0.004166666666666667
5 0.12578125 0.6145833333333334 0.0078125 0.004166666666666667
5 0.12578125 0.6145833333333334 0.0078125 0.004166666666666667
5 0.125390625 0.6083333333333333 0.00703125 0.005555555555555556
5 0.125390625 0.6083333333333333 0.00703125 0.005555555555555556
5 0.125390625 0.6083333333333333 0.00703125 0.005555555555555556
5 0.125390625 0.6027777777777777 0.00703125 0.005555555555555556
5 0.125390625 0.6027777777777777 0.00703125 0.005555555555555556
5 0.125390625 0.6027777777777777 0.00703125 0.005555555555555556
5 0.125 0.5951388888888889 0.0078125 0.006944444444444444
5 0.125 0.5951388888888889 0.0078125 0.006944444444444444
5 0.125 0.5951388888888889 0.0078125 0.006944444444444444
6 0.21015625 0.5979166666666667 0.021875 0.02638888888888889
6 0.21953125 0.5979166666666667 0.003125 0.02638888888888889
6 0.19765625 0.5708333333333333 0.0171875 0.030555555555555555
6 0.194921875 0.5986111111111111 0.01171875 0.022222222222222223
7 0.296484375 0.6388888888888888 0.01796875 0.002777777777777778
7 0.33046875 0.6368055555555555 0.0140625 0.004166666666666667
7 0.0203125 0.6534722222222222 0.0140625 0.004166666666666667
0 0.683203125 0.6354166666666666 0.07109375 0.0125
1 0.509375 0.625 0.040625 0.05277777777777778
1 0.48828125 0.625 0.03125 0.05277777777777778
1 0.48828125 0.6222222222222222 0.03125 0.06111111111111111
1 0.478125 0.6256944444444444 0.0109375 0.05416666666666667
1 0.480859375 0.6208333333333333 0.01640625 0.058333333333333334
1 0.48125 0.6020833333333333 0.0171875 0.05416666666666667
1 0.227734375 0.6388888888888888 0.06484375 0.06111111111111111
1 0.2234375 0.6368055555555555 0.0625 0.06527777777777778
1 0.04140625 0.6472222222222223 0.0625 0.06666666666666667
1 0.040234375 0.6506944444444445 0.06484375 0.0625
1 0.96015625 0.9875 0.0390625 0.022222222222222223
2 0.921484375 0.9895833333333334 0.06640625 0.018055555555555554
2 0.874609375 0.99375 0.05078125 0.009722222222222222
2 0.896875 0.9979166666666667 0.0109375 0.001388888888888889
2 0.8421875 0.9972222222222222 0.021875 0.002777777777777778
2 0.9625 0.9819444444444444 0.0734375 0.03333333333333333
5 0.098046875 0.6479166666666667 0.00859375 0.004166666666666667
5 0.098046875 0.6423611111111112 0.00859375 0.006944444444444444
5 0.098046875 0.6326388888888889 0.00859375 0.006944444444444444
5 0.098046875 0.6388888888888888 0.00859375 0.002777777777777778
