3 0.499609375 0.8152777777777778 0.99921875 0.36666666666666664
4 0.271484375 0.7465277777777778 0.00078125 0.05416666666666667
4 0.13203125 0.7916666666666666 0.0 0.03611111111111111
4 0.066015625 0.7951388888888888 0.01171875 0.0125
4 0.004296875 0.8604166666666667 0.00859375 0.0763888888888889
4 0.01875 0.7027777777777777 0.0015625 0.027777777777777776
8 0.02109375 0.8861111111111111 0.0421875 0.05277777777777778
8 0.6703125 0.8722222222222222 0.08125 0.058333333333333334
5 0.5 0.6645833333333333 0.0421875 0.009722222222222222
5 0.5 0.6645833333333333 0.0421875 0.009722222222222222
5 0.5 0.6645833333333333 0.0421875 0.009722222222222222
5 0.5 0.6548611111111111 0.0421875 0.0125
5 0.5 0.6548611111111111 0.0421875 0.0125
5 0.5 0.6548611111111111 0.0421875 0.0125
5 0.5 0.6729166666666667 0.0421875 0.009722222222222222
5 0.5 0.6729166666666667 0.0421875 0.009722222222222222
5 0.5 0.6729166666666667 0.0421875 0.009722222222222222
5 0.549609375 0.6777777777777778 0.03515625 0.008333333333333333
5 0.549609375 0.6777777777777778 0.03515625 0.008333333333333333
5 0.549609375 0.6777777777777778 0.03515625 0.008333333333333333
5 0.549609375 0.6701388888888888 0.03515625 0.009722222222222222
5 0.549609375 0.6701388888888888 0.03515625 0.009722222222222222
5 0.549609375 0.6701388888888888 0.03515625 0.009722222222222222
5 0.55 0.6618055555555555 0.0359375 0.009722222222222222
5 0.55 0.6618055555555555 0.0359375 0.009722222222222222
5 0.55 0.6618055555555555 0.0359375 0.009722222222222222
5 0.553125 0.6506944444444445 0.0421875 0.0125
5 0.553125 0.6506944444444445 0.0421875 0.0125
5 0.553125 0.6506944444444445 0.0421875 0.0125
6 0.45 0.7194444444444444 0.046875 0.07222222222222222
6 0.489453125 0.6986111111111111 0.04140625 0.06666666666666667
6 0.451171875 0.6618055555555555 0.04921875 0.07083333333333333
6 0.470703125 0.7083333333333334 0.04453125 0.06944444444444445
6 0.30859375 0.7708333333333334 0.05 0.08611111111111111
6 0.28125 0.7930555555555555 0.034375 0.09722222222222222
7 0.045703125 0.9486111111111111 0.08203125 0.041666666666666664
7 0.00703125 0.9861111111111112 0.0140625 0.025
7 0.06328125 0.8131944444444444 0.053125 0.029166666666666667
7 0.3125 0.73125 0.0421875 0.004166666666666667
7 0.22109375 0.7875 0.0046875 0.013888888888888888
7 0.05078125 0.6423611111111112 0.01875 0.004166666666666667
7 0.000390625 0.6618055555555555 0.00078125 0.004166666666666667
8 0.20859375 0.8305555555555556 0.0 0.0
5 0.148046875 0.8104166666666667 0.01640625 0.004166666666666667
8 0.2828125 0.7756944444444445 0.0015625 0.0125
5 0.28203125 0.75625 0.0 0.006944444444444444
8 0.36796875 0.7395833333333334 0.0109375 0.009722222222222222
5 0.34921875 0.7375 0.0421875 0.011111111111111112
8 0.3828125 0.7319444444444444 0.021875 0.011111111111111112
5 0.3765625 0.7291666666666666 0.028125 0.013888888888888888
8 0.39140625 0.7597222222222222 0.05 0.03333333333333333
5 0.38828125 0.74375 0.040625 0.015277777777777777
8 0.41171875 0.7486111111111111 0.05 0.03333333333333333
5 0.412109375 0.7333333333333333 0.04609375 0.011111111111111112
8 0.390234375 0.7652777777777777 0.02734375 0.030555555555555555
5 0.38125 0.7513888888888889 0.0375 0.013888888888888888
8 0.370703125 0.78125 0.01640625 0.03194444444444444
5 0.370703125 0.7638888888888888 0.01640625 0.013888888888888888
8 0.831640625 0.7576388888888889 0.03984375 0.029166666666666667
5 0.82734375 0.74375 0.0421875 0.0125
8 0.83359375 0.75 0.0484375 0.03333333333333333
5 0.833203125 0.7354166666666667 0.04453125 0.0125
8 0.82265625 0.7694444444444445 0.0515625 0.03611111111111111
5 0.821875 0.7534722222222222 0.046875 0.015277777777777777
8 0.8171875 0.7805555555555556 0.0484375 0.03611111111111111
5 0.815625 0.7645833333333333 0.0453125 0.018055555555555554
8 0.797265625 0.7451388888888889 0.00546875 0.020833333333333332
5 0.78203125 0.7305555555555555 0.0359375 0.013888888888888888
8 0.773046875 0.74375 0.04921875 0.02361111111111111
5 0.771875 0.7375 0.0453125 0.011111111111111112
8 0.767578125 0.7638888888888888 0.03828125 0.022222222222222223
5 0.767578125 0.7465277777777778 0.03828125 0.015277777777777777
8 0.7578125 0.7694444444444445 0.053125 0.027777777777777776
5 0.756640625 0.7576388888888889 0.04765625 0.018055555555555554
8 0.7578125 0.8361111111111111 0.0515625 0.05
5 0.7578125 0.8173611111111111 0.0453125 0.02638888888888889
8 0.807421875 0.8409722222222222 0.05078125 0.05694444444444444
5 0.806640625 0.825 0.04453125 0.027777777777777776
8 0.71953125 0.8298611111111112 0.040625 0.04861111111111111
5 0.718359375 0.8125 0.03828125 0.025
8 0.666015625 0.8236111111111111 0.04453125 0.03888888888888889
5 0.6671875 0.8048611111111111 0.0421875 0.02361111111111111
8 0.79453125 0.7944444444444444 0.0546875 0.03888888888888889
5 0.79375 0.7833333333333333 0.05 0.016666666666666666
8 0.790625 0.8076388888888889 0.053125 0.04027777777777778
5 0.7890625 0.7979166666666667 0.05 0.020833333333333332
8 0.732421875 0.8083333333333333 0.04609375 0.05
5 0.733203125 0.7930555555555555 0.04296875 0.022222222222222223
8 0.689453125 0.8013888888888889 0.04921875 0.03888888888888889
5 0.689453125 0.7861111111111111 0.04296875 0.019444444444444445
8 0.69765625 0.94375 0.08125 0.059722222222222225
5 0.696484375 0.9201388888888888 0.07265625 0.034722222222222224
8 0.71640625 0.9166666666666666 0.0734375 0.06666666666666667
5 0.7140625 0.8979166666666667 0.06875 0.03194444444444444
8 0.596875 0.9902777777777778 0.0 0.0
5 0.61015625 0.99375 0.0390625 0.009722222222222222
8 0.61875 0.9777777777777777 0.0296875 0.03333333333333333
5 0.628515625 0.9770833333333333 0.04296875 0.034722222222222224
8 0.52578125 0.9833333333333333 0.0953125 0.030555555555555555
5 0.524609375 0.9826388888888888 0.08515625 0.03194444444444444
8 0.554296875 0.9701388888888889 0.08984375 0.05694444444444444
5 0.552734375 0.9611111111111111 0.08046875 0.041666666666666664
0 0.41484375 0.8479166666666667 0.103125 0.2625
0 0.57890625 0.7493055555555556 0.075 0.19027777777777777
0 0.59375 0.6493055555555556 0.0515625 0.11527777777777778
1 0.25390625 0.6270833333333333 0.059375 0.07361111111111111
1 0.233203125 0.6340277777777777 0.05390625 0.07916666666666666
1 0.20859375 0.6263888888888889 0.053125 0.075
1 0.187890625 0.63125 0.06015625 0.07361111111111111
1 0.1609375 0.6208333333333333 0.0578125 0.06944444444444445
1 0.149609375 0.6291666666666667 0.03671875 0.06944444444444445
1 0.091015625 0.6083333333333333 0.02890625 0.06944444444444445
1 0.03515625 0.6736111111111112 0.0703125 0.09444444444444444
1 0.0203125 0.6659722222222222 0.040625 0.08472222222222223
1 0.98359375 0.7145833333333333 0.03125 0.1125
2 0.985546875 0.6729166666666667 0.02734375 0.006944444444444444
2 0.98515625 0.6902777777777778 0.028125 0.022222222222222223
2 0.980859375 0.6743055555555556 0.01796875 0.004166666666666667
2 0.9953125 0.6756944444444445 0.0078125 0.001388888888888889
2 0.98046875 0.6777777777777778 0.01875 0.002777777777777778
2 0.994921875 0.6784722222222223 0.00859375 0.001388888888888889
1 0.98359375 0.7569444444444444 0.03125 0.1388888888888889
2 0.9859375 0.7055555555555556 0.0265625 0.008333333333333333
2 0.98515625 0.7361111111111112 0.028125 0.041666666666666664
2 0.98515625 0.7840277777777778 0.028125 0.04861111111111111
2 0.9828125 0.7076388888888889 0.0203125 0.004166666666666667
2 0.996875 0.7090277777777778 0.0046875 0.004166666666666667
2 0.982421875 0.7118055555555556 0.02109375 0.004166666666666667
2 0.996484375 0.7125 0.00546875 0.002777777777777778
1 0.93984375 0.7048611111111112 0.04375 0.10138888888888889
2 0.94140625 0.6680555555555555 0.0359375 0.005555555555555556
2 0.9390625 0.6875 0.0375 0.022222222222222223
2 0.931640625 0.6708333333333333 0.01796875 0.002777777777777778
2 0.949609375 0.6722222222222223 0.01640625 0.002777777777777778
2 0.93046875 0.6743055555555556 0.01875 0.004166666666666667
2 0.94921875 0.6756944444444445 0.0171875 0.004166666666666667
1 0.93515625 0.7534722222222222 0.0515625 0.14027777777777778
2 0.937890625 0.7145833333333333 0.04140625 0.0375
2 0.934765625 0.73125 0.04296875 0.043055555555555555
2 0.933984375 0.7784722222222222 0.04296875 0.04861111111111111
2 0.9265625 0.7027777777777777 0.0203125 0.005555555555555556
2 0.946875 0.7048611111111112 0.01875 0.004166666666666667
2 0.925390625 0.70625 0.02109375 0.004166666666666667
2 0.946484375 0.7090277777777778 0.01953125 0.004166666666666667
2 0.700390625 0.9798611111111111 0.13984375 0.0375
2 0.629296875 0.9986111111111111 0.00234375 0.0
2 0.615234375 0.93125 0.08828125 0.09583333333333334
2 0.546875 0.9152777777777777 0.0890625 0.08611111111111111
2 0.852734375 0.7027777777777777 0.00703125 0.03888888888888889
2 0.78203125 0.7104166666666667 0.0359375 0.02638888888888889
2 0.827734375 0.7131944444444445 0.04140625 0.0375
2 0.78203125 0.6833333333333333 0.0359375 0.030555555555555555
2 0.827734375 0.6840277777777778 0.04140625 0.0375
2 0.7859375 0.6486111111111111 0.04375 0.03888888888888889
2 0.828125 0.6534722222222222 0.0421875 0.04027777777777778
5 0.07890625 0.8145833333333333 0.071875 0.029166666666666667
5 0.074609375 0.8270833333333333 0.06328125 0.02361111111111111
5 0.06875 0.8381944444444445 0.0515625 0.020833333333333332
5 0.07265625 0.8486111111111111 0.059375 0.022222222222222223
5 0.069140625 0.8694444444444445 0.05234375 0.022222222222222223
5 0.06875 0.8590277777777777 0.0515625 0.020833333333333332
5 0.069140625 0.8888888888888888 0.05234375 0.022222222222222223
5 0.069140625 0.8784722222222222 0.05234375 0.020833333333333332
5 0.12578125 0.8465277777777778 0.0609375 0.02638888888888889
5 0.12578125 0.85625 0.0609375 0.02638888888888889
5 0.1296875 0.8777777777777778 0.06875 0.027777777777777776
5 0.12578125 0.8673611111111111 0.0609375 0.02638888888888889
5 0.1265625 0.8972222222222223 0.0609375 0.027777777777777776
5 0.126171875 0.8881944444444444 0.06171875 0.02638888888888889
5 0.0078125 0.7284722222222222 0.015625 0.015277777777777777
5 0.005078125 0.7361111111111112 0.01015625 0.013888888888888888
5 0.12578125 0.8368055555555556 0.0609375 0.02638888888888889
5 0.1296875 0.8236111111111111 0.06875 0.030555555555555555
5 0.19375 0.8569444444444444 0.0734375 0.027777777777777776
5 0.19375 0.8694444444444445 0.0734375 0.027777777777777776
5 0.19375 0.8909722222222223 0.0734375 0.029166666666666667
5 0.19375 0.8798611111111111 0.0734375 0.029166666666666667
5 0.19375 0.9097222222222222 0.0734375 0.030555555555555555
5 0.19375 0.8993055555555556 0.0734375 0.029166666666666667
5 0.034375 0.7347222222222223 0.0484375 0.013888888888888888
5 0.033984375 0.7416666666666667 0.04921875 0.013888888888888888
5 0.19375 0.8486111111111111 0.0734375 0.027777777777777776
5 0.19375 0.8381944444444445 0.0734375 0.02638888888888889
5 0.193359375 0.775 0.07421875 0.022222222222222223
5 0.193359375 0.7854166666666667 0.07421875 0.02361111111111111
5 0.19375 0.8069444444444445 0.0734375 0.025
5 0.19375 0.7972222222222223 0.0734375 0.025
5 0.19375 0.8284722222222223 0.0734375 0.02638888888888889
5 0.19375 0.8173611111111111 0.0734375 0.02638888888888889
5 0.034375 0.7291666666666666 0.0484375 0.013888888888888888
5 0.033984375 0.7215277777777778 0.04921875 0.015277777777777777
5 0.193359375 0.7652777777777777 0.07421875 0.022222222222222223
5 0.193359375 0.7520833333333333 0.07421875 0.02638888888888889
