2 0.97890625 0.7375 0.0015625 0.03333333333333333
5 0.534375 0.6645833333333333 0.040625 0.009722222222222222
7 0.012890625 0.6736111111111112 0.02578125 0.008333333333333333
5 0.831640625 0.7319444444444444 0.04296875 0.008333333333333333
0 0.489453125 0.7881944444444444 0.09609375 0.24583333333333332
1 0.94765625 0.7236111111111111 0.0515625 0.12777777777777777
5 0.48984375 0.6777777777777778 0.0203125 0.0
5 0.75 0.8888888888888888 0.0484375 0.025
8 0.655078125 0.90625 0.08515625 0.0625
5 0.534375 0.6902777777777778 0.040625 0.008333333333333333
1 0.175 0.6493055555555556 0.05625 0.07361111111111111
5 0.478125 0.6708333333333333 0.0375 0.011111111111111112
8 0.71796875 0.775 0.04375 0.041666666666666664
2 0.95625 0.6770833333333334 0.0203125 0.001388888888888889
5 0.12421875 0.8020833333333334 0.06875 0.018055555555555554
1 0.9796875 0.6972222222222222 0.0390625 0.10277777777777777
5 0.18515625 0.7965277777777777 0.06875 0.020833333333333332
2 0.937890625 0.6791666666666667 0.01796875 0.0
2 0.81640625 0.6506944444444445 0.0375 0.034722222222222224
2 0.925 0.7347222222222223 0.0 0.030555555555555555
2 0.621484375 0.8555555555555555 0.06953125 0.07777777777777778
1 0.120703125 0.6465277777777778 0.05390625 0.07361111111111111
2 0.70546875 0.8652777777777778 0.059375 0.08333333333333333
8 0.778125 0.7395833333333334 0.0453125 0.029166666666666667
8 0.41875 0.7534722222222222 0.00625 0.029166666666666667
0 0.580078125 0.6569444444444444 0.04140625 0.11388888888888889
2 0.81640625 0.7083333333333334 0.0375 0.03333333333333333
5 0.77578125 0.7284722222222222 0.04375 0.006944444444444444
2 0.98359375 0.6777777777777778 0.03125 0.030555555555555555
7 0.208203125 0.775 0.04296875 0.019444444444444445
5 0.002734375 0.7347222222222223 0.00078125 0.0
5 0.12421875 0.8236111111111111 0.06875 0.019444444444444445
8 0.2125 0.8041666666666667 0.0 0.0
5 0.18515625 0.8597222222222223 0.06875 0.022222222222222223
5 0.765625 0.7625 0.028125 0.016666666666666666
1 0.987109375 0.7256944444444444 0.02421875 0.12638888888888888
5 0.18515625 0.8173611111111111 0.06875 0.020833333333333332
7 0.608203125 0.9902777777777778 0.09609375 0.016666666666666666
5 0.247265625 0.825 0.05390625 0.019444444444444445
5 0.430859375 0.7277777777777777 0.03046875 0.011111111111111112
2 0.989453125 0.6944444444444444 0.01953125 0.03333333333333333
2 0.837890625 0.8986111111111111 0.13828125 0.041666666666666664
5 0.1265625 0.7791666666666667 0.0734375 0.022222222222222223
2 0.94296875 0.6576388888888889 0.0171875 0.001388888888888889
8 0.7734375 0.7458333333333333 0.04375 0.016666666666666666
2 0.936328125 0.6763888888888889 0.03515625 0.030555555555555555
8 0.777734375 0.8611111111111112 0.07578125 0.03611111111111111
5 0.816796875 0.7638888888888888 0.04609375 0.013888888888888888
1 0.10546875 0.65 0.0625 0.075
2 0.920703125 0.7159722222222222 0.00390625 0.0375
2 0.837109375 0.7 0.00234375 0.030555555555555555
8 0.4375 0.7409722222222223 0.0234375 0.03194444444444444
5 0.765625 0.7368055555555556 0.028125 0.0125
8 0.81875 0.7791666666666667 0.05 0.03888888888888889
5 0.717578125 0.7590277777777777 0.03828125 0.018055555555555554
2 0.933203125 0.66875 0.03515625 0.029166666666666667
6 0.4734375 0.7069444444444445 0.040625 0.06388888888888888
8 0.0 0.9006944444444445 0.0 0.001388888888888889
2 0.79609375 0.6979166666666666 0.0015625 0.03194444444444444
8 0.818359375 0.7604166666666666 0.04921875 0.018055555555555554
5 0.247265625 0.8569444444444444 0.05390625 0.022222222222222223
2 0.828125 0.96875 0.1640625 0.059722222222222225
5 0.81640625 0.7527777777777778 0.0453125 0.008333333333333333
2 0.971875 0.6652777777777777 0.0171875 0.013888888888888888
2 0.944140625 0.6604166666666667 0.01796875 0.001388888888888889
5 0.247265625 0.7715277777777778 0.05390625 0.018055555555555554
2 0.948046875 0.7451388888888889 0.04453125 0.04583333333333333
4 0.1640625 0.7659722222222223 0.0 0.020833333333333332
5 0.023828125 0.7465277777777778 0.04765625 0.0125
1 0.15546875 0.6506944444444445 0.0625 0.07361111111111111
2 0.989453125 0.7465277777777778 0.01953125 0.04583333333333333
1 0.024609375 0.6819444444444445 0.04921875 0.09166666666666666
2 0.81640625 0.6805555555555556 0.0375 0.03333333333333333
5 0.247265625 0.7833333333333333 0.05390625 0.019444444444444445
5 0.830078125 0.7409722222222223 0.03984375 0.0125
5 0.751953125 0.7756944444444445 0.03984375 0.018055555555555554
2 0.775390625 0.6486111111111111 0.03828125 0.03333333333333333
5 0.798046875 0.7173611111111111 0.00859375 0.004166666666666667
5 0.22109375 0.7986111111111112 0.0171875 0.013888888888888888
5 0.416796875 0.7409722222222223 0.00234375 0.006944444444444444
5 0.18515625 0.8486111111111111 0.06875 0.022222222222222223
5 0.534375 0.6826388888888889 0.040625 0.009722222222222222
2 0.84140625 0.8708333333333333 0.128125 0.03611111111111111
2 0.9921875 0.7013888888888888 0.0140625 0.03611111111111111
4 0.20390625 0.7520833333333333 0.0125 0.043055555555555555
8 0.72578125 0.8145833333333333 0.0671875 0.0375
5 0.247265625 0.7277777777777777 0.05390625 0.016666666666666666
1 0.208984375 0.6541666666666667 0.06171875 0.07777777777777778
8 0.794921875 0.7944444444444444 0.04453125 0.044444444444444446
2 0.775390625 0.7055555555555556 0.03828125 0.030555555555555555
5 0.247265625 0.8465277777777778 0.05390625 0.02361111111111111
7 0.079296875 0.8 0.04140625 0.025
5 0.002734375 0.7402777777777778 0.00078125 0.0
8 0.743359375 0.9291666666666667 0.03515625 0.016666666666666666
2 0.833203125 0.9305555555555556 0.15078125 0.05
2 0.9265625 0.6597222222222222 0.015625 0.0
2 0.973046875 0.6604166666666667 0.01796875 0.001388888888888889
5 0.02421875 0.7326388888888888 0.0484375 0.0125
5 0.02421875 0.7256944444444444 0.0484375 0.0125
2 0.988671875 0.6923611111111111 0.02109375 0.034722222222222224
5 0.12421875 0.7909722222222222 0.06875 0.020833333333333332
5 0.02421875 0.7395833333333334 0.0484375 0.0125
2 0.775390625 0.6777777777777778 0.03828125 0.03333333333333333
5 0.77734375 0.7229166666666667 0.0421875 0.006944444444444444
8 0.639453125 0.9208333333333333 0.08984375 0.06666666666666667
2 0.9578125 0.6798611111111111 0.0203125 0.001388888888888889
1 0.0421875 0.6388888888888888 0.0546875 0.06944444444444445
5 0.18515625 0.8277777777777777 0.06875 0.022222222222222223
3 0.499609375 0.8319444444444445 0.99921875 0.3333333333333333
8 0.7296875 0.9333333333333333 0.0578125 0.06944444444444445
1 0.934765625 0.6979166666666666 0.04296875 0.10694444444444444
6 0.487109375 0.7 0.03984375 0.06388888888888888
1 0.224609375 0.6506944444444445 0.06171875 0.0763888888888889
2 0.915625 0.7090277777777778 0.0 0.02638888888888889
5 0.534375 0.6743055555555556 0.040625 0.009722222222222222
5 0.4796875 0.6888888888888889 0.040625 0.005555555555555556
4 0.04921875 0.8236111111111111 0.003125 0.075
8 0.8328125 0.7284722222222222 0.0453125 0.009722222222222222
8 0.705859375 0.7881944444444444 0.04609375 0.043055555555555555
5 0.247265625 0.7173611111111111 0.05390625 0.018055555555555554
5 0.63828125 0.9006944444444445 0.08125 0.03194444444444444
8 0.053515625 0.8569444444444444 0.08671875 0.06666666666666667
2 0.94921875 0.6993055555555555 0.040625 0.0375
5 0.654296875 0.8805555555555555 0.07734375 0.027777777777777776
4 0.0046875 0.7173611111111111 0.0015625 0.04583333333333333
5 0.12421875 0.8125 0.06875 0.019444444444444445
6 0.45703125 0.7166666666666667 0.04375 0.06388888888888888
7 0.118359375 0.8986111111111111 0.08828125 0.03611111111111111
5 0.83125 0.7256944444444444 0.0421875 0.006944444444444444
8 0.831640625 0.75625 0.04296875 0.034722222222222224
5 0.70546875 0.7715277777777778 0.040625 0.018055555555555554
2 0.973046875 0.71875 0.01015625 0.0375
5 0.79453125 0.7784722222222222 0.0390625 0.018055555555555554
4 0.1046875 0.7868055555555555 0.0140625 0.05138888888888889
5 0.12421875 0.84375 0.06875 0.018055555555555554
8 0.424609375 0.7486111111111111 0.01796875 0.03333333333333333
2 0.990234375 0.6972222222222222 0.01796875 0.03333333333333333
2 0.980078125 0.6645833333333333 0.03671875 0.015277777777777777
2 0.92578125 0.6569444444444444 0.0140625 0.0
2 0.99140625 0.6597222222222222 0.015625 0.0
5 0.247265625 0.8680555555555556 0.05390625 0.022222222222222223
5 0.834375 0.7215277777777778 0.040625 0.009722222222222222
5 0.247265625 0.8368055555555556 0.05390625 0.020833333333333332
8 0.836328125 0.7263888888888889 0.04296875 0.019444444444444445
5 0.78125 0.8479166666666667 0.059375 0.02361111111111111
5 0.7359375 0.9131944444444444 0.0640625 0.03194444444444444
8 0.800390625 0.7340277777777777 0.00390625 0.02638888888888889
2 0.935546875 0.6909722222222222 0.01953125 0.03194444444444444
5 0.247265625 0.7055555555555556 0.05390625 0.019444444444444445
6 0.342578125 0.7729166666666667 0.01484375 0.08194444444444444
2 0.944921875 0.6888888888888889 0.03984375 0.03333333333333333
8 0.833203125 0.7472222222222222 0.04609375 0.03611111111111111
6 0.4578125 0.6569444444444444 0.0453125 0.06666666666666667
5 0.423046875 0.7347222222222223 0.01484375 0.011111111111111112
5 0.844140625 0.7819444444444444 0.03828125 0.019444444444444445
8 0.786328125 0.8486111111111111 0.06953125 0.05277777777777778
1 0.008203125 0.675 0.01640625 0.07777777777777778
5 0.12421875 0.8340277777777778 0.06875 0.018055555555555554
7 0.052734375 0.9298611111111111 0.09609375 0.04027777777777778
8 0.22109375 0.8145833333333333 0.0171875 0.020833333333333332
8 0.778125 0.7347222222222223 0.046875 0.025
8 0.765625 0.7798611111111111 0.028125 0.02638888888888889
2 0.991015625 0.6618055555555555 0.01640625 0.001388888888888889
5 0.18515625 0.80625 0.06875 0.020833333333333332
5 0.247265625 0.8027777777777778 0.05390625 0.022222222222222223
5 0.247265625 0.7923611111111111 0.05390625 0.020833333333333332
5 0.783984375 0.8326388888888889 0.06484375 0.020833333333333332
5 0.247265625 0.75 0.05390625 0.019444444444444445
5 0.125390625 0.8541666666666666 0.06796875 0.019444444444444445
8 0.752734375 0.7909722222222222 0.04453125 0.043055555555555555
5 0.247265625 0.7388888888888889 0.05390625 0.019444444444444445
0 0.6140625 0.7201388888888889 0.0609375 0.17916666666666667
5 0.247265625 0.7611111111111111 0.05390625 0.019444444444444445
5 0.18515625 0.8388888888888889 0.06875 0.022222222222222223
5 0.247265625 0.8138888888888889 0.05390625 0.019444444444444445
5 0.1859375 0.7840277777777778 0.0703125 0.02361111111111111
6 0.346484375 0.7576388888888889 0.02265625 0.07361111111111111
8 0.84453125 0.7979166666666667 0.04375 0.04861111111111111
