3 0.499609375 0.8194444444444444 0.99921875 0.35833333333333334
4 0.115234375 0.7868055555555555 0.01640625 0.07361111111111111
8 0.576953125 0.9166666666666666 0.09453125 0.08055555555555556
5 0.536328125 0.6826388888888889 0.04609375 0.009722222222222222
5 0.536328125 0.6826388888888889 0.04609375 0.009722222222222222
5 0.536328125 0.6826388888888889 0.04609375 0.009722222222222222
5 0.536328125 0.6729166666666667 0.04609375 0.009722222222222222
5 0.536328125 0.6729166666666667 0.04609375 0.009722222222222222
5 0.536328125 0.6729166666666667 0.04609375 0.009722222222222222
5 0.536328125 0.6909722222222222 0.04609375 0.009722222222222222
5 0.536328125 0.6909722222222222 0.04609375 0.009722222222222222
5 0.536328125 0.6909722222222222 0.04609375 0.009722222222222222
5 0.577734375 0.6972222222222222 0.01640625 0.008333333333333333
5 0.577734375 0.6972222222222222 0.01640625 0.008333333333333333
5 0.577734375 0.6972222222222222 0.01640625 0.008333333333333333
5 0.577734375 0.6888888888888889 0.01796875 0.008333333333333333
5 0.577734375 0.6888888888888889 0.01796875 0.008333333333333333
5 0.577734375 0.6888888888888889 0.01796875 0.008333333333333333
5 0.577734375 0.6798611111111111 0.01796875 0.009722222222222222
5 0.577734375 0.6798611111111111 0.01796875 0.009722222222222222
5 0.577734375 0.6798611111111111 0.01796875 0.009722222222222222
5 0.581640625 0.6680555555555555 0.03046875 0.013888888888888888
5 0.581640625 0.6680555555555555 0.03046875 0.013888888888888888
5 0.581640625 0.6680555555555555 0.03046875 0.013888888888888888
6 0.43515625 0.7354166666666667 0.0546875 0.0763888888888889
6 0.48984375 0.7152777777777778 0.046875 0.07222222222222222
6 0.4359375 0.6722222222222223 0.05625 0.075
6 0.464453125 0.7243055555555555 0.05234375 0.0763888888888889
6 0.255859375 0.7791666666666667 0.06796875 0.08055555555555556
6 0.203515625 0.8027777777777778 0.04609375 0.10277777777777777
7 0.021875 0.8097222222222222 0.0015625 0.0
7 0.29375 0.74375 0.0265625 0.006944444444444444
7 0.14609375 0.7930555555555555 0.053125 0.025
7 0.076171875 0.6576388888888889 0.03203125 0.006944444444444444
7 0.1078125 0.6534722222222222 0.03125 0.009722222222222222
7 0.034765625 0.6645833333333333 0.02421875 0.009722222222222222
8 0.101953125 0.8451388888888889 0.03359375 0.04027777777777778
5 0.09921875 0.8305555555555556 0.03125 0.022222222222222223
8 0.290234375 0.7708333333333334 0.00078125 0.013888888888888888
8 0.3015625 0.7743055555555556 0.0234375 0.029166666666666667
5 0.303125 0.7569444444444444 0.0265625 0.016666666666666666
8 0.317578125 0.7569444444444444 0.05390625 0.019444444444444445
5 0.31640625 0.7493055555555556 0.05 0.015277777777777777
8 0.348046875 0.7555555555555555 0.04765625 0.030555555555555555
5 0.3453125 0.7409722222222223 0.046875 0.015277777777777777
8 0.358984375 0.7743055555555556 0.05703125 0.0375
5 0.35859375 0.7569444444444444 0.0515625 0.016666666666666666
8 0.38671875 0.7652777777777777 0.0546875 0.03611111111111111
5 0.3859375 0.7486111111111111 0.05 0.016666666666666666
8 0.335546875 0.7826388888888889 0.05859375 0.0375
5 0.334765625 0.7659722222222223 0.05234375 0.018055555555555554
8 0.312890625 0.7930555555555555 0.04453125 0.03888888888888889
5 0.310546875 0.775 0.04140625 0.019444444444444445
8 0.841796875 0.7958333333333333 0.06171875 0.03888888888888889
5 0.841015625 0.7770833333333333 0.05546875 0.018055555555555554
8 0.85625 0.7861111111111111 0.059375 0.03888888888888889
5 0.855078125 0.76875 0.05390625 0.018055555555555554
8 0.83203125 0.8069444444444445 0.0625 0.041666666666666664
5 0.83046875 0.7881944444444444 0.0578125 0.020833333333333332
8 0.816796875 0.81875 0.06171875 0.043055555555555555
5 0.81484375 0.7993055555555556 0.0578125 0.020833333333333332
8 0.79765625 0.7736111111111111 0.0578125 0.030555555555555555
5 0.797265625 0.7611111111111111 0.05234375 0.013888888888888888
8 0.78203125 0.775 0.059375 0.016666666666666666
5 0.78125 0.7680555555555556 0.053125 0.016666666666666666
8 0.769921875 0.7923611111111111 0.06171875 0.03194444444444444
5 0.76640625 0.7777777777777778 0.05 0.019444444444444445
8 0.7484375 0.8048611111111111 0.05625 0.0375
5 0.749609375 0.7881944444444444 0.05390625 0.020833333333333332
8 0.715625 0.8763888888888889 0.059375 0.058333333333333334
5 0.713671875 0.8541666666666666 0.05546875 0.030555555555555555
8 0.764453125 0.8881944444444444 0.06796875 0.059722222222222225
5 0.764453125 0.8659722222222223 0.06015625 0.03194444444444444
8 0.661328125 0.8701388888888889 0.05859375 0.05138888888888889
5 0.662890625 0.8451388888888889 0.05546875 0.029166666666666667
8 0.617578125 0.85625 0.06640625 0.05416666666666667
5 0.617578125 0.8347222222222223 0.05859375 0.027777777777777776
8 0.777734375 0.8395833333333333 0.06796875 0.04583333333333333
5 0.776953125 0.8194444444444444 0.06171875 0.025
8 0.762109375 0.8472222222222222 0.07109375 0.03333333333333333
5 0.761328125 0.8340277777777778 0.06484375 0.02638888888888889
8 0.69921875 0.8472222222222222 0.0625 0.05277777777777778
5 0.69921875 0.8270833333333333 0.05625 0.02361111111111111
8 0.64765625 0.8368055555555556 0.0515625 0.04027777777777778
5 0.64921875 0.8166666666666667 0.0484375 0.025
8 0.57265625 0.98125 0.0859375 0.034722222222222224
5 0.56953125 0.96875 0.0796875 0.04583333333333333
8 0.602734375 0.96875 0.09453125 0.059722222222222225
5 0.601171875 0.9430555555555555 0.08515625 0.041666666666666664
8 0.31796875 0.9986111111111111 0.0 0.0
5 0.36640625 0.9881944444444445 0.0953125 0.020833333333333332
0 0.250390625 0.8590277777777777 0.16640625 0.2791666666666667
0 0.521875 0.76875 0.1046875 0.20972222222222223
0 0.61953125 0.6680555555555555 0.065625 0.12777777777777777
1 0.2984375 0.6395833333333333 0.04375 0.07916666666666666
1 0.288671875 0.6451388888888889 0.02421875 0.07916666666666666
1 0.225390625 0.6305555555555555 0.00234375 0.05555555555555555
1 0.2109375 0.6381944444444444 0.03125 0.07083333333333333
1 0.201953125 0.6298611111111111 0.04921875 0.07083333333333333
1 0.175 0.6354166666666666 0.040625 0.0763888888888889
1 0.148828125 0.6173611111111111 0.05390625 0.06805555555555555
1 0.049609375 0.6722222222222223 0.05703125 0.08888888888888889
1 0.037890625 0.6652777777777777 0.03046875 0.08055555555555556
1 0.991015625 0.80625 0.01640625 0.14583333333333334
2 0.99921875 0.7347222222222223 0.0 0.0
2 0.99296875 0.7694444444444445 0.0125 0.04722222222222222
2 0.992578125 0.8277777777777777 0.01328125 0.05555555555555555
2 0.99765625 0.7375 0.003125 0.002777777777777778
2 0.995703125 0.7423611111111111 0.00703125 0.004166666666666667
1 0.97578125 0.7395833333333334 0.046875 0.12361111111111112
2 0.98359375 0.6944444444444444 0.03125 0.005555555555555556
2 0.976953125 0.7222222222222222 0.04296875 0.041666666666666664
2 0.975390625 0.6965277777777777 0.02265625 0.004166666666666667
2 0.992578125 0.6986111111111111 0.01171875 0.002777777777777778
2 0.97265625 0.7006944444444444 0.021875 0.004166666666666667
2 0.990625 0.7020833333333333 0.015625 0.004166666666666667
1 0.951953125 0.7923611111111111 0.07421875 0.16805555555555557
2 0.98125 0.8076388888888889 0.003125 0.04583333333333333
2 0.960546875 0.7486111111111111 0.05078125 0.05
2 0.94609375 0.7638888888888888 0.0546875 0.05277777777777778
2 0.950390625 0.8201388888888889 0.06328125 0.059722222222222225
2 0.94375 0.73125 0.0265625 0.006944444444444444
2 0.96796875 0.7548611111111111 0.028125 0.04861111111111111
2 0.9390625 0.7347222222222223 0.0265625 0.005555555555555556
2 0.9640625 0.7604166666666666 0.0265625 0.04861111111111111
2 0.473046875 0.9583333333333334 0.11953125 0.08055555555555556
2 0.40546875 0.9486111111111111 0.1171875 0.09444444444444444
2 0.90546875 0.7333333333333333 0.015625 0.044444444444444446
2 0.82109375 0.7423611111111111 0.040625 0.04027777777777778
2 0.86953125 0.7444444444444445 0.0546875 0.041666666666666664
2 0.82109375 0.7076388888888889 0.040625 0.0375
2 0.86953125 0.7118055555555556 0.0546875 0.043055555555555555
2 0.82421875 0.6708333333333333 0.046875 0.044444444444444446
2 0.86953125 0.6756944444444445 0.0546875 0.04583333333333333
5 0.0109375 0.8520833333333333 0.021875 0.018055555555555554
5 0.00625 0.8631944444444445 0.0125 0.020833333333333332
5 0.00625 0.8861111111111111 0.0125 0.019444444444444445
5 0.010546875 0.875 0.02109375 0.019444444444444445
5 0.00625 0.9076388888888889 0.0125 0.020833333333333332
5 0.006640625 0.8965277777777778 0.01328125 0.020833333333333332
5 0.006640625 0.8416666666666667 0.01328125 0.019444444444444445
5 0.011328125 0.825 0.02265625 0.030555555555555555
5 0.05390625 0.8652777777777778 0.08125 0.027777777777777776
5 0.05390625 0.8770833333333333 0.08125 0.029166666666666667
5 0.05390625 0.9006944444444445 0.08125 0.029166666666666667
5 0.05390625 0.8895833333333333 0.08125 0.029166666666666667
5 0.05390625 0.9236111111111112 0.08125 0.030555555555555555
5 0.05390625 0.9111111111111111 0.08125 0.030555555555555555
5 0.034375 0.7361111111111112 0.0265625 0.013888888888888888
5 0.03203125 0.7395833333333334 0.0203125 0.006944444444444444
5 0.05390625 0.8555555555555555 0.08125 0.027777777777777776
5 0.05390625 0.84375 0.08125 0.02638888888888889
5 0.053515625 0.775 0.08046875 0.025
5 0.053515625 0.7854166666666667 0.08046875 0.02638888888888889
5 0.053515625 0.8104166666666667 0.08046875 0.02638888888888889
5 0.053515625 0.7986111111111112 0.08046875 0.025
5 0.05390625 0.8326388888888889 0.08125 0.02638888888888889
5 0.05390625 0.8208333333333333 0.08125 0.027777777777777776
5 0.034375 0.7291666666666666 0.0265625 0.013888888888888888
5 0.033984375 0.7222222222222222 0.02578125 0.013888888888888888
5 0.053515625 0.7645833333333333 0.08046875 0.02361111111111111
5 0.053515625 0.75 0.08046875 0.027777777777777776
