3 0.499609375 0.8368055555555556 0.99921875 0.3236111111111111
5 0.035546875 0.9354166666666667 0.07109375 0.05416666666666667
5 0.035546875 0.9354166666666667 0.07109375 0.05416666666666667
5 0.035546875 0.9354166666666667 0.07109375 0.05416666666666667
5 0.035546875 0.9173611111111111 0.07109375 0.05416666666666667
5 0.035546875 0.9173611111111111 0.07109375 0.05416666666666667
5 0.035546875 0.9173611111111111 0.07109375 0.05416666666666667
5 0.035546875 0.8972222222222223 0.07109375 0.05277777777777778
5 0.035546875 0.8972222222222223 0.07109375 0.05277777777777778
5 0.035546875 0.8972222222222223 0.07109375 0.05277777777777778
5 0.035546875 0.8763888888888889 0.07109375 0.05277777777777778
5 0.035546875 0.8763888888888889 0.07109375 0.05277777777777778
5 0.035546875 0.8763888888888889 0.07109375 0.05277777777777778
6 0.649609375 0.9395833333333333 0.08359375 0.11805555555555555
6 0.47578125 0.91875 0.1 0.15138888888888888
6 0.649609375 0.8243055555555555 0.08359375 0.15138888888888888
6 0.563671875 0.9243055555555556 0.09921875 0.1486111111111111
7 0.997265625 0.7076388888888889 0.00234375 0.0125
7 0.9328125 0.7083333333333334 0.025 0.019444444444444445
7 0.87734375 0.7055555555555556 0.021875 0.019444444444444445
8 0.736328125 0.9965277777777778 0.00390625 0.004166666666666667
5 0.755859375 0.9965277777777778 0.03515625 0.004166666666666667
8 0.85234375 0.9784722222222222 0.065625 0.04027777777777778
5 0.854296875 0.9784722222222222 0.05859375 0.04027777777777778
8 0.77109375 0.9736111111111111 0.06875 0.05
5 0.772265625 0.9736111111111111 0.06015625 0.05
8 0.925390625 0.9819444444444444 0.06484375 0.03333333333333333
5 0.928515625 0.9819444444444444 0.06171875 0.03333333333333333
8 0.986328125 0.9868055555555556 0.02109375 0.02361111111111111
5 0.990234375 0.9868055555555556 0.01796875 0.02361111111111111
8 0.63046875 0.7673611111111112 0.04375 0.043055555555555555
5 0.63125 0.7534722222222222 0.0390625 0.018055555555555554
8 0.58671875 0.7645833333333333 0.0453125 0.04583333333333333
5 0.587109375 0.7506944444444444 0.03984375 0.018055555555555554
8 0.6703125 0.7708333333333334 0.0421875 0.04722222222222222
5 0.67109375 0.75625 0.0375 0.018055555555555554
8 0.7265625 0.7763888888888889 0.021875 0.044444444444444446
5 0.72578125 0.7604166666666666 0.0203125 0.018055555555555554
8 0.572265625 0.7819444444444444 0.04765625 0.05
5 0.57265625 0.7673611111111112 0.0421875 0.020833333333333332
8 0.61796875 0.7847222222222222 0.046875 0.04722222222222222
5 0.618359375 0.7708333333333334 0.04140625 0.022222222222222223
8 0.660546875 0.7868055555555555 0.04609375 0.04583333333333333
5 0.6609375 0.7736111111111111 0.040625 0.022222222222222223
8 0.708984375 0.7944444444444444 0.04453125 0.05
5 0.709375 0.7784722222222222 0.0390625 0.020833333333333332
8 0.9546875 0.7986111111111112 0.0 0.0
5 0.935546875 0.7791666666666667 0.04140625 0.013888888888888888
8 0.92890625 0.7791666666666667 0.05 0.03888888888888889
5 0.93359375 0.7666666666666667 0.040625 0.013888888888888888
8 0.956640625 0.8138888888888889 0.00078125 0.0
5 0.949609375 0.79375 0.02421875 0.015277777777777777
5 0.95546875 0.8083333333333333 0.0171875 0.013888888888888888
8 0.80234375 0.7833333333333333 0.040625 0.05
5 0.802734375 0.76875 0.03515625 0.020833333333333332
8 0.851953125 0.7819444444444444 0.04296875 0.041666666666666664
5 0.85234375 0.7701388888888889 0.0375 0.018055555555555554
8 0.855859375 0.7979166666666667 0.03828125 0.04027777777777778
5 0.859375 0.7854166666666667 0.040625 0.015277777777777777
8 0.85546875 0.8159722222222222 0.040625 0.04861111111111111
5 0.857421875 0.8020833333333334 0.04140625 0.020833333333333332
0 0.93671875 0.7840277777777778 0.125 0.22916666666666666
0 0.33984375 0.8145833333333333 0.0125 0.1763888888888889
1 0.61171875 0.65 0.06875 0.09444444444444444
2 0.588671875 0.6194444444444445 0.01796875 0.013888888888888888
2 0.633984375 0.6291666666666667 0.01796875 0.030555555555555555
2 0.634765625 0.6659722222222222 0.01640625 0.03194444444444444
2 0.602734375 0.6208333333333333 0.01640625 0.011111111111111112
2 0.605859375 0.6145833333333334 0.01484375 0.001388888888888889
2 0.617578125 0.6222222222222222 0.01640625 0.011111111111111112
2 0.6203125 0.6145833333333334 0.015625 0.001388888888888889
1 0.77578125 0.6569444444444444 0.003125 0.09444444444444444
2 0.721875 0.6243055555555556 0.0109375 0.015277777777777777
2 0.7671875 0.6340277777777777 0.015625 0.029166666666666667
2 0.774609375 0.6729166666666667 0.00078125 0.02638888888888889
2 0.73515625 0.625 0.015625 0.011111111111111112
2 0.736328125 0.61875 0.01484375 0.001388888888888889
2 0.744921875 0.6263888888888889 0.00390625 0.011111111111111112
2 0.7515625 0.61875 0.015625 0.001388888888888889
1 0.59453125 0.6666666666666666 0.075 0.10277777777777777
2 0.5703125 0.6347222222222222 0.0203125 0.016666666666666666
2 0.61875 0.6444444444444445 0.0203125 0.03333333333333333
2 0.618359375 0.6840277777777778 0.02109375 0.034722222222222224
2 0.584765625 0.6361111111111111 0.01796875 0.013888888888888888
2 0.58828125 0.6277777777777778 0.015625 0.002777777777777778
2 0.601171875 0.6375 0.01796875 0.013888888888888888
2 0.60390625 0.6284722222222222 0.0171875 0.001388888888888889
1 0.77265625 0.6743055555555556 0.003125 0.10416666666666667
2 0.71796875 0.6402777777777777 0.0046875 0.016666666666666666
2 0.765234375 0.6493055555555556 0.01171875 0.03194444444444444
2 0.77109375 0.6916666666666667 0.0 0.03333333333333333
2 0.728125 0.6416666666666667 0.0171875 0.013888888888888888
2 0.729296875 0.6326388888888889 0.01640625 0.001388888888888889
2 0.741796875 0.6423611111111112 0.01015625 0.015277777777777777
2 0.742578125 0.6333333333333333 0.00859375 0.002777777777777778
1 0.5734375 0.6868055555555556 0.08125 0.1125
2 0.546875 0.6465277777777778 0.0234375 0.006944444444444444
2 0.599609375 0.6618055555555555 0.02265625 0.034722222222222224
2 0.605078125 0.7048611111111112 0.01171875 0.034722222222222224
2 0.562109375 0.6486111111111111 0.01953125 0.005555555555555556
2 0.5671875 0.6444444444444445 0.0171875 0.002777777777777778
2 0.5796875 0.6493055555555556 0.01875 0.004166666666666667
2 0.584375 0.6458333333333334 0.01875 0.002777777777777778
1 0.72890625 0.6951388888888889 0.0828125 0.11805555555555555
2 0.691015625 0.6541666666666667 0.00078125 0.002777777777777778
2 0.76328125 0.6590277777777778 0.0078125 0.015277777777777777
2 0.765625 0.7298611111111111 0.0 0.004166666666666667
2 0.722265625 0.6548611111111111 0.01328125 0.004166666666666667
2 0.723046875 0.6513888888888889 0.01484375 0.002777777777777778
2 0.7375 0.65625 0.0171875 0.004166666666666667
2 0.73828125 0.6513888888888889 0.015625 0.002777777777777778
1 0.56953125 0.6986111111111111 0.0734375 0.11388888888888889
2 0.538671875 0.7166666666666667 0.01171875 0.03611111111111111
2 0.539453125 0.6972222222222222 0.01328125 0.002777777777777778
2 0.540625 0.6694444444444444 0.015625 0.03888888888888889
2 0.590625 0.6722222222222223 0.0234375 0.03888888888888889
2 0.57265625 0.7173611111111111 0.0609375 0.04027777777777778
2 0.5515625 0.6722222222222223 0.0203125 0.03611111111111111
2 0.556640625 0.6527777777777778 0.01953125 0.002777777777777778
2 0.570703125 0.6736111111111112 0.02109375 0.03611111111111111
2 0.574609375 0.6534722222222222 0.01953125 0.001388888888888889
1 0.725390625 0.70625 0.08671875 0.12361111111111112
2 0.68828125 0.7243055555555555 0.00625 0.0375
2 0.68984375 0.7041666666666667 0.003125 0.0
2 0.68828125 0.6763888888888889 0.00625 0.03888888888888889
2 0.755078125 0.6798611111111111 0.01953125 0.04027777777777778
2 0.740625 0.7263888888888889 0.05 0.041666666666666664
2 0.7203125 0.6798611111111111 0.009375 0.0375
2 0.72109375 0.6597222222222222 0.0109375 0.002777777777777778
2 0.734765625 0.68125 0.01953125 0.0375
2 0.736328125 0.6604166666666667 0.01953125 0.004166666666666667
2 0.34765625 0.76875 0.021875 0.05416666666666667
2 0.346875 0.7347222222222223 0.0234375 0.013888888888888888
2 0.399609375 0.7763888888888889 0.08046875 0.05277777777777778
2 0.44921875 0.7611111111111111 0.0171875 0.05
2 0.399609375 0.7347222222222223 0.08046875 0.05
2 0.44921875 0.7222222222222222 0.0171875 0.04722222222222222
2 0.399609375 0.6916666666666667 0.08046875 0.05277777777777778
2 0.41953125 0.68125 0.0765625 0.05138888888888889
