3 0.499609375 0.8368055555555556 0.99921875 0.3236111111111111
4 0.408984375 0.7979166666666667 0.00546875 0.06805555555555555
4 0.425390625 0.8493055555555555 0.03359375 0.08472222222222223
4 0.454296875 0.8854166666666666 0.01171875 0.0875
4 0.46015625 0.9222222222222223 0.040625 0.10277777777777777
4 0.498828125 0.9597222222222223 0.00390625 0.07777777777777778
4 0.510546875 0.98125 0.03984375 0.034722222222222224
8 0.556640625 0.98125 0.06640625 0.034722222222222224
8 0.97734375 0.8180555555555555 0.04375 0.03611111111111111
5 0.355859375 0.6881944444444444 0.04453125 0.0125
5 0.355859375 0.6881944444444444 0.04453125 0.0125
5 0.355859375 0.6881944444444444 0.04453125 0.0125
5 0.355859375 0.6777777777777778 0.04453125 0.013888888888888888
5 0.355859375 0.6777777777777778 0.04453125 0.013888888888888888
5 0.355859375 0.6777777777777778 0.04453125 0.013888888888888888
5 0.355859375 0.6965277777777777 0.04453125 0.0125
5 0.355859375 0.6965277777777777 0.04453125 0.0125
5 0.355859375 0.6965277777777777 0.04453125 0.0125
5 0.417578125 0.6930555555555555 0.04453125 0.011111111111111112
5 0.417578125 0.6930555555555555 0.04453125 0.011111111111111112
5 0.417578125 0.6930555555555555 0.04453125 0.011111111111111112
5 0.417578125 0.6847222222222222 0.04453125 0.011111111111111112
5 0.417578125 0.6847222222222222 0.04453125 0.011111111111111112
5 0.417578125 0.6847222222222222 0.04453125 0.011111111111111112
5 0.417578125 0.6756944444444445 0.04453125 0.0125
5 0.417578125 0.6756944444444445 0.04453125 0.0125
5 0.417578125 0.6756944444444445 0.04453125 0.0125
5 0.417578125 0.6652777777777777 0.04453125 0.013888888888888888
5 0.417578125 0.6652777777777777 0.04453125 0.013888888888888888
5 0.417578125 0.6652777777777777 0.04453125 0.013888888888888888
6 0.504296875 0.7340277777777777 0.04296875 0.05694444444444444
6 0.48203125 0.7111111111111111 0.0375 0.06388888888888888
6 0.50546875 0.6756944444444445 0.0453125 0.0763888888888889
6 0.494140625 0.7201388888888889 0.03515625 0.06527777777777778
6 0.536328125 0.8055555555555556 0.06796875 0.1
6 0.580078125 0.8284722222222223 0.07578125 0.10694444444444444
7 0.327734375 0.9208333333333333 0.03984375 0.04722222222222222
7 0.355859375 0.7840277777777778 0.05546875 0.020833333333333332
7 0.38203125 0.85625 0.0671875 0.02638888888888889
8 0.566015625 0.9055555555555556 0.04765625 0.06666666666666667
5 0.566015625 0.8868055555555555 0.04765625 0.03194444444444444
8 0.5015625 0.9131944444444444 0.0453125 0.07083333333333333
5 0.503125 0.89375 0.040625 0.034722222222222224
8 0.46875 0.8131944444444444 0.0578125 0.04583333333333333
5 0.46796875 0.7979166666666667 0.053125 0.018055555555555554
8 0.45859375 0.7986111111111112 0.05 0.044444444444444446
5 0.459375 0.7833333333333333 0.0484375 0.013888888888888888
8 0.452734375 0.7888888888888889 0.05390625 0.03888888888888889
5 0.448046875 0.7736111111111111 0.04140625 0.016666666666666666
8 0.444140625 0.7756944444444445 0.04765625 0.04027777777777778
5 0.4453125 0.7611111111111111 0.046875 0.013888888888888888
8 0.494921875 0.7881944444444444 0.00546875 0.02638888888888889
5 0.511328125 0.7701388888888889 0.03828125 0.015277777777777777
8 0.503515625 0.7638888888888888 0.05234375 0.022222222222222223
5 0.503125 0.7576388888888889 0.046875 0.0125
8 0.498046875 0.7930555555555555 0.00703125 0.03333333333333333
5 0.49921875 0.7798611111111111 0.0046875 0.009722222222222222
8 0.8203125 0.7222222222222222 0.0421875 0.025
5 0.821875 0.7083333333333334 0.04375 0.011111111111111112
8 0.82734375 0.7027777777777777 0.0 0.0
5 0.80546875 0.6993055555555555 0.0421875 0.006944444444444444
8 0.837890625 0.7270833333333333 0.04921875 0.029166666666666667
5 0.83828125 0.7152777777777778 0.0453125 0.011111111111111112
8 0.85625 0.7347222222222223 0.0515625 0.030555555555555555
5 0.85625 0.7236111111111111 0.046875 0.011111111111111112
8 0.746484375 0.7069444444444445 0.01484375 0.013888888888888888
5 0.753125 0.7034722222222223 0.0171875 0.009722222222222222
8 0.776171875 0.7097222222222223 0.04765625 0.005555555555555556
5 0.7765625 0.7097222222222223 0.04375 0.005555555555555556
8 0.813671875 0.73125 0.00703125 0.02638888888888889
5 0.804296875 0.7152777777777778 0.02109375 0.008333333333333333
8 0.82109375 0.7368055555555556 0.028125 0.020833333333333332
5 0.81328125 0.725 0.0375 0.011111111111111112
8 0.959765625 0.7868055555555555 0.01015625 0.029166666666666667
5 0.94140625 0.7673611111111112 0.04375 0.018055555555555554
8 0.977734375 0.7819444444444444 0.04296875 0.03611111111111111
5 0.976953125 0.7659722222222223 0.04453125 0.018055555555555554
8 0.878125 0.7645833333333333 0.0015625 0.004166666666666667
8 0.85703125 0.7861111111111111 0.040625 0.044444444444444446
5 0.858984375 0.7715277777777778 0.03984375 0.018055555555555554
8 0.86953125 0.7472222222222222 0.0203125 0.022222222222222223
5 0.871484375 0.7395833333333334 0.01953125 0.0125
8 0.9203125 0.7576388888888889 0.003125 0.001388888888888889
5 0.91953125 0.7486111111111111 0.0046875 0.013888888888888888
8 0.8640625 0.76875 0.0296875 0.04027777777777778
5 0.866015625 0.7541666666666667 0.02890625 0.016666666666666666
8 0.83671875 0.7701388888888889 0.0515625 0.04027777777777778
5 0.8359375 0.75625 0.0453125 0.018055555555555554
0 0.93671875 0.8340277777777778 0.125 0.2625
0 0.783203125 0.7333333333333333 0.08828125 0.18333333333333332
0 0.512890625 0.6569444444444444 0.03671875 0.12222222222222222
1 0.0421875 0.6833333333333333 0.0765625 0.1
1 0.037890625 0.6881944444444444 0.07578125 0.09861111111111111
1 0.00078125 0.6791666666666667 0.0015625 0.08611111111111111
1 0.980078125 0.6354166666666666 0.03828125 0.02361111111111111
2 0.969140625 0.6388888888888888 0.02734375 0.022222222222222223
2 0.990625 0.6444444444444445 0.0171875 0.019444444444444445
2 0.966796875 0.6402777777777777 0.00703125 0.019444444444444445
2 0.982421875 0.6305555555555555 0.00078125 0.0
2 0.982421875 0.6326388888888889 0.00078125 0.001388888888888889
2 0.996875 0.6319444444444444 0.0046875 0.0
1 0.90234375 0.6590277777777778 0.0390625 0.06527777777777778
2 0.87734375 0.6326388888888889 0.0125 0.004166666666666667
2 0.919140625 0.6444444444444445 0.00546875 0.013888888888888888
2 0.90078125 0.6819444444444445 0.0390625 0.019444444444444445
2 0.88125 0.6347222222222222 0.0046875 0.002777777777777778
1 0.98046875 0.6944444444444444 0.0375 0.09722222222222222
2 0.969140625 0.6534722222222222 0.02734375 0.004166666666666667
2 0.990625 0.675 0.0171875 0.030555555555555555
2 0.982421875 0.7145833333333333 0.03359375 0.0375
2 0.97109375 0.65625 0.021875 0.004166666666666667
2 0.987890625 0.6541666666666667 0.01171875 0.0
2 0.976171875 0.6576388888888889 0.01171875 0.001388888888888889
2 0.996484375 0.65625 0.00546875 0.001388888888888889
1 0.85859375 0.6680555555555555 0.05 0.09166666666666666
2 0.84375 0.6819444444444445 0.015625 0.027777777777777776
2 0.84921875 0.6458333333333334 0.0265625 0.027777777777777776
2 0.872265625 0.6527777777777778 0.02265625 0.027777777777777776
2 0.863671875 0.6875 0.03984375 0.03333333333333333
2 0.853125 0.6486111111111111 0.01875 0.027777777777777776
2 0.867578125 0.6347222222222222 0.01328125 0.0
2 0.85703125 0.65 0.0109375 0.025
2 0.875 0.6361111111111111 0.0078125 0.0
1 0.94921875 0.7 0.0671875 0.10277777777777777
2 0.91875 0.7069444444444445 0.00625 0.030555555555555555
2 0.91875 0.6680555555555555 0.00625 0.030555555555555555
2 0.962890625 0.6770833333333334 0.01484375 0.03194444444444444
2 0.951171875 0.7152777777777778 0.06015625 0.03888888888888889
2 0.921484375 0.6701388888888888 0.00078125 0.029166666666666667
2 0.95703125 0.6569444444444444 0.003125 0.0
2 0.960546875 0.6576388888888889 0.01015625 0.001388888888888889
2 0.988671875 0.8715277777777778 0.02109375 0.07083333333333333
2 0.662109375 0.6798611111111111 0.00859375 0.02638888888888889
2 0.70078125 0.6909722222222222 0.0359375 0.03194444444444444
2 0.737109375 0.6902777777777778 0.03515625 0.030555555555555555
2 0.70078125 0.6638888888888889 0.0359375 0.030555555555555555
2 0.737109375 0.6618055555555555 0.03515625 0.029166666666666667
2 0.7015625 0.6340277777777777 0.0359375 0.034722222222222224
2 0.73125 0.6326388888888889 0.046875 0.034722222222222224
5 0.547265625 0.8923611111111112 0.07734375 0.0375
5 0.547265625 0.9076388888888889 0.07734375 0.034722222222222224
5 0.547265625 0.9194444444444444 0.07734375 0.03333333333333333
5 0.547265625 0.9326388888888889 0.07734375 0.034722222222222224
5 0.547265625 0.9590277777777778 0.07734375 0.034722222222222224
5 0.547265625 0.9458333333333333 0.07734375 0.03611111111111111
5 0.547265625 0.9791666666666666 0.07734375 0.03888888888888889
5 0.547265625 0.96875 0.07734375 0.04027777777777778
5 0.627734375 0.9118055555555555 0.07578125 0.03194444444444444
5 0.627734375 0.925 0.07578125 0.03333333333333333
5 0.627734375 0.9506944444444444 0.07578125 0.034722222222222224
5 0.627734375 0.9381944444444444 0.07578125 0.034722222222222224
5 0.627734375 0.975 0.07578125 0.03611111111111111
5 0.627734375 0.9618055555555556 0.07578125 0.034722222222222224
5 0.627734375 0.9006944444444445 0.07578125 0.03194444444444444
5 0.627734375 0.8854166666666666 0.07578125 0.034722222222222224
5 0.720703125 0.9034722222222222 0.07578125 0.03194444444444444
5 0.720703125 0.9166666666666666 0.07578125 0.03333333333333333
5 0.7203125 0.9416666666666667 0.075 0.03333333333333333
5 0.7203125 0.9291666666666667 0.075 0.03333333333333333
5 0.7203125 0.9652777777777778 0.075 0.03611111111111111
5 0.7203125 0.9534722222222223 0.075 0.034722222222222224
5 0.01953125 0.8479166666666667 0.0390625 0.02361111111111111
5 0.0203125 0.8583333333333333 0.040625 0.025
5 0.720703125 0.8923611111111112 0.07578125 0.03194444444444444
5 0.720703125 0.8798611111111111 0.07578125 0.03194444444444444
5 0.720703125 0.8055555555555556 0.07578125 0.027777777777777776
5 0.720703125 0.81875 0.07578125 0.029166666666666667
5 0.720703125 0.8444444444444444 0.07578125 0.030555555555555555
5 0.720703125 0.83125 0.07578125 0.029166666666666667
5 0.720703125 0.8680555555555556 0.07578125 0.030555555555555555
5 0.720703125 0.8555555555555555 0.07578125 0.030555555555555555
5 0.01953125 0.8409722222222222 0.0390625 0.020833333333333332
5 0.0203125 0.8305555555555556 0.040625 0.022222222222222223
5 0.720703125 0.79375 0.07578125 0.029166666666666667
5 0.720703125 0.7805555555555556 0.07578125 0.030555555555555555
