3 0.50078125 0.8548611111111111 0.996875 0.2875
4 0.216015625 0.7805555555555556 0.00078125 0.027777777777777776
4 0.01796875 0.8333333333333334 0.003125 0.03611111111111111
8 0.840234375 0.9263888888888889 0.04609375 0.05555555555555555
5 0.485546875 0.7256944444444444 0.04140625 0.0125
5 0.485546875 0.7256944444444444 0.04140625 0.0125
5 0.485546875 0.7256944444444444 0.04140625 0.0125
5 0.49140625 0.7145833333333333 0.028125 0.0125
5 0.49140625 0.7145833333333333 0.028125 0.0125
5 0.49140625 0.7145833333333333 0.028125 0.0125
5 0.48984375 0.7354166666666667 0.03125 0.009722222222222222
5 0.48984375 0.7354166666666667 0.03125 0.009722222222222222
5 0.48984375 0.7354166666666667 0.03125 0.009722222222222222
5 0.54140625 0.7395833333333334 0.0359375 0.009722222222222222
5 0.54140625 0.7395833333333334 0.0359375 0.009722222222222222
5 0.54140625 0.7395833333333334 0.0359375 0.009722222222222222
5 0.54140625 0.7298611111111111 0.0359375 0.009722222222222222
5 0.54140625 0.7298611111111111 0.0359375 0.009722222222222222
5 0.54140625 0.7298611111111111 0.0359375 0.009722222222222222
5 0.54140625 0.7194444444444444 0.0359375 0.011111111111111112
5 0.54140625 0.7194444444444444 0.0359375 0.011111111111111112
5 0.54140625 0.7194444444444444 0.0359375 0.011111111111111112
5 0.54140625 0.7076388888888889 0.0359375 0.0125
5 0.54140625 0.7076388888888889 0.0359375 0.0125
5 0.54140625 0.7076388888888889 0.0359375 0.0125
6 0.442578125 0.7694444444444445 0.05703125 0.08611111111111111
6 0.486328125 0.7541666666666667 0.04609375 0.07222222222222222
6 0.44375 0.6951388888888889 0.059375 0.08472222222222223
6 0.469140625 0.7569444444444444 0.04609375 0.08333333333333333
6 0.277734375 0.81875 0.08828125 0.11527777777777778
6 0.24140625 0.84375 0.0671875 0.13194444444444445
7 0.148828125 0.8493055555555555 0.00546875 0.006944444444444444
8 0.23125 0.8298611111111112 0.003125 0.03194444444444444
5 0.231640625 0.8076388888888889 0.00234375 0.009722222222222222
8 0.324609375 0.8111111111111111 0.00546875 0.03611111111111111
5 0.322265625 0.7951388888888888 0.00078125 0.006944444444444444
8 0.336328125 0.7909722222222222 0.02265625 0.0125
5 0.332421875 0.7895833333333333 0.02109375 0.015277777777777777
8 0.3609375 0.7826388888888889 0.021875 0.009722222222222222
5 0.34453125 0.7798611111111111 0.0453125 0.015277777777777777
8 0.373046875 0.8159722222222222 0.05390625 0.0375
5 0.370703125 0.7930555555555555 0.05859375 0.016666666666666666
8 0.397265625 0.8006944444444445 0.06640625 0.0375
5 0.396484375 0.7840277777777778 0.06015625 0.015277777777777777
8 0.355859375 0.8215277777777777 0.06953125 0.04583333333333333
5 0.35390625 0.8020833333333334 0.0640625 0.018055555555555554
8 0.34296875 0.8333333333333334 0.0421875 0.04722222222222222
5 0.340234375 0.8131944444444444 0.03828125 0.018055555555555554
8 0.9546875 0.7881944444444444 0.003125 0.006944444444444444
5 0.93671875 0.7861111111111111 0.0328125 0.008333333333333333
8 0.938671875 0.7868055555555555 0.03671875 0.020833333333333332
5 0.937109375 0.7777777777777778 0.03359375 0.008333333333333333
8 0.93984375 0.8090277777777778 0.0390625 0.03194444444444444
5 0.937890625 0.7965277777777777 0.03515625 0.015277777777777777
8 0.939453125 0.8222222222222222 0.03828125 0.03888888888888889
5 0.9375 0.8069444444444445 0.034375 0.016666666666666666
8 0.85390625 0.7756944444444445 0.0234375 0.001388888888888889
5 0.85390625 0.7722222222222223 0.0234375 0.008333333333333333
5 0.85390625 0.7798611111111111 0.0234375 0.006944444444444444
8 0.853125 0.7923611111111111 0.021875 0.001388888888888889
5 0.85390625 0.7881944444444444 0.0234375 0.009722222222222222
8 0.841796875 0.8111111111111111 0.04921875 0.03611111111111111
5 0.8421875 0.8013888888888889 0.0484375 0.016666666666666666
8 0.8921875 0.8770833333333333 0.0609375 0.04861111111111111
5 0.89140625 0.8618055555555556 0.053125 0.02638888888888889
8 0.963671875 0.8902777777777777 0.06015625 0.07222222222222222
5 0.96328125 0.8680555555555556 0.0515625 0.030555555555555555
8 0.83984375 0.8763888888888889 0.0453125 0.058333333333333334
5 0.837890625 0.85625 0.04140625 0.029166666666666667
8 0.73671875 0.8729166666666667 0.0046875 0.04027777777777778
5 0.737890625 0.8534722222222222 0.00078125 0.009722222222222222
8 0.93828125 0.8340277777777778 0.028125 0.02638888888888889
5 0.922265625 0.8236111111111111 0.05078125 0.013888888888888888
8 0.926953125 0.8604166666666667 0.06015625 0.05416666666666667
5 0.92421875 0.8395833333333333 0.0546875 0.020833333333333332
8 0.841796875 0.8631944444444445 0.04921875 0.05138888888888889
5 0.841796875 0.8361111111111111 0.04921875 0.022222222222222223
8 0.89609375 0.9868055555555556 0.1046875 0.02361111111111111
5 0.892578125 0.9791666666666666 0.09765625 0.03888888888888889
8 0.896875 0.9722222222222222 0.10625 0.05277777777777778
5 0.89453125 0.95625 0.0984375 0.034722222222222224
0 0.450390625 0.8479166666666667 0.14140625 0.3013888888888889
0 0.665234375 0.7770833333333333 0.03359375 0.2375
1 0.1828125 0.6888888888888889 0.06875 0.08611111111111111
1 0.1640625 0.6930555555555555 0.075 0.09166666666666666
1 0.129296875 0.6881944444444444 0.06640625 0.0875
1 0.103515625 0.6916666666666667 0.07421875 0.08888888888888889
1 0.07109375 0.6847222222222222 0.071875 0.08333333333333333
1 0.048046875 0.6888888888888889 0.06171875 0.08888888888888889
1 0.01796875 0.6729166666666667 0.0015625 0.07361111111111111
2 0.766015625 0.9680555555555556 0.11015625 0.06111111111111111
2 0.680859375 0.9493055555555555 0.06328125 0.043055555555555555
2 0.921875 0.7638888888888888 0.0 0.005555555555555556
2 0.85390625 0.7555555555555555 0.0234375 0.025
2 0.85390625 0.7347222222222223 0.0234375 0.022222222222222223
2 0.853515625 0.6798611111111111 0.02421875 0.02638888888888889
5 0.032421875 0.9034722222222222 0.06484375 0.034722222222222224
5 0.03125 0.9194444444444444 0.0625 0.03611111111111111
5 0.025 0.9513888888888888 0.05 0.03888888888888889
5 0.03125 0.9354166666666667 0.0625 0.0375
5 0.030859375 0.9805555555555555 0.06171875 0.03611111111111111
5 0.03125 0.9659722222222222 0.0625 0.0375
5 0.0328125 0.8895833333333333 0.065625 0.034722222222222224
5 0.032421875 0.8708333333333333 0.06484375 0.03888888888888889
5 0.10703125 0.9159722222222222 0.1140625 0.0375
5 0.10703125 0.9319444444444445 0.1140625 0.03888888888888889
5 0.106640625 0.9659722222222222 0.11484375 0.04027777777777778
5 0.10703125 0.9493055555555555 0.1140625 0.04027777777777778
5 0.10625 0.9868055555555556 0.1140625 0.02361111111111111
5 0.10625 0.9791666666666666 0.1140625 0.03888888888888889
5 0.10703125 0.9013888888888889 0.1140625 0.03611111111111111
5 0.10703125 0.8847222222222222 0.1140625 0.03611111111111111
5 0.1078125 0.7881944444444444 0.1140625 0.029166666666666667
5 0.1078125 0.8048611111111111 0.1140625 0.03194444444444444
5 0.107421875 0.8381944444444445 0.11328125 0.03194444444444444
5 0.1078125 0.8215277777777777 0.1140625 0.03194444444444444
5 0.10703125 0.8701388888888889 0.1140625 0.034722222222222224
5 0.10703125 0.8527777777777777 0.1140625 0.03333333333333333
5 0.1078125 0.7729166666666667 0.1140625 0.029166666666666667
5 0.1078125 0.75625 0.1140625 0.029166666666666667
