3 0.499609375 0.8520833333333333 0.99921875 0.29305555555555557
5 0.04296875 0.9298611111111111 0.0859375 0.04861111111111111
5 0.04296875 0.9298611111111111 0.0859375 0.04861111111111111
5 0.04296875 0.9298611111111111 0.0859375 0.04861111111111111
5 0.04296875 0.9118055555555555 0.0859375 0.04861111111111111
5 0.04296875 0.9118055555555555 0.0859375 0.04861111111111111
5 0.04296875 0.9118055555555555 0.0859375 0.04861111111111111
5 0.04296875 0.8930555555555556 0.0859375 0.04722222222222222
5 0.04296875 0.8930555555555556 0.0859375 0.04722222222222222
5 0.04296875 0.8930555555555556 0.0859375 0.04722222222222222
5 0.04296875 0.8715277777777778 0.0859375 0.04861111111111111
5 0.04296875 0.8715277777777778 0.0859375 0.04861111111111111
5 0.04296875 0.8715277777777778 0.0859375 0.04861111111111111
6 0.6546875 0.9368055555555556 0.1046875 0.12361111111111112
6 0.473828125 0.9222222222222223 0.10390625 0.1527777777777778
6 0.654296875 0.825 0.10546875 0.14444444444444443
6 0.561328125 0.9270833333333334 0.10390625 0.14305555555555555
7 0.98984375 0.7430555555555556 0.01875 0.019444444444444445
7 0.937890625 0.7409722222222223 0.01328125 0.018055555555555554
8 0.85703125 0.9840277777777777 0.065625 0.029166666666666667
5 0.853515625 0.9840277777777777 0.06484375 0.029166666666666667
8 0.768359375 0.9784722222222222 0.07734375 0.04027777777777778
5 0.769140625 0.9777777777777777 0.06796875 0.041666666666666664
8 0.931640625 0.9881944444444445 0.06796875 0.020833333333333332
5 0.931640625 0.9881944444444445 0.06171875 0.020833333333333332
8 0.9875 0.9944444444444445 0.0046875 0.008333333333333333
5 0.994921875 0.9944444444444445 0.00859375 0.008333333333333333
8 0.657421875 0.7965277777777777 0.03359375 0.03194444444444444
5 0.658984375 0.7784722222222222 0.03046875 0.018055555555555554
8 0.61953125 0.7909722222222222 0.046875 0.034722222222222224
5 0.619921875 0.7743055555555556 0.04140625 0.018055555555555554
8 0.719921875 0.7972222222222223 0.01640625 0.044444444444444446
5 0.7140625 0.78125 0.0234375 0.018055555555555554
8 0.7515625 0.8006944444444445 0.0453125 0.04861111111111111
5 0.75234375 0.7840277777777778 0.040625 0.018055555555555554
8 0.601953125 0.8055555555555556 0.05078125 0.04722222222222222
5 0.601953125 0.7888888888888889 0.04453125 0.019444444444444445
8 0.6484375 0.8083333333333333 0.05 0.05
5 0.648828125 0.7930555555555555 0.04453125 0.019444444444444445
8 0.691015625 0.8125 0.04921875 0.044444444444444446
5 0.69140625 0.7965277777777777 0.04375 0.018055555555555554
8 0.740625 0.8173611111111111 0.0484375 0.05138888888888889
5 0.741015625 0.8013888888888889 0.04296875 0.022222222222222223
5 0.9796875 0.8069444444444445 0.0234375 0.011111111111111112
8 0.94921875 0.7916666666666666 0.0015625 0.005555555555555556
5 0.96953125 0.7958333333333333 0.0390625 0.011111111111111112
5 0.985546875 0.8194444444444444 0.01953125 0.013888888888888888
5 0.988671875 0.8326388888888889 0.01640625 0.0125
8 0.8390625 0.8097222222222222 0.040625 0.05
5 0.839453125 0.7951388888888888 0.03515625 0.020833333333333332
8 0.890234375 0.8013888888888889 0.03984375 0.025
5 0.89140625 0.7965277777777777 0.0359375 0.018055555555555554
8 0.883984375 0.8277777777777777 0.02421875 0.04722222222222222
5 0.891015625 0.8104166666666667 0.03359375 0.015277777777777777
8 0.8859375 0.8416666666666667 0.0375 0.05
5 0.887890625 0.8256944444444444 0.03671875 0.020833333333333332
0 0.95078125 0.8006944444444445 0.096875 0.22916666666666666
0 0.276953125 0.8006944444444445 0.16328125 0.2263888888888889
1 0.62890625 0.6444444444444445 0.0078125 0.019444444444444445
2 0.6375 0.65 0.0203125 0.011111111111111112
2 0.673828125 0.6527777777777778 0.00078125 0.008333333333333333
2 0.6734375 0.69375 0.0015625 0.004166666666666667
2 0.65078125 0.6506944444444445 0.015625 0.009722222222222222
2 0.6546875 0.6451388888888889 0.0125 0.001388888888888889
2 0.666015625 0.6520833333333333 0.01640625 0.009722222222222222
2 0.66796875 0.6458333333333334 0.0125 0.0
1 0.794921875 0.6881944444444444 0.07265625 0.09861111111111111
2 0.770703125 0.6548611111111111 0.01796875 0.0125
2 0.819140625 0.6666666666666666 0.01640625 0.030555555555555555
2 0.824609375 0.7048611111111112 0.00546875 0.03194444444444444
2 0.7796875 0.65625 0.003125 0.009722222222222222
2 0.78828125 0.6506944444444445 0.015625 0.001388888888888889
2 0.803125 0.6576388888888889 0.015625 0.009722222222222222
2 0.80390625 0.6506944444444445 0.015625 0.001388888888888889
1 0.6375 0.6965277777777777 0.0734375 0.10416666666666667
2 0.615234375 0.6625 0.02265625 0.013888888888888888
2 0.663671875 0.6736111111111112 0.02109375 0.03333333333333333
2 0.6609375 0.7145833333333333 0.0265625 0.034722222222222224
2 0.6296875 0.6645833333333333 0.01875 0.0125
2 0.633203125 0.65625 0.01640625 0.001388888888888889
2 0.645703125 0.6645833333333333 0.01796875 0.0125
2 0.650390625 0.6576388888888889 0.01640625 0.001388888888888889
1 0.784765625 0.7041666666666667 0.07890625 0.10833333333333334
2 0.75859375 0.66875 0.0203125 0.015277777777777777
2 0.81171875 0.68125 0.01875 0.034722222222222224
2 0.817578125 0.7229166666666667 0.00703125 0.034722222222222224
2 0.773828125 0.6701388888888888 0.01484375 0.0125
2 0.775 0.6625 0.0125 0.0
2 0.798828125 0.6715277777777777 0.00703125 0.0125
2 0.79921875 0.6631944444444444 0.0078125 0.001388888888888889
1 0.61328125 0.7125 0.084375 0.1111111111111111
2 0.58671875 0.6729166666666667 0.025 0.006944444444444444
2 0.640234375 0.6902777777777778 0.02421875 0.03611111111111111
2 0.64453125 0.7347222222222223 0.015625 0.03888888888888889
2 0.601953125 0.6743055555555556 0.01953125 0.004166666666666667
2 0.607421875 0.6715277777777777 0.01796875 0.001388888888888889
2 0.619921875 0.6756944444444445 0.01953125 0.004166666666666667
2 0.62421875 0.6722222222222223 0.01875 0.002777777777777778
1 0.772265625 0.7243055555555555 0.08671875 0.12083333333333333
2 0.743359375 0.6798611111111111 0.02265625 0.006944444444444444
2 0.802734375 0.6979166666666666 0.01484375 0.0375
2 0.809375 0.7479166666666667 0.0015625 0.034722222222222224
2 0.76171875 0.6819444444444445 0.0203125 0.005555555555555556
2 0.76484375 0.6784722222222223 0.01875 0.001388888888888889
2 0.776171875 0.6826388888888889 0.01015625 0.004166666666666667
2 0.776953125 0.6784722222222223 0.00703125 0.001388888888888889
1 0.60546875 0.7194444444444444 0.0796875 0.1111111111111111
2 0.57421875 0.7416666666666667 0.0171875 0.03611111111111111
2 0.57578125 0.7222222222222222 0.01875 0.002777777777777778
2 0.576171875 0.6944444444444444 0.02109375 0.03888888888888889
2 0.62890625 0.6986111111111111 0.025 0.03888888888888889
2 0.6109375 0.7430555555555556 0.0625 0.041666666666666664
2 0.5890625 0.6972222222222222 0.0203125 0.03611111111111111
2 0.594921875 0.6777777777777778 0.01796875 0.002777777777777778
2 0.60859375 0.6986111111111111 0.021875 0.03611111111111111
2 0.61328125 0.6784722222222223 0.0203125 0.001388888888888889
1 0.76640625 0.7340277777777777 0.090625 0.12638888888888888
2 0.735546875 0.7520833333333333 0.02109375 0.0375
2 0.7375 0.7319444444444444 0.0203125 0.002777777777777778
2 0.7359375 0.7034722222222223 0.0234375 0.04027777777777778
2 0.801171875 0.7069444444444445 0.01171875 0.041666666666666664
2 0.776953125 0.7541666666666667 0.06328125 0.044444444444444446
2 0.755078125 0.70625 0.02109375 0.0375
2 0.7578125 0.6861111111111111 0.0203125 0.002777777777777778
2 0.773046875 0.70625 0.01640625 0.0375
2 0.774609375 0.6861111111111111 0.01328125 0.002777777777777778
2 0.35625 0.7861111111111111 0.0640625 0.05555555555555555
2 0.36953125 0.7548611111111111 0.0375 0.0125
2 0.4296875 0.7951388888888888 0.08125 0.05138888888888889
2 0.480859375 0.7826388888888889 0.01953125 0.04861111111111111
2 0.4296875 0.7534722222222222 0.08125 0.04861111111111111
2 0.480859375 0.7430555555555556 0.01953125 0.04722222222222222
2 0.4296875 0.7111111111111111 0.08125 0.05277777777777778
2 0.451953125 0.7013888888888888 0.07734375 0.05
