3 0.499609375 0.8972222222222223 0.99921875 0.20277777777777778
4 0.180078125 0.8375 0.00234375 0.027777777777777776
4 0.03125 0.8777777777777778 0.0265625 0.075
5 0.434375 0.7895833333333333 0.0484375 0.0125
5 0.434375 0.7895833333333333 0.0484375 0.0125
5 0.434375 0.7895833333333333 0.0484375 0.0125
5 0.430078125 0.7770833333333333 0.05546875 0.0125
5 0.430078125 0.7770833333333333 0.05546875 0.0125
5 0.430078125 0.7770833333333333 0.05546875 0.0125
5 0.434375 0.8 0.0484375 0.013888888888888888
5 0.434375 0.8 0.0484375 0.013888888888888888
5 0.434375 0.8 0.0484375 0.013888888888888888
5 0.509375 0.8020833333333334 0.053125 0.0125
5 0.509375 0.8020833333333334 0.053125 0.0125
5 0.509375 0.8020833333333334 0.053125 0.0125
5 0.509375 0.7909722222222222 0.053125 0.0125
5 0.509375 0.7909722222222222 0.053125 0.0125
5 0.509375 0.7909722222222222 0.053125 0.0125
5 0.51015625 0.7791666666666667 0.0515625 0.013888888888888888
5 0.51015625 0.7791666666666667 0.0515625 0.013888888888888888
5 0.51015625 0.7791666666666667 0.0515625 0.013888888888888888
5 0.50859375 0.7666666666666667 0.0546875 0.013888888888888888
5 0.50859375 0.7666666666666667 0.0546875 0.013888888888888888
5 0.50859375 0.7666666666666667 0.0546875 0.013888888888888888
6 0.448828125 0.8222222222222222 0.06328125 0.10833333333333334
6 0.47890625 0.8041666666666667 0.0546875 0.09444444444444444
6 0.45078125 0.73125 0.0671875 0.10138888888888889
6 0.46640625 0.8125 0.0578125 0.10277777777777777
6 0.29453125 0.8770833333333333 0.11875 0.15138888888888888
6 0.282421875 0.9076388888888889 0.09453125 0.18194444444444444
7 0.057421875 0.9256944444444445 0.09609375 0.03194444444444444
8 0.096875 0.9847222222222223 0.003125 0.002777777777777778
5 0.07734375 0.9722222222222222 0.0484375 0.03611111111111111
8 0.363671875 0.8375 0.00390625 0.005555555555555556
5 0.357421875 0.8375 0.00703125 0.011111111111111112
8 0.39140625 0.8743055555555556 0.075 0.05694444444444444
5 0.388671875 0.85 0.06953125 0.016666666666666666
8 0.405859375 0.8631944444444445 0.08046875 0.05416666666666667
5 0.404296875 0.8416666666666667 0.07421875 0.016666666666666666
8 0.384765625 0.8840277777777777 0.06328125 0.059722222222222225
5 0.38203125 0.8604166666666667 0.0578125 0.020833333333333332
8 0.37421875 0.8979166666666667 0.040625 0.06527777777777778
5 0.37109375 0.8729166666666667 0.0359375 0.020833333333333332
8 0.993359375 0.8430555555555556 0.01171875 0.03888888888888889
5 0.994921875 0.8277777777777777 0.00859375 0.011111111111111112
8 0.98359375 0.8236111111111111 0.0125 0.013888888888888888
5 0.989453125 0.8208333333333333 0.01953125 0.011111111111111112
8 0.934765625 0.8368055555555556 0.07109375 0.043055555555555555
5 0.93359375 0.8173611111111111 0.0640625 0.009722222222222222
8 0.940234375 0.8458333333333333 0.06953125 0.05
5 0.941796875 0.8263888888888888 0.06796875 0.013888888888888888
8 0.9515625 0.8527777777777777 0.071875 0.05
5 0.95390625 0.83125 0.071875 0.009722222222222222
8 0.961328125 0.8520833333333333 0.07578125 0.03194444444444444
5 0.962890625 0.8423611111111111 0.07265625 0.018055555555555554
8 0.95859375 0.9194444444444444 0.08125 0.08055555555555556
5 0.95703125 0.8923611111111112 0.071875 0.029166666666666667
8 0.99140625 0.89375 0.015625 0.05694444444444444
5 0.99296875 0.8729166666666667 0.0125 0.020833333333333332
8 0.94296875 0.8986111111111111 0.0734375 0.07222222222222222
5 0.941796875 0.8729166666666667 0.06484375 0.02638888888888889
0 0.76171875 0.8208333333333333 0.1546875 0.35555555555555557
0 0.7828125 0.7833333333333333 0.084375 0.21944444444444444
0 0.59453125 0.7465277777777778 0.0546875 0.16527777777777777
1 0.058984375 0.7541666666666667 0.09453125 0.10555555555555556
1 0.041796875 0.7576388888888889 0.08359375 0.1125
1 0.0140625 0.7541666666666667 0.028125 0.10555555555555556
1 0.001953125 0.7541666666666667 0.00390625 0.10555555555555556
2 0.979296875 0.9895833333333334 0.03984375 0.018055555555555554
2 0.84609375 0.8013888888888889 0.00625 0.044444444444444446
2 0.905859375 0.7958333333333333 0.00078125 0.030555555555555555
2 0.87734375 0.8104166666666667 0.05625 0.04861111111111111
2 0.9359375 0.8020833333333334 0.059375 0.029166666666666667
2 0.8765625 0.76875 0.05625 0.04583333333333333
2 0.93515625 0.7694444444444445 0.059375 0.04722222222222222
2 0.8765625 0.7277777777777777 0.05625 0.044444444444444446
2 0.934375 0.7277777777777777 0.059375 0.044444444444444446
5 0.038671875 0.9805555555555555 0.07734375 0.03611111111111111
5 0.05 0.99375 0.0515625 0.009722222222222222
5 0.03828125 0.96875 0.0765625 0.05416666666666667
5 0.040234375 0.9395833333333333 0.08046875 0.05416666666666667
5 0.165625 0.9854166666666667 0.1796875 0.02638888888888889
5 0.23515625 0.9986111111111111 0.0015625 0.0
5 0.16640625 0.9743055555555555 0.1796875 0.04861111111111111
5 0.16640625 0.9506944444444444 0.1796875 0.05416666666666667
5 0.16875 0.7909722222222222 0.178125 0.0375
5 0.168359375 0.81875 0.17890625 0.04027777777777778
5 0.167578125 0.8736111111111111 0.17890625 0.04722222222222222
5 0.16796875 0.8458333333333333 0.178125 0.044444444444444446
5 0.166796875 0.9263888888888889 0.17890625 0.05
5 0.1671875 0.8979166666666667 0.1796875 0.04861111111111111
5 0.16875 0.7680555555555556 0.178125 0.03333333333333333
5 0.16953125 0.7402777777777778 0.178125 0.03333333333333333
