5 0.548046875 0.9020833333333333 0.08828125 0.034722222222222224
5 0.428125 0.8916666666666667 0.0890625 0.03333333333333333
3 0.499609375 0.9215277777777777 0.99921875 0.15416666666666667
5 0.428125 0.8743055555555556 0.0890625 0.034722222222222224
6 0.466015625 0.9798611111111111 0.10390625 0.0375
5 0.428125 0.8548611111111111 0.0890625 0.0375
5 0.548046875 0.8847222222222222 0.08828125 0.03611111111111111
6 0.36796875 0.9493055555555555 0.153125 0.09861111111111111
0 0.6828125 0.8625 0.09375 0.2722222222222222
5 0.548046875 0.8659722222222223 0.08828125 0.0375
5 0.548046875 0.8458333333333333 0.08828125 0.03888888888888889
