5 0.43984375 0.8680555555555556 0.06875 0.030555555555555555
5 0.801953125 0.7333333333333333 0.04453125 0.008333333333333333
2 0.9640625 0.6944444444444444 0.0234375 0.03333333333333333
5 0.48359375 0.6597222222222222 0.0390625 0.011111111111111112
8 0.891796875 0.8131944444444444 0.04921875 0.04861111111111111
5 0.3703125 0.7708333333333334 0.0234375 0.011111111111111112
5 0.7921875 0.7770833333333333 0.0359375 0.018055555555555554
7 0.022265625 0.9923611111111111 0.04453125 0.0125
5 0.26875 0.8861111111111111 0.075 0.030555555555555555
5 0.959765625 0.8743055555555556 0.06015625 0.02361111111111111
1 0.02265625 0.6555555555555556 0.0453125 0.08333333333333333
5 0.8 0.7958333333333333 0.0390625 0.022222222222222223
5 0.43984375 0.85625 0.06875 0.029166666666666667
8 0.94140625 0.8152777777777778 0.0515625 0.05
5 0.78984375 0.7166666666666667 0.040625 0.008333333333333333
8 0.793359375 0.7923611111111111 0.04140625 0.04583333333333333
5 0.451953125 0.7618055555555555 0.03671875 0.009722222222222222
6 0.415625 0.7965277777777777 0.065625 0.09305555555555556
5 0.43984375 0.9402777777777778 0.06875 0.03333333333333333
8 0.454296875 0.7625 0.05078125 0.030555555555555555
5 0.43984375 0.83125 0.06875 0.029166666666666667
5 0.26875 0.9215277777777777 0.075 0.03194444444444444
5 0.3921875 0.7597222222222222 0.0421875 0.008333333333333333
5 0.943359375 0.9833333333333333 0.09140625 0.030555555555555555
5 0.34921875 0.875 0.071875 0.03333333333333333
5 0.34921875 0.9 0.071875 0.030555555555555555
5 0.26875 0.8729166666666667 0.075 0.03194444444444444
2 0.984765625 0.6826388888888889 0.01171875 0.001388888888888889
5 0.34921875 0.8888888888888888 0.071875 0.030555555555555555
8 0.3984375 0.7611111111111111 0.0515625 0.027777777777777776
2 0.752734375 0.6993055555555555 0.03828125 0.0375
2 0.791796875 0.7 0.03828125 0.03888888888888889
5 0.48359375 0.6708333333333333 0.0390625 0.008333333333333333
2 0.90234375 0.7013888888888888 0.0046875 0.030555555555555555
2 0.97734375 0.7027777777777777 0.0265625 0.03611111111111111
5 0.26875 0.9340277777777778 0.075 0.03194444444444444
2 0.936328125 0.6541666666666667 0.01328125 0.0
5 0.43984375 0.8916666666666667 0.06875 0.030555555555555555
5 0.8078125 0.7444444444444445 0.0453125 0.013888888888888888
2 0.752734375 0.6701388888888888 0.03828125 0.0375
0 0.5546875 0.6555555555555556 0.0359375 0.12222222222222222
2 0.960546875 0.6513888888888889 0.03515625 0.005555555555555556
2 0.974609375 0.6520833333333333 0.01796875 0.001388888888888889
5 0.43984375 0.8069444444444445 0.06875 0.027777777777777776
2 0.95234375 0.7354166666666667 0.0125 0.034722222222222224
6 0.4140625 0.8173611111111111 0.05625 0.09583333333333334
2 0.98046875 0.6555555555555556 0.0203125 0.002777777777777778
2 0.93515625 0.6520833333333333 0.0109375 0.001388888888888889
6 0.476171875 0.6722222222222223 0.03984375 0.075
8 0.366796875 0.7895833333333333 0.01953125 0.03194444444444444
5 0.43984375 0.8791666666666667 0.06875 0.030555555555555555
2 0.971484375 0.7451388888888889 0.03828125 0.04583333333333333
1 0.965625 0.6555555555555556 0.05 0.03611111111111111
5 0.43984375 0.9152777777777777 0.06875 0.03333333333333333
4 0.21953125 0.8930555555555556 0.021875 0.09722222222222222
5 0.29453125 0.8736111111111111 0.0484375 0.030555555555555555
5 0.856640625 0.7347222222222223 0.04609375 0.008333333333333333
8 0.80078125 0.8111111111111111 0.04375 0.05
8 0.991796875 0.9715277777777778 0.01484375 0.05416666666666667
2 0.83671875 0.91875 0.0796875 0.09305555555555556
8 0.80859375 0.75625 0.05 0.034722222222222224
8 0.363671875 0.7972222222222223 0.03671875 0.019444444444444445
4 0.256640625 0.8430555555555556 0.00234375 0.044444444444444446
6 0.480859375 0.7215277777777778 0.03359375 0.07361111111111111
8 0.888671875 0.7888888888888889 0.06015625 0.03611111111111111
8 0.955078125 0.8770833333333333 0.05546875 0.02638888888888889
8 0.944140625 0.9840277777777777 0.10078125 0.029166666666666667
8 0.4578125 0.8138888888888889 0.0 0.0
8 0.8390625 0.79375 0.04375 0.04583333333333333
8 0.92578125 0.96875 0.09375 0.059722222222222225
8 0.47109375 0.7638888888888888 0.0046875 0.008333333333333333
5 0.79453125 0.7263888888888889 0.0421875 0.011111111111111112
0 0.701953125 0.7354166666666667 0.05234375 0.16805555555555557
1 0.123046875 0.6618055555555555 0.07265625 0.0875
8 0.36328125 0.7645833333333333 0.0 0.001388888888888889
5 0.423828125 0.6673611111111111 0.03984375 0.0125
1 0.134375 0.65625 0.065625 0.08472222222222223
5 0.34921875 0.9375 0.071875 0.03333333333333333
1 0.92578125 0.6916666666666667 0.0578125 0.10833333333333334
8 0.80234375 0.7472222222222222 0.0484375 0.03611111111111111
8 0.840234375 0.725 0.04453125 0.019444444444444445
5 0.43984375 0.9027777777777778 0.06875 0.030555555555555555
5 0.887890625 0.7770833333333333 0.05546875 0.015277777777777777
8 0.88671875 0.8590277777777777 0.084375 0.05138888888888889
5 0.48359375 0.6798611111111111 0.0390625 0.006944444444444444
5 0.43984375 0.9513888888888888 0.06875 0.03333333333333333
5 0.26875 0.8965277777777778 0.075 0.03194444444444444
5 0.423828125 0.6854166666666667 0.03984375 0.009722222222222222
5 0.924609375 0.9548611111111112 0.08515625 0.03194444444444444
2 0.9171875 0.6548611111111111 0.00625 0.001388888888888889
5 0.48359375 0.6881944444444444 0.0390625 0.006944444444444444
5 0.967578125 0.8965277777777778 0.04453125 0.02638888888888889
7 0.1453125 0.8798611111111111 0.0453125 0.04027777777777778
4 0.273828125 0.8222222222222222 0.01796875 0.07222222222222222
5 0.453515625 0.7520833333333333 0.04609375 0.0125
5 0.34921875 0.9118055555555555 0.071875 0.03194444444444444
5 0.005859375 0.7916666666666666 0.01171875 0.013888888888888888
5 0.43984375 0.8444444444444444 0.06875 0.030555555555555555
5 0.43984375 0.7819444444444444 0.06875 0.027777777777777776
7 0.2625 0.8319444444444445 0.065625 0.025
5 0.874609375 0.7645833333333333 0.05234375 0.0125
4 0.090625 0.9986111111111111 0.003125 0.0
5 0.26875 0.9444444444444444 0.075 0.03333333333333333
1 0.966796875 0.725 0.04765625 0.125
5 0.354296875 0.8694444444444445 0.04140625 0.019444444444444445
5 0.45859375 0.7729166666666667 0.01875 0.009722222222222222
6 0.475390625 0.7333333333333333 0.03671875 0.075
5 0.43984375 0.7951388888888888 0.06875 0.029166666666666667
5 0.34921875 0.9486111111111111 0.071875 0.03333333333333333
5 0.887109375 0.7986111111111112 0.03515625 0.022222222222222223
8 0.966015625 0.9152777777777777 0.04765625 0.06111111111111111
4 0.323828125 0.7805555555555556 0.00859375 0.06388888888888888
2 0.9578125 0.6618055555555555 0.01875 0.020833333333333332
0 0.709765625 0.8597222222222223 0.07734375 0.2777777777777778
2 0.791796875 0.6708333333333333 0.03828125 0.03611111111111111
5 0.43984375 0.8194444444444444 0.06875 0.027777777777777776
5 0.36484375 0.7847222222222222 0.034375 0.016666666666666666
6 0.483984375 0.7055555555555556 0.03359375 0.06111111111111111
8 0.84921875 0.8125 0.046875 0.05
5 0.8484375 0.7972222222222223 0.040625 0.022222222222222223
4 0.188671875 0.9402777777777778 0.00546875 0.09722222222222222
1 0.015234375 0.6611111111111111 0.03046875 0.08611111111111111
8 0.296484375 0.8868055555555555 0.05078125 0.05138888888888889
8 0.87578125 0.7722222222222223 0.0578125 0.025
2 0.928515625 0.7097222222222223 0.04765625 0.03888888888888889
1 0.071484375 0.65625 0.07109375 0.08472222222222223
2 0.791796875 0.6430555555555556 0.03828125 0.03611111111111111
8 0.829296875 0.7395833333333334 0.01015625 0.03194444444444444
5 0.423828125 0.6770833333333334 0.03984375 0.009722222222222222
2 0.913671875 0.9097222222222222 0.08671875 0.06944444444444445
2 0.96796875 0.6993055555555555 0.0203125 0.034722222222222224
7 0.319921875 0.7659722222222223 0.05390625 0.018055555555555554
2 0.730859375 0.6881944444444444 0.00390625 0.034722222222222224
1 0.056640625 0.6618055555555555 0.07421875 0.0875
5 0.005859375 0.8006944444444445 0.01171875 0.015277777777777777
2 0.96640625 0.6909722222222222 0.040625 0.034722222222222224
2 0.94453125 0.69375 0.003125 0.001388888888888889
3 0.499609375 0.8395833333333333 0.99921875 0.31805555555555554
5 0.005859375 0.7840277777777778 0.01171875 0.0125
2 0.91796875 0.6631944444444444 0.0359375 0.029166666666666667
5 0.940625 0.8 0.0453125 0.022222222222222223
2 0.9125 0.6645833333333333 0.015625 0.02638888888888889
4 0.134765625 0.9625 0.02578125 0.07222222222222222
2 0.752734375 0.6416666666666667 0.03828125 0.03611111111111111
5 0.34921875 0.9604166666666667 0.071875 0.034722222222222224
8 0.359765625 0.8819444444444444 0.03671875 0.041666666666666664
5 0.005859375 0.7763888888888889 0.01171875 0.013888888888888888
8 0.857421875 0.7479166666666667 0.05078125 0.034722222222222224
5 0.398046875 0.75 0.04609375 0.011111111111111112
5 0.458203125 0.7895833333333333 0.00078125 0.001388888888888889
8 0.86484375 0.7548611111111111 0.0515625 0.029166666666666667
5 0.838671875 0.7784722222222222 0.03828125 0.018055555555555554
5 0.26875 0.9569444444444445 0.075 0.03333333333333333
5 0.26875 0.9090277777777778 0.075 0.03194444444444444
5 0.43984375 0.9638888888888889 0.06875 0.03333333333333333
8 0.223046875 0.9673611111111111 0.07734375 0.0625
2 0.9625 0.6631944444444444 0.0140625 0.018055555555555554
2 0.981640625 0.6791666666666667 0.01796875 0.002777777777777778
5 0.99375 0.9555555555555556 0.0109375 0.025
5 0.43984375 0.9277777777777778 0.06875 0.03333333333333333
2 0.9328125 0.6722222222222223 0.0375 0.030555555555555555
5 0.864453125 0.7458333333333333 0.04765625 0.013888888888888888
8 0.793359375 0.7388888888888889 0.04296875 0.03333333333333333
8 0.790625 0.7298611111111111 0.0453125 0.03194444444444444
2 0.974609375 0.6673611111111111 0.03203125 0.020833333333333332
5 0.84765625 0.7277777777777777 0.04375 0.011111111111111112
5 0.34921875 0.9243055555555556 0.071875 0.03194444444444444
5 0.841015625 0.7180555555555556 0.04296875 0.008333333333333333
