5 0.564453125 0.7375 0.05078125 0.008333333333333333
4 0.7203125 0.7965277777777777 0.003125 0.08472222222222223
5 0.959765625 0.7138888888888889 0.05234375 0.013888888888888888
8 0.91875 0.7333333333333333 0.046875 0.019444444444444445
7 0.6078125 0.8388888888888889 0.0421875 0.03333333333333333
2 0.865234375 0.6486111111111111 0.01015625 0.0
5 0.880859375 0.8069444444444445 0.06796875 0.016666666666666666
5 0.934375 0.7208333333333333 0.0375 0.008333333333333333
0 0.2046875 0.8263888888888888 0.209375 0.34444444444444444
5 0.880859375 0.8409722222222222 0.06484375 0.02361111111111111
5 0.527734375 0.7395833333333334 0.02578125 0.006944444444444444
8 0.939453125 0.7291666666666666 0.02734375 0.013888888888888888
5 0.566796875 0.7520833333333333 0.05546875 0.0125
5 0.696484375 0.7034722222222223 0.03828125 0.006944444444444444
4 0.30859375 0.8388888888888889 0.00625 0.008333333333333333
8 0.753515625 0.7159722222222222 0.00390625 0.02361111111111111
8 0.694140625 0.7125 0.03828125 0.019444444444444445
5 0.9390625 0.7881944444444444 0.046875 0.015277777777777777
2 0.87890625 0.6486111111111111 0.0109375 0.0
2 0.877734375 0.65 0.00859375 0.0
2 0.98203125 0.6868055555555556 0.0 0.009722222222222222
8 0.8828125 0.7347222222222223 0.0296875 0.013888888888888888
2 0.757421875 0.6576388888888889 0.01796875 0.02361111111111111
2 0.6046875 0.6770833333333334 0.04375 0.029166666666666667
2 0.741015625 0.65625 0.02578125 0.02361111111111111
5 0.338671875 0.7215277777777778 0.02734375 0.006944444444444444
5 0.8953125 0.7256944444444444 0.0484375 0.009722222222222222
8 0.540625 0.7659722222222223 0.0515625 0.03194444444444444
2 0.886328125 0.6965277777777777 0.05390625 0.029166666666666667
2 0.980859375 0.6527777777777778 0.00859375 0.016666666666666666
5 0.2890625 0.7166666666666667 0.034375 0.011111111111111112
4 0.8875 0.8465277777777778 0.015625 0.06527777777777778
2 0.87109375 0.6986111111111111 0.0359375 0.027777777777777776
5 0.023046875 0.8465277777777778 0.04140625 0.02638888888888889
2 0.858203125 0.6479166666666667 0.01171875 0.001388888888888889
5 0.88125 0.8291666666666667 0.0671875 0.022222222222222223
1 0.951171875 0.8826388888888889 0.07421875 0.10694444444444444
5 0.97265625 0.8319444444444445 0.01875 0.019444444444444445
4 0.9640625 0.85 0.0421875 0.10555555555555556
0 0.261328125 0.8298611111111112 0.22578125 0.3375
2 0.965625 0.6444444444444445 0.021875 0.002777777777777778
2 0.758984375 0.6756944444444445 0.00859375 0.001388888888888889
5 0.337890625 0.7131944444444445 0.02734375 0.009722222222222222
8 0.85859375 0.7222222222222222 0.0 0.0
2 0.790234375 0.6444444444444445 0.01171875 0.0
6 0.253125 0.7479166666666667 0.1 0.1486111111111111
2 0.76328125 0.64375 0.009375 0.001388888888888889
1 0.966015625 0.6694444444444444 0.03203125 0.06666666666666667
8 0.568359375 0.76875 0.06015625 0.0375
5 0.959765625 0.6909722222222222 0.05234375 0.015277777777777777
8 0.717578125 0.7166666666666667 0.04140625 0.025
2 0.890625 0.68125 0.025 0.001388888888888889
5 0.94140625 0.8444444444444444 0.0421875 0.019444444444444445
8 0.6203125 0.7680555555555556 0.0125 0.03333333333333333
5 0.966015625 0.7965277777777777 0.02578125 0.009722222222222222
2 0.862890625 0.65 0.01484375 0.0
1 0.86015625 0.6409722222222223 0.015625 0.0125
5 0.75625 0.7111111111111111 0.0234375 0.008333333333333333
4 0.543359375 0.7666666666666667 0.01015625 0.05555555555555555
4 0.210546875 0.7958333333333333 0.01328125 0.002777777777777778
8 0.527734375 0.7645833333333333 0.02578125 0.015277777777777777
2 0.63515625 0.6493055555555556 0.05 0.02638888888888889
5 0.75 0.7013888888888888 0.0375 0.002777777777777778
1 0.00859375 0.7 0.009375 0.09166666666666666
2 0.92109375 0.6583333333333333 0.0109375 0.025
2 0.85546875 0.6631944444444444 0.0046875 0.02638888888888889
5 0.15390625 0.81875 0.0015625 0.004166666666666667
8 0.787890625 0.8194444444444444 0.06171875 0.041666666666666664
6 0.223828125 0.8354166666666667 0.03515625 0.02361111111111111
5 0.9671875 0.8118055555555556 0.0265625 0.020833333333333332
2 0.94765625 0.6590277777777778 0.015625 0.02361111111111111
6 0.104296875 0.76875 0.11171875 0.17916666666666667
2 0.855859375 0.6826388888888889 0.00546875 0.001388888888888889
1 0.7765625 0.6548611111111111 0.053125 0.04027777777777778
5 0.96796875 0.7854166666666667 0.009375 0.001388888888888889
4 0.572265625 0.9729166666666667 0.00546875 0.05138888888888889
2 0.87578125 0.64375 0.0140625 0.006944444444444444
6 0.680859375 0.7534722222222222 0.06171875 0.09027777777777778
5 0.337109375 0.7034722222222223 0.02734375 0.009722222222222222
6 0.508984375 0.71875 0.05078125 0.06527777777777778
5 0.59453125 0.7569444444444444 0.05625 0.013888888888888888
6 0.5125 0.8354166666666667 0.15 0.2569444444444444
5 0.93359375 0.8097222222222222 0.0578125 0.019444444444444445
2 0.89765625 0.6631944444444444 0.0296875 0.02638888888888889
6 0.5390625 0.7263888888888889 0.0546875 0.06944444444444445
6 0.47734375 0.7159722222222222 0.040625 0.06805555555555555
6 0.539453125 0.6645833333333333 0.05703125 0.07083333333333333
1 0.03046875 0.7534722222222222 0.0609375 0.15138888888888888
2 0.780859375 0.6444444444444445 0.00546875 0.0
6 0.5125 0.9583333333333334 0.15 0.08055555555555556
2 0.974609375 0.6527777777777778 0.00234375 0.016666666666666666
1 0.855859375 0.6798611111111111 0.07265625 0.0763888888888889
2 0.912109375 0.6576388888888889 0.01796875 0.02361111111111111
5 0.959765625 0.7027777777777777 0.05234375 0.013888888888888888
8 0.85390625 0.7222222222222222 0.0015625 0.0
1 0.757421875 0.6701388888888888 0.06328125 0.06805555555555555
2 0.734375 0.6861111111111111 0.0125 0.019444444444444445
2 0.775 0.6763888888888889 0.0234375 0.002777777777777778
1 0.883984375 0.6784722222222223 0.06328125 0.07916666666666666
5 0.8734375 0.7159722222222222 0.040625 0.006944444444444444
5 0.959765625 0.68125 0.05234375 0.0125
1 0.928125 0.6756944444444445 0.0546875 0.07916666666666666
5 0.760546875 0.7041666666666667 0.01484375 0.002777777777777778
7 0.431640625 0.7694444444444445 0.05859375 0.016666666666666666
6 0.3078125 0.8590277777777777 0.184375 0.2791666666666667
5 0.9375 0.7819444444444444 0.028125 0.005555555555555556
5 0.865234375 0.7194444444444444 0.02421875 0.005555555555555556
5 0.959765625 0.7256944444444444 0.05234375 0.015277777777777777
5 0.34375 0.6930555555555555 0.0421875 0.011111111111111112
8 0.908984375 0.7340277777777777 0.02890625 0.018055555555555554
8 0.875 0.71875 0.04375 0.006944444444444444
5 0.0796875 0.8548611111111111 0.046875 0.0125
8 0.5953125 0.7736111111111111 0.0625 0.03611111111111111
5 0.858203125 0.7125 0.01015625 0.002777777777777778
2 0.883203125 0.64375 0.01015625 0.006944444444444444
2 0.895703125 0.6402777777777777 0.01484375 0.0
2 0.922265625 0.6777777777777778 0.01171875 0.0
2 0.87421875 0.6819444444444445 0.0015625 0.0
2 0.887109375 0.6486111111111111 0.00390625 0.0
5 0.290625 0.70625 0.0328125 0.0125
8 0.813671875 0.8180555555555555 0.02421875 0.03611111111111111
2 0.933984375 0.6909722222222222 0.03515625 0.02638888888888889
2 0.56875 0.6993055555555555 0.0265625 0.029166666666666667
5 0.93359375 0.7986111111111112 0.0578125 0.019444444444444445
1 0.8859375 0.6569444444444444 0.0609375 0.05
5 0.0875 0.8375 0.0453125 0.005555555555555556
2 0.934375 0.6590277777777778 0.0140625 0.02361111111111111
8 0.6015625 0.7638888888888888 0.0296875 0.03611111111111111
8 0.5875 0.75625 0.053125 0.029166666666666667
1 0.89765625 0.9145833333333333 0.1828125 0.16805555555555557
3 0.49375 0.8465277777777778 0.9875 0.30416666666666664
8 0.731640625 0.7097222222222223 0.02734375 0.016666666666666666
2 0.853515625 0.65 0.00078125 0.0
2 0.77265625 0.6583333333333333 0.028125 0.025
5 0.1546875 0.8131944444444444 0.0 0.004166666666666667
5 0.210546875 0.8395833333333333 0.00703125 0.009722222222222222
5 0.8203125 0.8 0.0015625 0.0
6 0.75 0.7576388888888889 0.065625 0.08472222222222223
4 0.783203125 0.8118055555555556 0.04296875 0.09027777777777778
5 0.6078125 0.7465277777777778 0.0375 0.009722222222222222
8 0.5484375 0.7520833333333333 0.0203125 0.029166666666666667
0 0.79609375 0.6902777777777778 0.0578125 0.14722222222222223
0 0.4625 0.6694444444444444 0.05 0.11388888888888889
2 0.794140625 0.6569444444444444 0.01796875 0.022222222222222223
6 0.307421875 0.9701388888888889 0.18515625 0.05694444444444444
2 0.76328125 0.6881944444444444 0.0484375 0.02361111111111111
2 0.75625 0.6444444444444445 0.003125 0.0
2 0.655078125 0.7013888888888888 0.01015625 0.025
8 0.749609375 0.7166666666666667 0.03359375 0.016666666666666666
0 0.80859375 0.8597222222222223 0.359375 0.2777777777777778
5 0.8875 0.7916666666666666 0.0546875 0.016666666666666666
5 0.740625 0.7083333333333334 0.040625 0.008333333333333333
2 0.6046875 0.6506944444444445 0.04375 0.029166666666666667
5 0.966015625 0.7916666666666666 0.02578125 0.013888888888888888
5 0.880859375 0.8180555555555555 0.06796875 0.019444444444444445
8 0.7546875 0.7215277777777778 0.025 0.02361111111111111
5 0.590234375 0.7416666666666667 0.05234375 0.008333333333333333
4 0.63984375 0.7819444444444444 0.040625 0.07777777777777778
5 0.54140625 0.7479166666666667 0.053125 0.0125
5 0.717578125 0.7055555555555556 0.03671875 0.008333333333333333
2 0.858984375 0.6451388888888889 0.01328125 0.004166666666666667
5 0.93359375 0.8222222222222222 0.0578125 0.019444444444444445
2 0.747265625 0.6763888888888889 0.01171875 0.0
5 0.88359375 0.7805555555555556 0.0625 0.016666666666666666
2 0.909375 0.6909722222222222 0.0109375 0.020833333333333332
7 0.104296875 0.85625 0.01328125 0.018055555555555554
5 0.967578125 0.8222222222222222 0.02734375 0.019444444444444445
5 0.728125 0.6993055555555555 0.0375 0.004166666666666667
2 0.90078125 0.6451388888888889 0.0234375 0.006944444444444444
5 0.786328125 0.8013888888888889 0.05859375 0.011111111111111112
5 0.96015625 0.7326388888888888 0.053125 0.015277777777777777
2 0.655078125 0.6763888888888889 0.01015625 0.025
5 0.023046875 0.8618055555555556 0.04140625 0.02361111111111111
2 0.6046875 0.7034722222222223 0.04375 0.029166666666666667
2 0.9328125 0.6458333333333334 0.015625 0.0
1 0.12109375 0.8236111111111111 0.125 0.23333333333333334
5 0.9390625 0.8319444444444445 0.046875 0.016666666666666666
2 0.74296875 0.6569444444444444 0.009375 0.022222222222222223
7 0.56875 0.8041666666666667 0.06875 0.022222222222222223
5 0.959375 0.6694444444444444 0.053125 0.013888888888888888
5 0.861328125 0.7743055555555556 0.02578125 0.009722222222222222
2 0.8734375 0.6645833333333333 0.0296875 0.02638888888888889
5 0.88046875 0.8520833333333333 0.0625 0.020833333333333332
4 0.471875 0.9618055555555556 0.03125 0.07361111111111111
8 0.7390625 0.7201388888888889 0.040625 0.02638888888888889
6 0.103125 0.9104166666666667 0.1125 0.1763888888888889
8 0.86484375 0.7125 0.0015625 0.0
1 0.043359375 0.8333333333333334 0.08671875 0.25
5 0.912109375 0.7229166666666667 0.04140625 0.009722222222222222
1 0.01328125 0.7027777777777777 0.01875 0.09722222222222222
8 0.944140625 0.8534722222222222 0.08046875 0.07083333333333333
2 0.82265625 0.6548611111111111 0.0015625 0.009722222222222222
2 0.767578125 0.6444444444444445 0.01015625 0.0
5 0.621875 0.7513888888888889 0.009375 0.005555555555555556
2 0.865234375 0.6402777777777777 0.01484375 0.002777777777777778
7 0.8953125 0.9076388888888889 0.0859375 0.034722222222222224
5 0.8734375 0.7256944444444444 0.040625 0.006944444444444444
2 0.821875 0.6534722222222222 0.003125 0.018055555555555554
