5 0.388671875 0.7340277777777777 0.02890625 0.018055555555555554
2 0.34140625 0.6520833333333333 0.0109375 0.03194444444444444
2 0.425 0.6416666666666667 0.0 0.0
8 0.508203125 0.7388888888888889 0.04140625 0.041666666666666664
5 0.4375 0.73125 0.025 0.018055555555555554
5 0.468359375 0.7284722222222222 0.03515625 0.018055555555555554
2 0.317578125 0.6104166666666667 0.01171875 0.001388888888888889
5 0.043359375 0.9076388888888889 0.05859375 0.0625
2 0.449609375 0.6118055555555556 0.01484375 0.0125
4 0.953515625 0.8923611111111112 0.01484375 0.09305555555555556
8 0.8578125 0.8611111111111112 0.0078125 0.03333333333333333
2 0.428515625 0.6486111111111111 0.00546875 0.016666666666666666
2 0.434375 0.6131944444444445 0.015625 0.0125
8 0.756640625 0.8465277777777778 0.01953125 0.029166666666666667
6 0.94375 0.825 0.075 0.11944444444444445
5 0.72890625 0.8486111111111111 0.0609375 0.027777777777777776
2 0.2828125 0.6597222222222222 0.003125 0.022222222222222223
2 0.484375 0.6215277777777778 0.021875 0.006944444444444444
2 0.494921875 0.6423611111111112 0.02265625 0.034722222222222224
2 0.313671875 0.6270833333333333 0.01640625 0.001388888888888889
2 0.289453125 0.6256944444444444 0.01640625 0.03194444444444444
8 0.433203125 0.7284722222222222 0.01640625 0.0375
2 0.9203125 0.6527777777777778 0.0171875 0.030555555555555555
2 0.88046875 0.6298611111111111 0.053125 0.034722222222222224
2 0.43203125 0.6048611111111111 0.015625 0.001388888888888889
2 0.465234375 0.6451388888888889 0.01796875 0.03194444444444444
5 0.034375 0.9895833333333334 0.05 0.018055555555555554
2 0.4453125 0.6048611111111111 0.0140625 0.001388888888888889
6 0.637890625 0.7513888888888889 0.08515625 0.11666666666666667
2 0.332421875 0.6298611111111111 0.01796875 0.004166666666666667
2 0.3015625 0.6527777777777778 0.01875 0.03611111111111111
8 0.626171875 0.7298611111111111 0.05234375 0.034722222222222224
7 0.542578125 0.6569444444444444 0.01484375 0.013888888888888888
7 0.765625 0.9618055555555556 0.0015625 0.0125
2 0.4625 0.6104166666666667 0.01875 0.015277777777777777
8 0.66015625 0.7277777777777777 0.015625 0.03333333333333333
7 0.633984375 0.6506944444444445 0.02734375 0.015277777777777777
2 0.31484375 0.6319444444444444 0.0171875 0.005555555555555556
2 0.445703125 0.6444444444444445 0.02265625 0.03611111111111111
8 0.93828125 0.7006944444444444 0.0125 0.009722222222222222
2 0.230078125 0.76875 0.06953125 0.04583333333333333
2 0.910546875 0.7236111111111111 0.06953125 0.04722222222222222
8 0.751953125 0.9048611111111111 0.02890625 0.0625
5 0.855859375 0.6930555555555555 0.01171875 0.013888888888888888
1 0.461328125 0.6576388888888889 0.07421875 0.10138888888888889
5 0.6015625 0.7069444444444445 0.0390625 0.016666666666666666
8 0.43828125 0.7444444444444445 0.0265625 0.041666666666666664
2 0.42578125 0.6208333333333333 0.003125 0.027777777777777776
5 0.853515625 0.84375 0.01015625 0.015277777777777777
7 0.740625 0.6465277777777778 0.0 0.001388888888888889
8 0.49609375 0.7256944444444444 0.0390625 0.0375
2 0.451171875 0.6201388888888889 0.01796875 0.001388888888888889
2 0.298828125 0.6409722222222223 0.01640625 0.029166666666666667
2 0.284765625 0.6625 0.00546875 0.025
2 0.348046875 0.6284722222222222 0.01953125 0.006944444444444444
2 0.4265625 0.65625 0.003125 0.02638888888888889
3 0.51484375 0.8125 0.96875 0.37222222222222223
2 0.318359375 0.6180555555555556 0.01015625 0.013888888888888888
5 0.457421875 0.7138888888888889 0.03359375 0.013888888888888888
5 0.75234375 0.8791666666666667 0.028125 0.03611111111111111
2 0.155859375 0.7680555555555556 0.07265625 0.05555555555555555
8 0.467578125 0.7423611111111111 0.03984375 0.04027777777777778
2 0.279296875 0.6465277777777778 0.00390625 0.02638888888888889
2 0.430078125 0.5916666666666667 0.01015625 0.0
7 0.851953125 0.6395833333333333 0.00390625 0.0125
2 0.44375 0.6833333333333333 0.0171875 0.030555555555555555
8 0.651171875 0.6993055555555555 0.04921875 0.015277777777777777
2 0.230078125 0.7277777777777777 0.06953125 0.044444444444444446
2 0.230078125 0.6840277777777778 0.06953125 0.05138888888888889
5 0.759375 0.8402777777777778 0.015625 0.022222222222222223
5 0.626171875 0.7166666666666667 0.04609375 0.011111111111111112
2 0.303125 0.6965277777777777 0.0171875 0.034722222222222224
2 0.93828125 0.6256944444444444 0.053125 0.03194444444444444
2 0.424609375 0.5993055555555555 0.00078125 0.006944444444444444
2 0.298046875 0.6041666666666666 0.01484375 0.011111111111111112
2 0.434765625 0.6777777777777778 0.01015625 0.030555555555555555
0 0.928125 0.5951388888888889 0.0421875 0.09583333333333334
6 0.494140625 0.8555555555555555 0.08359375 0.125
2 0.3109375 0.5965277777777778 0.0140625 0.001388888888888889
7 0.971875 0.6291666666666667 0.0125 0.005555555555555556
8 0.85390625 0.9034722222222222 0.0109375 0.04583333333333333
5 0.49609375 0.7125 0.034375 0.016666666666666666
5 0.383984375 0.71875 0.03203125 0.015277777777777777
2 0.15859375 0.7493055555555556 0.06875 0.04583333333333333
2 0.437109375 0.6347222222222222 0.02109375 0.030555555555555555
8 0.56484375 0.7229166666666667 0.04375 0.0375
8 0.383203125 0.7319444444444444 0.03671875 0.041666666666666664
2 0.276171875 0.6402777777777777 0.00234375 0.016666666666666666
2 0.47109375 0.6229166666666667 0.0171875 0.004166666666666667
2 0.46640625 0.6194444444444445 0.015625 0.002777777777777778
2 0.312109375 0.6034722222222222 0.01484375 0.009722222222222222
1 0.423046875 0.6243055555555556 0.06328125 0.08472222222222223
2 0.42890625 0.6736111111111112 0.0046875 0.030555555555555555
5 0.432421875 0.7159722222222222 0.01484375 0.015277777777777777
8 0.849609375 0.7048611111111112 0.00078125 0.0125
5 0.925 0.6875 0.0421875 0.013888888888888888
2 0.229296875 0.6541666666666667 0.06640625 0.011111111111111112
7 0.67421875 0.6486111111111111 0.028125 0.013888888888888888
5 0.65859375 0.7055555555555556 0.0359375 0.013888888888888888
7 0.57890625 0.6534722222222222 0.0265625 0.015277777777777777
5 0.87578125 0.8680555555555556 0.0546875 0.03611111111111111
8 0.921484375 0.88125 0.08046875 0.07083333333333333
2 0.95625 0.6534722222222222 0.053125 0.04027777777777778
1 0.3046875 0.6305555555555555 0.0640625 0.08333333333333333
2 0.320703125 0.6020833333333333 0.00546875 0.0125
2 0.431640625 0.5979166666666667 0.01328125 0.009722222222222222
2 0.96953125 0.6347222222222222 0.0171875 0.005555555555555556
5 0.940625 0.6993055555555555 0.0109375 0.009722222222222222
5 0.565234375 0.7097222222222223 0.03828125 0.016666666666666666
8 0.921875 0.6930555555555555 0.0421875 0.019444444444444445
2 0.300390625 0.6909722222222222 0.01796875 0.02638888888888889
2 0.476953125 0.6263888888888889 0.01796875 0.002777777777777778
6 0.56640625 0.8479166666666667 0.084375 0.12361111111111112
1 0.312890625 0.6465277777777778 0.06953125 0.09583333333333334
2 0.480078125 0.6833333333333333 0.05390625 0.03611111111111111
8 0.880078125 0.8979166666666667 0.05234375 0.04861111111111111
2 0.316796875 0.6534722222222222 0.01328125 0.03194444444444444
0 0.96328125 0.6881944444444444 0.0390625 0.15694444444444444
2 0.340234375 0.6159722222222223 0.00859375 0.015277777777777777
5 0.948828125 0.6833333333333333 0.02734375 0.008333333333333333
0 0.719921875 0.7 0.09453125 0.1638888888888889
5 0.50859375 0.7256944444444444 0.0359375 0.018055555555555554
0 0.22734375 0.7875 0.1671875 0.22777777777777777
8 0.936328125 0.6875 0.00859375 0.011111111111111112
1 0.323046875 0.6506944444444445 0.07578125 0.07361111111111111
5 0.04375 0.9493055555555555 0.0578125 0.059722222222222225
8 0.457421875 0.7277777777777777 0.03828125 0.03888888888888889
1 0.449609375 0.6340277777777777 0.04921875 0.08194444444444444
2 0.88046875 0.6576388888888889 0.053125 0.034722222222222224
2 0.444140625 0.5965277777777778 0.01640625 0.0125
2 0.95625 0.6763888888888889 0.053125 0.022222222222222223
2 0.35390625 0.65 0.0203125 0.03611111111111111
8 0.645703125 0.7159722222222222 0.01328125 0.02638888888888889
1 0.470703125 0.6666666666666666 0.07734375 0.10555555555555556
2 0.3984375 0.6375 0.009375 0.025
2 0.304296875 0.6104166666666667 0.01484375 0.001388888888888889
6 0.637890625 0.84375 0.08515625 0.11527777777777778
5 0.879296875 0.8347222222222223 0.06171875 0.030555555555555555
2 0.3375 0.69375 0.0546875 0.0375
2 0.291796875 0.6833333333333333 0.00078125 0.025
8 0.669140625 0.7347222222222223 0.00703125 0.030555555555555555
8 0.880859375 0.8548611111111111 0.06484375 0.05138888888888889
5 0.92265625 0.8631944444444445 0.071875 0.034722222222222224
8 0.387109375 0.7472222222222222 0.03203125 0.044444444444444446
5 0.6703125 0.7222222222222222 0.0046875 0.008333333333333333
2 0.48125 0.6444444444444445 0.01875 0.030555555555555555
2 0.886328125 0.7125 0.07109375 0.044444444444444446
2 0.340234375 0.6340277777777777 0.00859375 0.001388888888888889
5 0.043359375 0.9291666666666667 0.05859375 0.06388888888888888
1 0.327734375 0.6736111111111112 0.07890625 0.10555555555555556
5 0.0296875 0.9777777777777777 0.059375 0.041666666666666664
2 0.4546875 0.6243055555555556 0.01875 0.004166666666666667
2 0.4 0.6402777777777777 0.00625 0.025
5 0.851953125 0.88125 0.00703125 0.015277777777777777
8 0.728125 0.8631944444444445 0.06875 0.05416666666666667
5 0.65078125 0.6965277777777777 0.04375 0.0125
8 0.640625 0.7395833333333334 0.0515625 0.0375
2 0.2828125 0.6111111111111112 0.015625 0.027777777777777776
5 0.6390625 0.7270833333333333 0.0484375 0.015277777777777777
2 0.30546875 0.6194444444444445 0.015625 0.013888888888888888
2 0.31640625 0.6347222222222222 0.0140625 0.002777777777777778
2 0.29609375 0.5979166666666667 0.0140625 0.001388888888888889
2 0.3984375 0.6055555555555555 0.009375 0.027777777777777776
2 0.330078125 0.6263888888888889 0.01640625 0.002777777777777778
5 0.04375 0.96875 0.0578125 0.05694444444444444
2 0.448046875 0.6861111111111111 0.01953125 0.03333333333333333
7 0.7640625 0.6444444444444445 0.0078125 0.013888888888888888
5 0.663671875 0.7145833333333333 0.01953125 0.009722222222222222
2 0.4609375 0.6277777777777778 0.0171875 0.002777777777777778
8 0.59140625 0.7194444444444444 0.025 0.03611111111111111
