2 0.320703125 0.8479166666666667 0.03046875 0.004166666666666667
3 0.4984375 0.8979166666666667 0.4015625 0.2013888888888889
1 0.601171875 0.7673611111111112 0.01328125 0.08194444444444444
2 0.21328125 0.8902777777777777 0.13125 0.011111111111111112
2 0.66171875 0.7548611111111111 0.0734375 0.1125
8 0.562890625 0.8861111111111111 0.06328125 0.06944444444444445
2 0.323828125 0.8409722222222222 0.02421875 0.006944444444444444
6 0.409765625 0.7222222222222222 0.00234375 0.08055555555555556
5 0.5703125 0.8708333333333333 0.0671875 0.025
2 0.13671875 0.9458333333333333 0.1375 0.10555555555555556
2 0.61640625 0.7534722222222222 0.0171875 0.09861111111111111
1 0.724609375 0.8326388888888889 0.25390625 0.33194444444444443
7 0.45859375 0.7958333333333333 0.0046875 0.008333333333333333
2 0.1578125 0.7597222222222222 0.01875 0.18333333333333332
1 0.232421875 0.7993055555555556 0.16953125 0.39861111111111114
5 0.474609375 0.8708333333333333 0.06640625 0.025
6 0.408984375 0.80625 0.00234375 0.0875
2 0.308203125 0.8347222222222223 0.01484375 0.0
8 0.426171875 0.8868055555555555 0.03203125 0.07083333333333333
2 0.86171875 0.8840277777777777 0.0546875 0.006944444444444444
7 0.598046875 0.7916666666666666 0.00390625 0.0
2 0.31875 0.7541666666666667 0.0359375 0.11666666666666667
1 0.601953125 0.7638888888888888 0.01171875 0.06111111111111111
2 0.2453125 0.9465277777777777 0.10625 0.10416666666666667
2 0.76796875 0.7590277777777777 0.140625 0.1763888888888889
5 0.47890625 0.8569444444444444 0.059375 0.019444444444444445
1 0.92421875 0.7215277777777778 0.15 0.5541666666666667
2 0.32578125 0.8361111111111111 0.0203125 0.002777777777777778
1 0.656640625 0.8270833333333333 0.08515625 0.34305555555555556
2 0.23671875 0.7590277777777777 0.1296875 0.18472222222222223
8 0.479296875 0.8854166666666666 0.06796875 0.06805555555555555
2 0.94140625 0.7638888888888888 0.115625 0.33611111111111114
6 0.44375 0.80625 0.065625 0.0875
1 0.784765625 0.8013888888888889 0.20859375 0.39444444444444443
2 0.309765625 0.9104166666666667 0.05234375 0.11805555555555555
1 0.092578125 0.7097222222222223 0.18515625 0.5777777777777777
7 0.503515625 0.7944444444444444 0.01484375 0.005555555555555556
1 0.606640625 0.7618055555555555 0.00234375 0.07083333333333333
7 0.560546875 0.7958333333333333 0.00859375 0.008333333333333333
2 0.729296875 0.90625 0.20859375 0.12638888888888888
0 0.7421875 0.6680555555555555 0.08125 0.022222222222222223
2 0.86171875 0.7590277777777777 0.0515625 0.1763888888888889
6 0.511328125 0.80625 0.06484375 0.0875
2 0.226953125 0.9527777777777777 0.11484375 0.09166666666666666
8 0.569921875 0.9027777777777778 0.07421875 0.08333333333333333
8 0.421484375 0.9034722222222222 0.02734375 0.08194444444444444
5 0.42265625 0.8576388888888888 0.0296875 0.018055555555555554
2 0.0765625 0.7743055555555556 0.153125 0.4097222222222222
8 0.47578125 0.9020833333333333 0.0765625 0.08194444444444444
5 0.56484375 0.8541666666666666 0.0609375 0.013888888888888888
2 0.848828125 0.94375 0.30078125 0.10972222222222222
1 0.316796875 0.9055555555555556 0.03828125 0.18333333333333332
2 0.646484375 0.8868055555555555 0.07890625 0.10972222222222222
5 0.41875 0.8708333333333333 0.021875 0.025
