2 0.978515625 0.7034722222222223 0.00703125 0.001388888888888889
5 0.981640625 0.8465277777777778 0.01171875 0.0125
5 0.208203125 0.8756944444444444 0.08828125 0.034722222222222224
5 0.864453125 0.8270833333333333 0.06171875 0.020833333333333332
8 0.89296875 0.8583333333333333 0.0390625 0.044444444444444446
2 0.98828125 0.7055555555555556 0.021875 0.002777777777777778
2 0.65546875 0.7805555555555556 0.084375 0.05277777777777778
2 0.997265625 0.7069444444444445 0.00390625 0.0
8 0.987109375 0.8805555555555555 0.02265625 0.03888888888888889
6 0.59453125 0.85 0.1171875 0.16944444444444445
5 0.86328125 0.8486111111111111 0.0671875 0.022222222222222223
6 0.593359375 0.9506944444444444 0.11484375 0.09583333333333334
2 0.87265625 0.7416666666666667 0.0265625 0.041666666666666664
2 0.99140625 0.7256944444444444 0.015625 0.034722222222222224
5 0.818359375 0.8375 0.06484375 0.022222222222222223
2 0.65546875 0.7354166666666667 0.084375 0.05416666666666667
2 0.90390625 0.7236111111111111 0.01875 0.002777777777777778
2 0.69609375 0.7305555555555555 0.0828125 0.05277777777777778
2 0.71796875 0.81875 0.0390625 0.04861111111111111
5 0.9875 0.8583333333333333 0.0234375 0.022222222222222223
8 0.818359375 0.8583333333333333 0.07265625 0.04722222222222222
5 0.208203125 0.8263888888888888 0.08828125 0.03333333333333333
2 0.980078125 0.75 0.00546875 0.0
5 0.096484375 0.8965277777777778 0.09609375 0.0375
6 0.52421875 0.9326388888888889 0.1078125 0.13194444444444445
2 0.893359375 0.7159722222222222 0.03984375 0.006944444444444444
2 0.609375 0.7784722222222222 0.00625 0.004166666666666667
2 0.8546875 0.7902777777777777 0.0265625 0.041666666666666664
2 0.655859375 0.8236111111111111 0.08515625 0.05555555555555555
2 0.8875 0.7958333333333333 0.053125 0.05
1 0.923046875 0.7645833333333333 0.10703125 0.13194444444444445
5 0.208203125 0.84375 0.08828125 0.034722222222222224
2 0.902734375 0.71875 0.02109375 0.004166666666666667
2 0.8609375 0.7381944444444445 0.0390625 0.043055555555555555
2 0.589453125 0.8076388888888889 0.04765625 0.05694444444444444
1 0.98828125 0.7708333333333334 0.021875 0.058333333333333334
3 0.499609375 0.8805555555555555 0.99921875 0.2361111111111111
5 0.986328125 0.8708333333333333 0.02109375 0.019444444444444445
1 0.87578125 0.7645833333333333 0.0765625 0.12361111111111112
6 0.46484375 0.9229166666666667 0.0984375 0.15138888888888888
2 0.888671875 0.7208333333333333 0.02578125 0.002777777777777778
2 0.912109375 0.7208333333333333 0.00234375 0.002777777777777778
5 0.208203125 0.8604166666666667 0.08828125 0.034722222222222224
5 0.096875 0.8611111111111112 0.0953125 0.03888888888888889
5 0.096484375 0.8798611111111111 0.09609375 0.0375
8 0.9875 0.8902777777777777 0.0234375 0.044444444444444446
2 0.90625 0.7465277777777778 0.015625 0.043055555555555555
2 0.89296875 0.7444444444444445 0.028125 0.041666666666666664
2 0.865625 0.7694444444444445 0.01875 0.002777777777777778
2 0.71796875 0.7756944444444445 0.0390625 0.04583333333333333
5 0.894140625 0.8583333333333333 0.03984375 0.025
2 0.98828125 0.7708333333333334 0.021875 0.041666666666666664
2 0.982421875 0.7243055555555555 0.01484375 0.0375
8 0.86328125 0.8708333333333333 0.075 0.05
8 0.891796875 0.88125 0.04453125 0.05138888888888889
8 0.98515625 0.8611111111111112 0.0125 0.03333333333333333
2 0.910546875 0.7159722222222222 0.00546875 0.001388888888888889
5 0.895703125 0.8361111111111111 0.03671875 0.019444444444444445
0 0.411328125 0.7979166666666667 0.11640625 0.21805555555555556
8 0.864453125 0.8472222222222222 0.06953125 0.044444444444444446
