3 0.499609375 0.9298611111111111 0.99921875 0.1375
5 0.225 0.89375 0.0828125 0.03194444444444444
5 0.225 0.89375 0.0828125 0.03194444444444444
5 0.225 0.89375 0.0828125 0.03194444444444444
5 0.225 0.8756944444444444 0.0828125 0.03194444444444444
5 0.225 0.8756944444444444 0.0828125 0.03194444444444444
5 0.225 0.8756944444444444 0.0828125 0.03194444444444444
5 0.225 0.9104166666666667 0.0828125 0.03194444444444444
5 0.225 0.9104166666666667 0.0828125 0.03194444444444444
5 0.225 0.9104166666666667 0.0828125 0.03194444444444444
5 0.34296875 0.9020833333333333 0.0828125 0.029166666666666667
5 0.34296875 0.9020833333333333 0.0828125 0.029166666666666667
5 0.34296875 0.9020833333333333 0.0828125 0.029166666666666667
5 0.34296875 0.8854166666666666 0.0828125 0.029166666666666667
5 0.34296875 0.8854166666666666 0.0828125 0.029166666666666667
5 0.34296875 0.8854166666666666 0.0828125 0.029166666666666667
5 0.34296875 0.8694444444444445 0.0828125 0.022222222222222223
5 0.34296875 0.8694444444444445 0.0828125 0.022222222222222223
5 0.34296875 0.8694444444444445 0.0828125 0.022222222222222223
5 0.34296875 0.8506944444444444 0.0828125 0.029166666666666667
5 0.34296875 0.8506944444444444 0.0828125 0.029166666666666667
5 0.34296875 0.8506944444444444 0.0828125 0.029166666666666667
6 0.46328125 0.9506944444444444 0.0796875 0.09583333333333334
6 0.53359375 0.9069444444444444 0.0890625 0.18333333333333332
6 0.478515625 0.9638888888888889 0.08046875 0.06944444444444445
8 0.99453125 0.9597222222222223 0.009375 0.05277777777777778
5 0.996875 0.9381944444444444 0.0046875 0.0125
0 0.52890625 0.8402777777777778 0.0796875 0.24166666666666667
2 0.797265625 0.875 0.03984375 0.06944444444444445
2 0.866796875 0.8986111111111111 0.09921875 0.075
2 0.948828125 0.9006944444444445 0.06484375 0.059722222222222225
2 0.866796875 0.8458333333333333 0.09921875 0.06944444444444445
2 0.948828125 0.8479166666666667 0.06484375 0.05694444444444444
2 0.86640625 0.7923611111111111 0.0984375 0.06805555555555555
2 0.9296875 0.7902777777777777 0.1015625 0.06666666666666667
