3 0.5015625 0.8361111111111111 0.9953125 0.325
4 0.47421875 0.7625 0.009375 0.06388888888888888
4 0.526171875 0.79375 0.03515625 0.0763888888888889
4 0.577734375 0.8145833333333333 0.01171875 0.07916666666666666
4 0.60859375 0.8361111111111111 0.0421875 0.08888888888888889
4 0.676953125 0.8645833333333334 0.01328125 0.09305555555555556
4 0.722265625 0.8958333333333334 0.05234375 0.10555555555555556
4 0.81796875 0.9368055555555556 0.0171875 0.11527777777777778
4 0.887890625 0.95 0.04453125 0.09722222222222222
4 0.07578125 0.8465277777777778 0.01875 0.09583333333333334
4 0.069140625 0.9159722222222222 0.00390625 0.004166666666666667
4 0.092578125 0.9125 0.01484375 0.11388888888888889
4 0.090234375 0.9430555555555555 0.01015625 0.1111111111111111
4 0.109375 0.9645833333333333 0.0265625 0.06805555555555555
4 0.111328125 0.9923611111111111 0.00546875 0.0125
8 0.7390625 0.8916666666666667 0.0828125 0.075
5 0.326953125 0.6944444444444444 0.04609375 0.011111111111111112
5 0.326953125 0.6944444444444444 0.04609375 0.011111111111111112
5 0.326953125 0.6944444444444444 0.04609375 0.011111111111111112
5 0.326953125 0.6840277777777778 0.04609375 0.0125
5 0.326953125 0.6840277777777778 0.04609375 0.0125
5 0.326953125 0.6840277777777778 0.04609375 0.0125
5 0.326953125 0.7027777777777777 0.04609375 0.011111111111111112
5 0.326953125 0.7027777777777777 0.04609375 0.011111111111111112
5 0.326953125 0.7027777777777777 0.04609375 0.011111111111111112
5 0.384375 0.6993055555555555 0.04375 0.009722222222222222
5 0.384375 0.6993055555555555 0.04375 0.009722222222222222
5 0.384375 0.6993055555555555 0.04375 0.009722222222222222
5 0.384375 0.6909722222222222 0.04375 0.009722222222222222
5 0.384375 0.6909722222222222 0.04375 0.009722222222222222
5 0.384375 0.6909722222222222 0.04375 0.009722222222222222
5 0.384375 0.6819444444444445 0.04375 0.011111111111111112
5 0.384375 0.6819444444444445 0.04375 0.011111111111111112
5 0.384375 0.6819444444444445 0.04375 0.011111111111111112
5 0.384375 0.6715277777777777 0.04375 0.0125
5 0.384375 0.6715277777777777 0.04375 0.0125
5 0.384375 0.6715277777777777 0.04375 0.0125
6 0.519140625 0.7111111111111111 0.04609375 0.05277777777777778
6 0.484375 0.7020833333333333 0.0375 0.059722222222222225
6 0.519140625 0.6604166666666667 0.04609375 0.06805555555555555
6 0.500390625 0.7048611111111112 0.04296875 0.05694444444444444
6 0.59921875 0.7604166666666666 0.0671875 0.0875
6 0.649609375 0.76875 0.06171875 0.08194444444444444
7 0.870703125 0.90625 0.07734375 0.0375
7 0.944140625 0.9381944444444444 0.01171875 0.006944444444444444
7 0.60625 0.9527777777777777 0.0796875 0.05555555555555555
7 0.46640625 0.8527777777777777 0.0546875 0.03611111111111111
7 0.05546875 0.8458333333333333 0.06875 0.027777777777777776
7 0.394921875 0.7618055555555555 0.05546875 0.018055555555555554
7 0.471484375 0.8090277777777778 0.06640625 0.02361111111111111
6 0.0421875 0.9902777777777778 0.084375 0.016666666666666666
6 0.042578125 0.89375 0.08515625 0.20972222222222223
6 0.033203125 0.7854166666666667 0.06640625 0.14305555555555555
6 0.03671875 0.8881944444444444 0.059375 0.09305555555555556
8 0.964453125 0.9576388888888889 0.06953125 0.04861111111111111
5 0.969140625 0.9368055555555556 0.06015625 0.043055555555555555
8 0.911328125 0.9652777777777778 0.10859375 0.06111111111111111
5 0.915234375 0.9506944444444444 0.10078125 0.04583333333333333
8 0.6546875 0.8243055555555555 0.0203125 0.04027777777777778
5 0.65703125 0.8076388888888889 0.015625 0.009722222222222222
8 0.631640625 0.8375 0.06640625 0.05277777777777778
5 0.633984375 0.8180555555555555 0.06171875 0.025
8 0.5265625 0.7756944444444445 0.05625 0.0375
5 0.52734375 0.7597222222222222 0.053125 0.013888888888888888
8 0.5109375 0.7666666666666667 0.05625 0.03611111111111111
5 0.510546875 0.7513888888888889 0.05078125 0.013888888888888888
8 0.492578125 0.7604166666666666 0.04921875 0.034722222222222224
5 0.49453125 0.7451388888888889 0.05 0.0125
8 0.480859375 0.7527777777777778 0.05234375 0.03333333333333333
5 0.480078125 0.7381944444444445 0.04765625 0.0125
8 0.529296875 0.75625 0.01796875 0.034722222222222224
5 0.544140625 0.7409722222222223 0.04296875 0.0125
8 0.523046875 0.7375 0.03515625 0.011111111111111112
5 0.53125 0.7340277777777777 0.046875 0.0125
8 0.545703125 0.7583333333333333 0.01796875 0.027777777777777776
5 0.55234375 0.7479166666666667 0.0265625 0.0125
8 0.559375 0.7631944444444444 0.0109375 0.020833333333333332
5 0.565234375 0.7555555555555555 0.00078125 0.011111111111111112
5 0.7859375 0.6895833333333333 0.0046875 0.001388888888888889
8 0.740234375 0.6965277777777777 0.00390625 0.018055555555555554
5 0.742578125 0.6881944444444444 0.00546875 0.004166666666666667
5 0.81328125 0.7020833333333333 0.0015625 0.001388888888888889
8 0.72265625 0.7027777777777777 0.0421875 0.025
5 0.722265625 0.6916666666666667 0.03828125 0.008333333333333333
8 0.730078125 0.7069444444444445 0.02421875 0.025
5 0.731640625 0.6958333333333333 0.02421875 0.008333333333333333
8 0.739453125 0.7090277777777778 0.00859375 0.02361111111111111
5 0.740625 0.6993055555555555 0.00625 0.006944444444444444
8 0.9109375 0.7430555555555556 0.021875 0.027777777777777776
5 0.916015625 0.7256944444444444 0.03515625 0.0125
8 0.94140625 0.7305555555555555 0.053125 0.019444444444444445
5 0.930859375 0.7222222222222222 0.02734375 0.008333333333333333
8 0.9046875 0.7444444444444445 0.0125 0.027777777777777776
5 0.903125 0.7305555555555555 0.009375 0.008333333333333333
8 0.854296875 0.7465277777777778 0.00390625 0.02361111111111111
5 0.854296875 0.7305555555555555 0.00234375 0.011111111111111112
8 0.877734375 0.7166666666666667 0.05078125 0.005555555555555556
5 0.87734375 0.7166666666666667 0.0453125 0.005555555555555556
8 0.853515625 0.7236111111111111 0.00234375 0.0
5 0.854296875 0.7201388888888889 0.00390625 0.009722222222222222
5 0.813671875 0.7236111111111111 0.00078125 0.0
0 0.95859375 0.74375 0.08125 0.2013888888888889
0 0.777734375 0.6930555555555555 0.06953125 0.15
0 0.4890625 0.65625 0.046875 0.1125
0 0.9546875 0.9215277777777777 0.0890625 0.15416666666666667
0 0.012109375 0.89375 0.02421875 0.20972222222222223
0 0.012890625 0.8784722222222222 0.02578125 0.24027777777777778
1 0.1640625 0.9680555555555556 0.13125 0.06111111111111111
1 0.303515625 0.9590277777777778 0.12890625 0.07916666666666666
1 0.0328125 0.68125 0.065625 0.08472222222222223
1 0.03359375 0.6923611111111111 0.0671875 0.09861111111111111
1 0.006640625 0.7486111111111111 0.01328125 0.1361111111111111
1 0.0125 0.8076388888888889 0.01875 0.16805555555555557
1 0.95859375 0.6458333333333334 0.0625 0.06111111111111111
2 0.936328125 0.6743055555555556 0.00546875 0.001388888888888889
2 0.93671875 0.6305555555555555 0.0140625 0.016666666666666666
2 0.975390625 0.6298611111111111 0.02265625 0.009722222222222222
2 0.95625 0.6715277777777777 0.0328125 0.009722222222222222
2 0.9421875 0.6333333333333333 0.0046875 0.016666666666666666
2 0.9703125 0.625 0.0125 0.0
1 0.91796875 0.6291666666666667 0.021875 0.016666666666666666
2 0.912109375 0.6333333333333333 0.02734375 0.011111111111111112
2 0.9015625 0.6263888888888889 0.00625 0.0
2 0.900390625 0.6277777777777778 0.00390625 0.0
2 0.909765625 0.6277777777777778 0.01328125 0.0
1 0.981640625 0.6652777777777777 0.03515625 0.08055555555555556
2 0.9703125 0.6743055555555556 0.0109375 0.0125
2 0.973046875 0.66875 0.01171875 0.001388888888888889
2 0.97421875 0.6444444444444445 0.0203125 0.019444444444444445
2 0.994140625 0.6520833333333333 0.01015625 0.02638888888888889
2 0.983203125 0.6840277777777778 0.03203125 0.029166666666666667
2 0.973828125 0.6493055555555556 0.01328125 0.02638888888888889
2 0.988671875 0.6361111111111111 0.01484375 0.0
2 0.985546875 0.6506944444444445 0.01484375 0.02638888888888889
2 0.996484375 0.6375 0.00546875 0.0
1 0.83046875 0.6569444444444444 0.0609375 0.07222222222222222
2 0.8109375 0.6284722222222222 0.0109375 0.001388888888888889
2 0.84609375 0.6444444444444445 0.025 0.025
2 0.835546875 0.675 0.04609375 0.027777777777777776
2 0.834765625 0.6291666666666667 0.00234375 0.0
2 0.840625 0.6305555555555555 0.0140625 0.0
1 0.924609375 0.6729166666666667 0.03984375 0.0875
2 0.905859375 0.6381944444444444 0.01328125 0.001388888888888889
2 0.930859375 0.6555555555555556 0.02734375 0.027777777777777776
2 0.921875 0.6909722222222222 0.0453125 0.03194444444444444
2 0.906640625 0.6402777777777777 0.01484375 0.0
2 0.91640625 0.6395833333333333 0.00625 0.001388888888888889
2 0.917578125 0.6423611111111112 0.01484375 0.001388888888888889
2 0.928125 0.6409722222222223 0.009375 0.001388888888888889
1 0.794140625 0.65625 0.04453125 0.07083333333333333
2 0.78359375 0.6736111111111112 0.009375 0.025
2 0.790234375 0.6611111111111111 0.01015625 0.0
2 0.778515625 0.6423611111111112 0.00859375 0.02361111111111111
2 0.808203125 0.6458333333333334 0.01640625 0.025
2 0.799609375 0.6770833333333334 0.03359375 0.029166666666666667
2 0.788671875 0.6423611111111112 0.01171875 0.02361111111111111
2 0.801171875 0.6305555555555555 0.01171875 0.0
2 0.79765625 0.6444444444444445 0.0078125 0.025
2 0.8109375 0.6319444444444444 0.0109375 0.0
1 0.8875 0.6763888888888889 0.0703125 0.09166666666666666
2 0.858203125 0.6854166666666667 0.00703125 0.020833333333333332
2 0.858203125 0.6534722222222222 0.00703125 0.02638888888888889
2 0.909375 0.6569444444444444 0.0203125 0.027777777777777776
2 0.909375 0.6930555555555555 0.0203125 0.030555555555555555
2 0.902734375 0.6430555555555556 0.00703125 0.0
2 0.61484375 0.6798611111111111 0.0203125 0.029166666666666667
2 0.6453125 0.6861111111111111 0.0390625 0.030555555555555555
2 0.690234375 0.6861111111111111 0.02421875 0.025
2 0.6453125 0.6604166666666667 0.0390625 0.029166666666666667
2 0.690234375 0.6611111111111111 0.02421875 0.025
2 0.6453125 0.6340277777777777 0.0390625 0.029166666666666667
2 0.67890625 0.6333333333333333 0.046875 0.027777777777777776
5 0.694921875 0.8006944444444445 0.07734375 0.02638888888888889
5 0.694921875 0.8145833333333333 0.07734375 0.02361111111111111
5 0.694921875 0.8243055555555555 0.07734375 0.02361111111111111
5 0.694921875 0.8368055555555556 0.07734375 0.02361111111111111
5 0.694921875 0.8611111111111112 0.07734375 0.025
5 0.694921875 0.8486111111111111 0.07734375 0.025
5 0.694140625 0.8826388888888889 0.07421875 0.02638888888888889
5 0.6953125 0.8708333333333333 0.0765625 0.025
5 0.760546875 0.8180555555555555 0.07265625 0.019444444444444445
5 0.76015625 0.8298611111111112 0.0734375 0.020833333333333332
5 0.761328125 0.8527777777777777 0.07109375 0.022222222222222223
5 0.7609375 0.8409722222222222 0.071875 0.020833333333333332
5 0.766015625 0.8736111111111111 0.06328125 0.019444444444444445
5 0.76171875 0.8631944444444445 0.071875 0.020833333333333332
5 0.02890625 0.8159722222222222 0.04375 0.004166666666666667
5 0.76015625 0.8069444444444445 0.0734375 0.022222222222222223
5 0.758984375 0.79375 0.07578125 0.02638888888888889
5 0.825390625 0.8083333333333333 0.07265625 0.022222222222222223
5 0.825390625 0.8194444444444444 0.07265625 0.022222222222222223
5 0.825390625 0.8423611111111111 0.07265625 0.02361111111111111
5 0.825390625 0.83125 0.07265625 0.02361111111111111
5 0.825390625 0.8631944444444445 0.07265625 0.02361111111111111
5 0.8296875 0.8520833333333333 0.0640625 0.02361111111111111
5 0.1078125 0.81875 0.0484375 0.020833333333333332
5 0.109765625 0.8284722222222223 0.04921875 0.020833333333333332
5 0.825390625 0.7986111111111112 0.07265625 0.022222222222222223
5 0.825 0.7881944444444444 0.0734375 0.020833333333333332
5 0.825 0.7229166666666667 0.0734375 0.018055555555555554
5 0.825 0.7347222222222223 0.0734375 0.019444444444444445
5 0.825 0.75625 0.0734375 0.020833333333333332
5 0.825 0.7451388888888889 0.0734375 0.020833333333333332
5 0.825 0.7777777777777778 0.0734375 0.022222222222222223
5 0.825 0.7666666666666667 0.0734375 0.019444444444444445
5 0.106640625 0.8104166666666667 0.05078125 0.020833333333333332
5 0.10703125 0.8006944444444445 0.0546875 0.02361111111111111
5 0.825 0.7131944444444445 0.0734375 0.018055555555555554
5 0.825 0.7013888888888888 0.0734375 0.019444444444444445
