3 0.446875 0.9111111111111111 0.89375 0.175
4 0.748046875 0.8125 0.05703125 0.03333333333333333
4 0.913671875 0.8208333333333333 0.00703125 0.03611111111111111
4 0.011328125 0.9694444444444444 0.02265625 0.058333333333333334
5 0.2015625 0.8166666666666667 0.071875 0.013888888888888888
5 0.2015625 0.8166666666666667 0.071875 0.013888888888888888
5 0.2015625 0.8166666666666667 0.071875 0.013888888888888888
5 0.201953125 0.8027777777777778 0.07109375 0.013888888888888888
5 0.201953125 0.8027777777777778 0.07109375 0.013888888888888888
5 0.201953125 0.8027777777777778 0.07109375 0.013888888888888888
5 0.2015625 0.8291666666666667 0.071875 0.013888888888888888
5 0.2015625 0.8291666666666667 0.071875 0.013888888888888888
5 0.2015625 0.8291666666666667 0.071875 0.013888888888888888
5 0.284375 0.8256944444444444 0.0671875 0.0125
5 0.284375 0.8256944444444444 0.0671875 0.0125
5 0.284375 0.8256944444444444 0.0671875 0.0125
5 0.284375 0.8138888888888889 0.0671875 0.013888888888888888
5 0.284375 0.8138888888888889 0.0671875 0.013888888888888888
5 0.284375 0.8138888888888889 0.0671875 0.013888888888888888
5 0.284765625 0.8006944444444445 0.06796875 0.0125
5 0.284765625 0.8006944444444445 0.06796875 0.0125
5 0.284765625 0.8006944444444445 0.06796875 0.0125
5 0.284765625 0.7868055555555555 0.06796875 0.0125
5 0.284765625 0.7868055555555555 0.06796875 0.0125
5 0.284765625 0.7868055555555555 0.06796875 0.0125
6 0.5984375 0.7881944444444444 0.0 0.05416666666666667
6 0.457421875 0.80625 0.03828125 0.09305555555555556
6 0.598828125 0.7111111111111111 0.00234375 0.08333333333333333
6 0.4765625 0.8020833333333334 0.0 0.08472222222222223
6 0.796875 0.7986111111111112 0.0953125 0.06944444444444445
6 0.9234375 0.8048611111111111 0.1171875 0.07916666666666666
7 0.391015625 0.8645833333333334 0.08671875 0.018055555555555554
6 0.499609375 0.49930555555555556 0.99921875 0.9986111111111111
8 0.8578125 0.8270833333333333 0.0046875 0.006944444444444444
5 0.85390625 0.7972222222222223 0.0171875 0.0
8 0.86875 0.8243055555555555 0.046875 0.020833333333333332
5 0.861328125 0.7993055555555556 0.03203125 0.001388888888888889
8 0.883203125 0.81875 0.01484375 0.009722222222222222
8 0.8515625 0.8208333333333333 0.0125 0.027777777777777776
5 0.850390625 0.8034722222222223 0.01015625 0.006944444444444444
8 0.86875 0.8208333333333333 0.046875 0.030555555555555555
5 0.867578125 0.8055555555555556 0.04453125 0.008333333333333333
0 0.94453125 0.7472222222222222 0.109375 0.19444444444444445
0 0.436328125 0.7534722222222222 0.08046875 0.1597222222222222
1 0.96640625 0.7236111111111111 0.0015625 0.0
1 0.926953125 0.7263888888888889 0.07421875 0.011111111111111112
2 0.9046875 0.7402777777777778 0.0015625 0.013888888888888888
2 0.91171875 0.7402777777777778 0.0078125 0.013888888888888888
1 0.864453125 0.7465277777777778 0.08515625 0.05138888888888889
2 0.8359375 0.7722222222222223 0.0 0.0
2 0.848046875 0.7722222222222223 0.00703125 0.0
2 0.8890625 0.7465277777777778 0.028125 0.029166666666666667
2 0.8828125 0.7847222222222222 0.01875 0.022222222222222223
1 0.96640625 0.7229166666666667 0.025 0.009722222222222222
1 0.8375 0.7715277777777778 0.08125 0.10416666666666667
2 0.802734375 0.7465277777777778 0.01328125 0.029166666666666667
2 0.856640625 0.7458333333333333 0.03671875 0.030555555555555555
2 0.85234375 0.7854166666666667 0.0484375 0.02361111111111111
2 0.81640625 0.7465277777777778 0.0140625 0.029166666666666667
2 0.83125 0.7458333333333333 0.015625 0.030555555555555555
1 0.94375 0.7229166666666667 0.0125 0.009722222222222222
2 0.942578125 0.7430555555555556 0.00703125 0.027777777777777776
2 0.9984375 0.7416666666666667 0.0015625 0.025
2 0.9546875 0.74375 0.0171875 0.029166666666666667
2 0.972265625 0.7395833333333334 0.01640625 0.020833333333333332
2 0.60234375 0.8013888888888889 0.0078125 0.030555555555555555
2 0.640625 0.8041666666666667 0.0671875 0.03333333333333333
2 0.691796875 0.8055555555555556 0.03359375 0.03333333333333333
2 0.640625 0.7715277777777778 0.0671875 0.034722222222222224
2 0.691015625 0.7708333333333334 0.03359375 0.03333333333333333
2 0.640234375 0.7368055555555556 0.06640625 0.034722222222222224
2 0.691015625 0.7368055555555556 0.03359375 0.034722222222222224
