3 0.499609375 0.8673611111111111 0.99921875 0.2625
4 0.0703125 0.8319444444444445 0.0203125 0.013888888888888888
4 0.42734375 0.8027777777777778 0.0046875 0.058333333333333334
4 0.294140625 0.79375 0.02734375 0.05694444444444444
4 0.246484375 0.7909722222222222 0.00703125 0.05416666666666667
4 0.138671875 0.7840277777777778 0.00703125 0.05416666666666667
4 0.07421875 0.7798611111111111 0.0140625 0.05138888888888889
4 0.038671875 0.7770833333333333 0.00703125 0.05138888888888889
8 0.651171875 0.7534722222222222 0.02890625 0.020833333333333332
8 0.55078125 0.7395833333333334 0.003125 0.015277777777777777
5 0.649609375 0.7284722222222222 0.03203125 0.006944444444444444
5 0.649609375 0.7284722222222222 0.03203125 0.006944444444444444
5 0.649609375 0.7284722222222222 0.03203125 0.006944444444444444
5 0.649609375 0.7208333333333333 0.03203125 0.008333333333333333
5 0.649609375 0.7208333333333333 0.03203125 0.008333333333333333
5 0.649609375 0.7208333333333333 0.03203125 0.008333333333333333
5 0.649609375 0.7361111111111112 0.03203125 0.005555555555555556
5 0.649609375 0.7361111111111112 0.03203125 0.005555555555555556
5 0.649609375 0.7361111111111112 0.03203125 0.005555555555555556
5 0.61796875 0.7361111111111112 0.03125 0.005555555555555556
5 0.61796875 0.7361111111111112 0.03125 0.005555555555555556
5 0.61796875 0.7361111111111112 0.03125 0.005555555555555556
5 0.617578125 0.7291666666666666 0.03046875 0.005555555555555556
5 0.617578125 0.7291666666666666 0.03046875 0.005555555555555556
5 0.617578125 0.7291666666666666 0.03046875 0.005555555555555556
5 0.617578125 0.7215277777777778 0.03046875 0.006944444444444444
5 0.617578125 0.7215277777777778 0.03046875 0.006944444444444444
5 0.617578125 0.7215277777777778 0.03046875 0.006944444444444444
5 0.619921875 0.7138888888888889 0.03515625 0.008333333333333333
5 0.619921875 0.7138888888888889 0.03515625 0.008333333333333333
5 0.619921875 0.7138888888888889 0.03515625 0.008333333333333333
6 0.5546875 0.7166666666666667 0.0203125 0.03611111111111111
6 0.5765625 0.7180555555555556 0.034375 0.041666666666666664
6 0.348828125 0.9368055555555556 0.11015625 0.12361111111111112
6 0.52734375 0.9409722222222222 0.1125 0.11527777777777778
6 0.34921875 0.8284722222222223 0.1109375 0.14027777777777778
6 0.43515625 0.9368055555555556 0.1109375 0.12361111111111112
6 0.049609375 0.8972222222222223 0.09921875 0.13055555555555556
7 0.01015625 0.8069444444444445 0.0203125 0.013888888888888888
7 0.1109375 0.8638888888888889 0.0046875 0.013888888888888888
7 0.38203125 0.8173611111111111 0.015625 0.018055555555555554
7 0.40546875 0.9159722222222222 0.053125 0.0375
7 0.132421875 0.8923611111111112 0.01953125 0.018055555555555554
7 0.011328125 0.74375 0.00859375 0.009722222222222222
7 0.846875 0.7868055555555555 0.0171875 0.015277777777777777
7 0.896484375 0.7895833333333333 0.01640625 0.0125
7 0.7234375 0.78125 0.025 0.015277777777777777
7 0.765625 0.7777777777777778 0.003125 0.002777777777777778
7 0.343359375 0.7652777777777777 0.00703125 0.002777777777777778
7 0.315625 0.7604166666666666 0.0296875 0.0125
7 0.4109375 0.7645833333333333 0.025 0.0125
6 0.05625 0.7701388888888889 0.05 0.0625
6 0.05703125 0.7145833333333333 0.05 0.0625
6 0.098828125 0.7069444444444445 0.05234375 0.05277777777777778
6 0.2390625 0.7395833333333334 0.0 0.009722222222222222
6 0.255859375 0.7159722222222222 0.03203125 0.0625
6 0.2390625 0.7548611111111111 0.0 0.018055555555555554
6 0.25390625 0.7722222222222223 0.0296875 0.06388888888888888
6 0.255859375 0.7298611111111111 0.03203125 0.04583333333333333
6 0.241015625 0.7277777777777777 0.00234375 0.027777777777777776
8 0.12890625 0.9069444444444444 0.015625 0.019444444444444445
5 0.133984375 0.8965277777777778 0.01640625 0.0125
8 0.24921875 0.9041666666666667 0.0109375 0.022222222222222223
5 0.244140625 0.8951388888888889 0.01171875 0.009722222222222222
8 0.270703125 0.9291666666666667 0.06484375 0.06388888888888888
5 0.266015625 0.9055555555555556 0.05546875 0.027777777777777776
8 0.311328125 0.9388888888888889 0.07109375 0.058333333333333334
5 0.313671875 0.9118055555555555 0.06640625 0.029166666666666667
8 0.245703125 0.9409722222222222 0.01484375 0.04583333333333333
5 0.243359375 0.9215277777777777 0.01015625 0.0125
8 0.2734375 0.9611111111111111 0.071875 0.07222222222222222
5 0.271875 0.9354166666666667 0.0671875 0.034722222222222224
8 0.12578125 0.9513888888888888 0.03125 0.05
5 0.128515625 0.9256944444444445 0.02578125 0.02361111111111111
8 0.09921875 0.94375 0.084375 0.059722222222222225
5 0.101953125 0.9152777777777777 0.07890625 0.030555555555555555
0 0.82734375 0.8861111111111111 0.190625 0.225
0 0.0140625 0.7263888888888889 0.028125 0.11388888888888889
0 0.1265625 0.7368055555555556 0.034375 0.12916666666666668
1 0.939453125 0.8041666666666667 0.05703125 0.14444444444444443
1 0.88515625 0.8 0.0515625 0.1388888888888889
1 0.932421875 0.7798611111111111 0.05078125 0.1125
1 0.8828125 0.7763888888888889 0.046875 0.10833333333333334
1 0.927734375 0.7680555555555556 0.04609375 0.10277777777777777
1 0.88203125 0.7652777777777777 0.0421875 0.1
1 0.97578125 0.7520833333333333 0.046875 0.09583333333333334
1 0.515625 0.7743055555555556 0.0890625 0.11527777777777778
1 0.528515625 0.7680555555555556 0.07890625 0.1111111111111111
1 0.334375 0.7555555555555555 0.08125 0.09722222222222222
1 0.30859375 0.7638888888888888 0.078125 0.10833333333333334
1 0.12734375 0.7090277777777778 0.0328125 0.0375
2 0.13203125 0.73125 0.0 0.001388888888888889
2 0.125390625 0.7090277777777778 0.02734375 0.02361111111111111
2 0.1421875 0.6944444444444444 0.003125 0.0
2 0.132421875 0.7284722222222222 0.00078125 0.001388888888888889
2 0.14140625 0.7069444444444445 0.0046875 0.019444444444444445
2 0.12734375 0.6958333333333333 0.0015625 0.0
2 0.134765625 0.6958333333333333 0.01171875 0.0
1 0.142578125 0.7034722222222223 0.00234375 0.02638888888888889
2 0.14375 0.7048611111111112 0.0 0.0125
5 0.5078125 0.7638888888888888 0.03125 0.008333333333333333
5 0.5078125 0.7576388888888889 0.03125 0.006944444444444444
5 0.505078125 0.7493055555555556 0.02578125 0.001388888888888889
5 0.5078125 0.7527777777777778 0.03125 0.005555555555555556
5 0.448828125 0.8069444444444445 0.04296875 0.013888888888888888
5 0.46015625 0.8152777777777778 0.01875 0.011111111111111112
5 0.43984375 0.8152777777777778 0.025 0.013888888888888888
5 0.438671875 0.8243055555555555 0.02265625 0.0125
5 0.404296875 0.8263888888888888 0.04921875 0.013888888888888888
5 0.403125 0.8347222222222223 0.046875 0.013888888888888888
5 0.404296875 0.81875 0.04921875 0.0125
5 0.402734375 0.8104166666666667 0.04765625 0.015277777777777777
