5 0.70703125 0.8743055555555556 0.021875 0.02361111111111111
1 0.22578125 0.7347222222222223 0.08125 0.14166666666666666
6 0.485546875 0.9416666666666667 0.11796875 0.11388888888888889
3 0.49140625 0.8465277777777778 0.9828125 0.30416666666666664
1 0.156640625 0.6923611111111111 0.07890625 0.09583333333333334
5 0.644140625 0.8375 0.08515625 0.03333333333333333
1 0.11171875 0.7083333333333334 0.0703125 0.125
1 0.165234375 0.7152777777777778 0.08515625 0.11388888888888889
5 0.7359375 0.8222222222222222 0.0796875 0.03611111111111111
1 0.26171875 0.7263888888888889 0.0890625 0.1361111111111111
6 0.31953125 0.9034722222222222 0.14375 0.19027777777777777
5 0.644140625 0.8527777777777777 0.08515625 0.03333333333333333
7 0.003125 0.7298611111111111 0.00625 0.0125
6 0.31875 0.9819444444444444 0.140625 0.03333333333333333
5 0.717578125 0.8423611111111111 0.04296875 0.029166666666666667
5 0.644140625 0.8180555555555555 0.08515625 0.03888888888888889
7 0.066015625 0.9979166666666667 0.01171875 0.001388888888888889
1 0.21640625 0.7048611111111112 0.0625 0.1125
6 0.409375 0.9555555555555556 0.128125 0.08611111111111111
1 0.11171875 0.6680555555555555 0.0703125 0.10277777777777777
7 0.04140625 0.7215277777777778 0.0390625 0.018055555555555554
5 0.707421875 0.8583333333333333 0.02265625 0.025
0 0.789453125 0.8583333333333333 0.15078125 0.28055555555555556
