3 0.499609375 0.8826388888888889 0.99921875 0.23194444444444445
4 0.016015625 0.7527777777777778 0.00234375 0.025
8 0.2515625 0.8604166666666667 0.13125 0.09305555555555556
5 0.615625 0.775 0.0359375 0.011111111111111112
5 0.615625 0.775 0.0359375 0.011111111111111112
5 0.615625 0.775 0.0359375 0.011111111111111112
5 0.615234375 0.7638888888888888 0.03515625 0.011111111111111112
5 0.615234375 0.7638888888888888 0.03515625 0.011111111111111112
5 0.615234375 0.7638888888888888 0.03515625 0.011111111111111112
5 0.61640625 0.7854166666666667 0.0375 0.009722222222222222
5 0.61640625 0.7854166666666667 0.0375 0.009722222222222222
5 0.61640625 0.7854166666666667 0.0375 0.009722222222222222
5 0.712109375 0.7625 0.00078125 0.0
5 0.712109375 0.7625 0.00078125 0.0
5 0.712109375 0.7625 0.00078125 0.0
5 0.71171875 0.7548611111111111 0.0015625 0.009722222222222222
5 0.71171875 0.7548611111111111 0.0015625 0.009722222222222222
5 0.71171875 0.7548611111111111 0.0015625 0.009722222222222222
6 0.375390625 0.7319444444444444 0.00234375 0.002777777777777778
6 0.50078125 0.7666666666666667 0.0546875 0.075
6 0.39765625 0.6916666666666667 0.0671875 0.075
6 0.478515625 0.7673611111111112 0.01015625 0.07361111111111111
6 0.11875 0.7819444444444444 0.0703125 0.1
6 0.034765625 0.7763888888888889 0.06953125 0.08888888888888889
7 0.274609375 0.8048611111111111 0.02890625 0.004166666666666667
7 0.038671875 0.8069444444444445 0.04453125 0.016666666666666666
7 0.189453125 0.7659722222222223 0.02734375 0.009722222222222222
7 0.226171875 0.7652777777777777 0.02734375 0.008333333333333333
8 0.171875 0.8027777777777778 0.0390625 0.03888888888888889
5 0.170703125 0.7833333333333333 0.03359375 0.011111111111111112
8 0.212890625 0.8020833333333334 0.05390625 0.034722222222222224
5 0.209765625 0.78125 0.05234375 0.009722222222222222
8 0.251953125 0.8013888888888889 0.05390625 0.030555555555555555
5 0.24921875 0.7770833333333333 0.0515625 0.004166666666666667
8 0.294140625 0.7986111111111112 0.04453125 0.030555555555555555
5 0.2921875 0.7777777777777778 0.0484375 0.008333333333333333
8 0.281640625 0.8013888888888889 0.06171875 0.03888888888888889
5 0.280078125 0.7833333333333333 0.05546875 0.011111111111111112
8 0.30625 0.7979166666666667 0.0203125 0.02638888888888889
5 0.307421875 0.78125 0.01796875 0.009722222222222222
8 0.240625 0.8034722222222223 0.0625 0.04027777777777778
5 0.23984375 0.7847222222222222 0.05625 0.011111111111111112
8 0.18984375 0.80625 0.0640625 0.043055555555555555
5 0.1890625 0.7861111111111111 0.05625 0.011111111111111112
8 0.869921875 0.8263888888888888 0.06640625 0.05
5 0.865234375 0.8006944444444445 0.07578125 0.015277777777777777
8 0.886328125 0.8229166666666666 0.03359375 0.034722222222222224
5 0.88046875 0.7979166666666667 0.03125 0.0125
8 0.83828125 0.8298611111111112 0.0953125 0.05416666666666667
5 0.8359375 0.8041666666666667 0.0875 0.016666666666666666
8 0.801171875 0.8340277777777778 0.08515625 0.05694444444444444
5 0.79765625 0.8069444444444445 0.078125 0.016666666666666666
8 0.856640625 0.8354166666666667 0.02578125 0.006944444444444444
5 0.832421875 0.7902777777777777 0.07578125 0.005555555555555556
8 0.79453125 0.8375 0.0703125 0.011111111111111112
5 0.7953125 0.7923611111111111 0.075 0.006944444444444444
8 0.76875 0.8263888888888888 0.05625 0.041666666666666664
5 0.761328125 0.7986111111111112 0.08046875 0.013888888888888888
8 0.71875 0.8215277777777777 0.090625 0.04583333333333333
5 0.71796875 0.8 0.08125 0.011111111111111112
8 0.5359375 0.8541666666666666 0.1125 0.06944444444444445
5 0.537109375 0.8229166666666666 0.10234375 0.020833333333333332
8 0.591796875 0.8618055555555556 0.12109375 0.07361111111111111
5 0.5921875 0.8291666666666667 0.1078125 0.022222222222222223
8 0.50546875 0.85 0.0640625 0.06111111111111111
5 0.505859375 0.8180555555555555 0.06484375 0.019444444444444445
8 0.44140625 0.8402777777777778 0.096875 0.06111111111111111
5 0.4453125 0.8138888888888889 0.0921875 0.016666666666666666
8 0.7015625 0.8416666666666667 0.103125 0.06111111111111111
5 0.69921875 0.8131944444444444 0.09375 0.018055555555555554
8 0.651953125 0.8465277777777778 0.10859375 0.06527777777777778
5 0.65 0.8180555555555555 0.096875 0.019444444444444445
8 0.574609375 0.8402777777777778 0.09765625 0.06111111111111111
5 0.5734375 0.8111111111111111 0.0921875 0.013888888888888888
8 0.5421875 0.8381944444444445 0.0640625 0.05138888888888889
5 0.52734375 0.8041666666666667 0.0875 0.008333333333333333
8 0.089453125 0.9013888888888889 0.13046875 0.1
5 0.087109375 0.8590277777777777 0.11484375 0.034722222222222224
8 0.196875 0.8909722222222223 0.1265625 0.09305555555555556
5 0.19453125 0.8513888888888889 0.1125 0.030555555555555555
0 0.362109375 0.7319444444444444 0.14453125 0.25
0 0.67578125 0.7256944444444444 0.0859375 0.1597222222222222
1 0.361328125 0.7111111111111111 0.02421875 0.027777777777777776
1 0.35703125 0.7076388888888889 0.05 0.02361111111111111
1 0.34296875 0.7118055555555556 0.0125 0.018055555555555554
1 0.2984375 0.7361111111111112 0.0265625 0.075
1 0.307421875 0.7361111111111112 0.05234375 0.075
1 0.280859375 0.7361111111111112 0.05546875 0.075
1 0.277734375 0.7347222222222223 0.05703125 0.06666666666666667
1 0.06875 0.7416666666666667 0.084375 0.09722222222222222
1 0.044921875 0.7326388888888888 0.06484375 0.07916666666666666
1 0.99453125 0.7736111111111111 0.009375 0.2388888888888889
2 0.9984375 0.7159722222222222 0.0015625 0.07083333333333333
1 0.946875 0.7729166666666667 0.1046875 0.23472222222222222
2 0.985546875 0.7715277777777778 0.01328125 0.001388888888888889
2 0.946484375 0.7166666666666667 0.08984375 0.06944444444444445
2 0.951171875 0.8104166666666667 0.09609375 0.0763888888888889
2 0.93046875 0.7486111111111111 0.0078125 0.0
2 0.9796875 0.7159722222222222 0.0375 0.06805555555555555
2 0.048046875 0.8743055555555556 0.09609375 0.10694444444444444
2 0.027734375 0.81875 0.05546875 0.009722222222222222
2 0.88984375 0.7826388888888889 0.025 0.015277777777777777
2 0.905078125 0.7520833333333333 0.05703125 0.04583333333333333
2 0.9734375 0.7659722222222223 0.0515625 0.009722222222222222
2 0.90390625 0.7041666666666667 0.05625 0.04722222222222222
2 0.972265625 0.6798611111111111 0.05390625 0.001388888888888889
5 0.007421875 0.7923611111111111 0.00078125 0.001388888888888889
5 0.0203125 0.7854166666666667 0.040625 0.006944444444444444
5 0.01953125 0.79375 0.0390625 0.006944444444444444
5 0.0203125 0.7791666666666667 0.040625 0.008333333333333333
5 0.01953125 0.7708333333333334 0.0390625 0.008333333333333333
