5 0.1921875 0.8263888888888888 0.078125 0.022222222222222223
8 0.66875 0.9145833333333333 0.0859375 0.06527777777777778
0 0.953125 0.7722222222222223 0.0921875 0.18888888888888888
2 0.892578125 0.7076388888888889 0.02265625 0.001388888888888889
2 0.96328125 0.6965277777777777 0.0140625 0.004166666666666667
2 0.60625 0.7763888888888889 0.0265625 0.025
5 0.192578125 0.8118055555555556 0.07890625 0.02361111111111111
2 0.84375 0.7402777777777778 0.0375 0.025
2 0.8171875 0.7298611111111111 0.0140625 0.001388888888888889
2 0.978125 0.7472222222222222 0.0421875 0.030555555555555555
2 0.98984375 0.6944444444444444 0.0109375 0.0
2 0.97109375 0.7166666666666667 0.0265625 0.03333333333333333
8 0.773828125 0.8125 0.05546875 0.03888888888888889
8 0.9015625 0.8201388888888889 0.0125 0.034722222222222224
2 0.915625 0.7541666666666667 0.0671875 0.002777777777777778
5 0.10390625 0.8416666666666667 0.0875 0.025
2 0.89921875 0.7104166666666667 0.0171875 0.001388888888888889
3 0.499609375 0.8736111111111111 0.99921875 0.25
2 0.983203125 0.7090277777777778 0.01171875 0.029166666666666667
8 0.728515625 0.7965277777777777 0.05234375 0.034722222222222224
2 0.71015625 0.7166666666666667 0.025 0.03333333333333333
6 0.521484375 0.8506944444444444 0.06640625 0.12083333333333333
5 0.729296875 0.9 0.07890625 0.030555555555555555
2 0.717578125 0.7423611111111111 0.01484375 0.001388888888888889
2 0.75390625 0.6986111111111111 0.015625 0.0
8 0.614453125 0.9347222222222222 0.09296875 0.06944444444444445
5 0.85703125 0.9229166666666667 0.0796875 0.034722222222222224
2 0.90625 0.7027777777777777 0.003125 0.005555555555555556
2 0.8453125 0.7013888888888888 0.0140625 0.025
8 0.854296875 0.9555555555555556 0.08515625 0.06666666666666667
2 0.876171875 0.70625 0.02734375 0.001388888888888889
2 0.872265625 0.7270833333333333 0.02109375 0.03194444444444444
2 0.8015625 0.6930555555555555 0.0140625 0.0
5 0.10390625 0.85625 0.0875 0.02638888888888889
2 0.903515625 0.7090277777777778 0.00859375 0.001388888888888889
2 0.8140625 0.6930555555555555 0.009375 0.0
2 0.7828125 0.7159722222222222 0.028125 0.03194444444444444
2 0.944921875 0.725 0.00703125 0.03333333333333333
1 0.905859375 0.73125 0.09296875 0.07361111111111111
2 0.8859375 0.7743055555555556 0.0453125 0.04027777777777778
1 0.75859375 0.7361111111111112 0.084375 0.09722222222222222
6 0.473828125 0.8409722222222222 0.08515625 0.11527777777777778
4 0.74765625 0.95 0.0046875 0.09722222222222222
2 0.955859375 0.7 0.02109375 0.0
5 0.10390625 0.8243055555555555 0.0875 0.029166666666666667
2 0.8578125 0.6979166666666666 0.009375 0.018055555555555554
2 0.8375 0.6875 0.0078125 0.0
2 0.723828125 0.71875 0.02109375 0.03194444444444444
7 0.492578125 0.9736111111111111 0.09609375 0.05
2 0.853125 0.725 0.01875 0.03611111111111111
2 0.82109375 0.6902777777777778 0.0234375 0.005555555555555556
2 0.733984375 0.6986111111111111 0.02265625 0.002777777777777778
2 0.832421875 0.6909722222222222 0.01640625 0.004166666666666667
5 0.7375 0.9305555555555556 0.0875 0.03611111111111111
2 0.791015625 0.7076388888888889 0.01328125 0.029166666666666667
2 0.90703125 0.7069444444444445 0.0015625 0.0
5 0.7890625 0.9097222222222222 0.078125 0.03333333333333333
8 0.6984375 0.8034722222222223 0.0546875 0.0375
2 0.781640625 0.7395833333333334 0.00078125 0.001388888888888889
2 0.555859375 0.7513888888888889 0.07109375 0.03888888888888889
5 0.676171875 0.9201388888888888 0.08515625 0.034722222222222224
5 0.903515625 0.8027777777777778 0.01015625 0.011111111111111112
5 0.6140625 0.90625 0.0828125 0.03194444444444444
8 0.840234375 0.8111111111111111 0.04765625 0.03611111111111111
5 0.728515625 0.7805555555555556 0.04609375 0.011111111111111112
2 0.738671875 0.71875 0.01796875 0.03194444444444444
2 0.885546875 0.7097222222222223 0.00859375 0.0
2 0.761328125 0.7194444444444444 0.03046875 0.03333333333333333
2 0.766796875 0.7576388888888889 0.06171875 0.034722222222222224
2 0.733984375 0.7013888888888888 0.02109375 0.0
8 0.736328125 0.8097222222222222 0.05390625 0.03611111111111111
2 0.96484375 0.6930555555555555 0.003125 0.0
5 0.192578125 0.7944444444444444 0.07890625 0.025
2 0.812890625 0.7472222222222222 0.05390625 0.03333333333333333
8 0.765234375 0.8013888888888889 0.05078125 0.03611111111111111
2 0.586328125 0.7125 0.06640625 0.03888888888888889
1 0.737890625 0.7354166666666667 0.08671875 0.09305555555555556
5 0.191796875 0.8395833333333333 0.07890625 0.02361111111111111
2 0.77109375 0.7 0.0125 0.0
2 0.853515625 0.7708333333333334 0.01953125 0.03333333333333333
2 0.511328125 0.7576388888888889 0.01640625 0.004166666666666667
8 0.78828125 0.9381944444444444 0.090625 0.07083333333333333
8 0.676171875 0.9493055555555555 0.09609375 0.07361111111111111
2 0.953515625 0.6958333333333333 0.01796875 0.005555555555555556
2 0.89140625 0.7284722222222222 0.0203125 0.034722222222222224
5 0.76640625 0.7840277777777778 0.046875 0.009722222222222222
6 0.597265625 0.7645833333333333 0.09453125 0.11527777777777778
6 0.597265625 0.8590277777777777 0.09453125 0.10972222222222222
2 0.727734375 0.7409722222222223 0.01484375 0.001388888888888889
8 0.72890625 0.9263888888888889 0.0890625 0.06666666666666667
2 0.759375 0.7006944444444444 0.0171875 0.001388888888888889
2 0.904296875 0.7298611111111111 0.00703125 0.034722222222222224
2 0.855859375 0.6888888888888889 0.00859375 0.0
2 0.951953125 0.7159722222222222 0.01484375 0.03194444444444444
2 0.75 0.7020833333333333 0.0140625 0.001388888888888889
2 0.746484375 0.7611111111111111 0.06328125 0.03611111111111111
2 0.707421875 0.7590277777777777 0.01796875 0.03194444444444444
5 0.810546875 0.9458333333333333 0.08984375 0.03888888888888889
5 0.816015625 0.8006944444444445 0.05078125 0.015277777777777777
6 0.947265625 0.9243055555555556 0.10390625 0.1486111111111111
2 0.780078125 0.6951388888888889 0.02265625 0.006944444444444444
0 0.389453125 0.7583333333333333 0.09140625 0.18055555555555555
1 0.844140625 0.7159722222222222 0.07421875 0.0763888888888889
1 0.9453125 0.7409722222222223 0.0875 0.10416666666666667
8 0.7375 0.9611111111111111 0.0984375 0.075
2 0.7453125 0.7006944444444444 0.0203125 0.001388888888888889
5 0.66875 0.8881944444444444 0.0765625 0.029166666666666667
5 0.802734375 0.7888888888888889 0.04765625 0.013888888888888888
2 0.555859375 0.7145833333333333 0.07109375 0.04027777777777778
2 0.99453125 0.7097222222222223 0.009375 0.027777777777777776
2 0.82734375 0.7090277777777778 0.0265625 0.029166666666666667
2 0.81015625 0.7090277777777778 0.01875 0.029166666666666667
2 0.60625 0.7486111111111111 0.0265625 0.03611111111111111
1 0.973046875 0.7291666666666666 0.05234375 0.08055555555555556
8 0.816015625 0.81875 0.05703125 0.04027777777777778
2 0.49609375 0.7784722222222222 0.046875 0.04027777777777778
2 0.898046875 0.70625 0.01484375 0.001388888888888889
2 0.85859375 0.7534722222222222 0.009375 0.001388888888888889
8 0.803125 0.8048611111111111 0.0515625 0.0375
5 0.6984375 0.7875 0.0484375 0.013888888888888888
2 0.966796875 0.7576388888888889 0.03828125 0.034722222222222224
2 0.555859375 0.7847222222222222 0.07109375 0.03333333333333333
2 0.872265625 0.7520833333333333 0.01796875 0.001388888888888889
5 0.84140625 0.7930555555555555 0.04375 0.013888888888888888
2 0.952734375 0.7388888888888889 0.00703125 0.0
1 0.87421875 0.7479166666666667 0.06875 0.10416666666666667
8 0.81015625 0.9680555555555556 0.1015625 0.06111111111111111
5 0.773828125 0.7958333333333333 0.04921875 0.013888888888888888
1 0.805078125 0.73125 0.07890625 0.09861111111111111
5 0.737109375 0.7923611111111111 0.04921875 0.015277777777777777
