3 0.499609375 0.8611111111111112 0.99921875 0.275
5 0.050390625 0.8965277777777778 0.10078125 0.04583333333333333
5 0.050390625 0.8965277777777778 0.10078125 0.04583333333333333
5 0.050390625 0.8965277777777778 0.10078125 0.04583333333333333
5 0.050390625 0.8756944444444444 0.10078125 0.04861111111111111
5 0.050390625 0.8756944444444444 0.10078125 0.04861111111111111
5 0.050390625 0.8756944444444444 0.10078125 0.04861111111111111
5 0.050390625 0.9159722222222222 0.10078125 0.043055555555555555
5 0.050390625 0.9159722222222222 0.10078125 0.043055555555555555
5 0.050390625 0.9159722222222222 0.10078125 0.043055555555555555
5 0.165625 0.8854166666666666 0.0953125 0.0375
5 0.165625 0.8854166666666666 0.0953125 0.0375
5 0.165625 0.8854166666666666 0.0953125 0.0375
5 0.165625 0.8680555555555556 0.0953125 0.041666666666666664
5 0.165625 0.8680555555555556 0.0953125 0.041666666666666664
5 0.165625 0.8680555555555556 0.0953125 0.041666666666666664
5 0.165625 0.85 0.0953125 0.041666666666666664
5 0.165625 0.85 0.0953125 0.041666666666666664
5 0.165625 0.85 0.0953125 0.041666666666666664
5 0.165625 0.83125 0.0953125 0.04027777777777778
5 0.165625 0.83125 0.0953125 0.04027777777777778
5 0.165625 0.83125 0.0953125 0.04027777777777778
6 0.6234375 0.9673611111111111 0.103125 0.0625
6 0.464453125 0.9298611111111111 0.10859375 0.1375
6 0.62421875 0.8763888888888889 0.1046875 0.18611111111111112
6 0.5328125 0.9409722222222222 0.115625 0.11527777777777778
8 0.882421875 0.84375 0.06953125 0.04861111111111111
5 0.882421875 0.8229166666666666 0.06171875 0.02361111111111111
8 0.83515625 0.8319444444444445 0.0671875 0.04722222222222222
5 0.83515625 0.8118055555555556 0.0609375 0.02361111111111111
8 0.928515625 0.8548611111111111 0.07109375 0.05138888888888889
5 0.928515625 0.8326388888888889 0.06328125 0.02638888888888889
8 0.972265625 0.8701388888888889 0.05390625 0.05138888888888889
5 0.974609375 0.8451388888888889 0.04921875 0.02638888888888889
8 0.793359375 0.8465277777777778 0.07109375 0.05138888888888889
5 0.793359375 0.825 0.06328125 0.025
8 0.841015625 0.8597222222222223 0.07265625 0.05277777777777778
5 0.841015625 0.8368055555555556 0.06484375 0.02638888888888889
8 0.88828125 0.8708333333333333 0.075 0.05555555555555555
5 0.887890625 0.8472222222222222 0.06640625 0.027777777777777776
8 0.94296875 0.8861111111111111 0.078125 0.058333333333333334
5 0.94296875 0.8618055555555556 0.06875 0.029166666666666667
0 0.383984375 0.7979166666666667 0.12890625 0.23194444444444445
1 0.973828125 0.6805555555555556 0.05078125 0.058333333333333334
2 0.966796875 0.6715277777777777 0.03046875 0.015277777777777777
2 0.98828125 0.71875 0.021875 0.018055555555555554
2 0.98046875 0.6743055555555556 0.021875 0.015277777777777777
2 0.9890625 0.6666666666666666 0.0203125 0.002777777777777778
2 0.993359375 0.6854166666666667 0.01171875 0.03194444444444444
2 0.998046875 0.6680555555555555 0.00234375 0.0
1 0.944140625 0.7263888888888889 0.09921875 0.12777777777777777
2 0.915625 0.7451388888888889 0.0015625 0.001388888888888889
2 0.915625 0.6854166666666667 0.034375 0.020833333333333332
2 0.971484375 0.7013888888888888 0.03515625 0.03888888888888889
2 0.9515625 0.7465277777777778 0.06875 0.04583333333333333
2 0.929296875 0.6965277777777777 0.02578125 0.034722222222222224
2 0.93828125 0.6777777777777778 0.0203125 0.002777777777777778
2 0.947265625 0.6993055555555555 0.02421875 0.0375
2 0.957421875 0.6805555555555556 0.02578125 0.002777777777777778
1 0.881640625 0.7444444444444445 0.10546875 0.1388888888888889
2 0.8515625 0.6930555555555555 0.0375 0.008333333333333333
2 0.91015625 0.7180555555555556 0.0390625 0.044444444444444446
2 0.908203125 0.76875 0.04453125 0.04583333333333333
2 0.864453125 0.6965277777777777 0.02578125 0.006944444444444444
2 0.877734375 0.6923611111111111 0.02265625 0.004166666666666667
2 0.883984375 0.6986111111111111 0.02578125 0.005555555555555556
2 0.895703125 0.6951388888888889 0.02421875 0.004166666666666667
1 0.853125 0.7479166666666667 0.1078125 0.13472222222222222
2 0.81796875 0.76875 0.028125 0.043055555555555555
2 0.82578125 0.7479166666666667 0.0171875 0.004166666666666667
2 0.82265625 0.7166666666666667 0.0375 0.044444444444444446
2 0.882421875 0.7256944444444444 0.03984375 0.04583333333333333
2 0.86328125 0.7763888888888889 0.0796875 0.05277777777777778
2 0.83671875 0.7208333333333333 0.028125 0.041666666666666664
2 0.84765625 0.6993055555555555 0.025 0.004166666666666667
2 0.855859375 0.7236111111111111 0.02734375 0.041666666666666664
2 0.866796875 0.7020833333333333 0.02578125 0.004166666666666667
1 0.990234375 0.7708333333333334 0.01796875 0.125
2 0.99296875 0.8006944444444445 0.0125 0.04583333333333333
2 0.9984375 0.7770833333333333 0.0015625 0.001388888888888889
2 0.99296875 0.7444444444444445 0.0125 0.04722222222222222
2 0.575390625 0.7930555555555555 0.00703125 0.058333333333333334
2 0.575390625 0.7604166666666666 0.00703125 0.006944444444444444
2 0.623046875 0.8097222222222222 0.08671875 0.058333333333333334
2 0.684765625 0.8020833333333334 0.03671875 0.05138888888888889
2 0.623046875 0.7659722222222223 0.08671875 0.05416666666666667
2 0.684765625 0.7597222222222222 0.03671875 0.04722222222222222
2 0.623046875 0.7201388888888889 0.08671875 0.059722222222222225
2 0.6609375 0.7125 0.084375 0.05555555555555555
