6 0.360546875 0.6916666666666667 0.04921875 0.14722222222222223
1 0.082421875 0.6618055555555555 0.09140625 0.16805555555555557
4 0.97890625 0.7020833333333333 0.040625 0.09305555555555556
6 0.240234375 0.5680555555555555 0.06796875 0.07222222222222222
1 0.050390625 0.6708333333333333 0.08203125 0.09444444444444444
1 0.13671875 0.6590277777777778 0.053125 0.14027777777777778
5 0.346875 0.7069444444444445 0.0015625 0.002777777777777778
6 0.386328125 0.5569444444444445 0.09921875 0.1527777777777778
6 0.247265625 0.55 0.11015625 0.16944444444444445
0 0.16875 0.6243055555555556 0.2046875 0.2652777777777778
3 0.499609375 0.8555555555555555 0.99921875 0.2861111111111111
6 0.132421875 0.5833333333333334 0.06953125 0.11944444444444445
0 0.958203125 0.6444444444444445 0.07734375 0.14722222222222223
1 0.00546875 0.6715277777777777 0.0109375 0.09583333333333334
5 0.33671875 0.7083333333333334 0.0015625 0.005555555555555556
5 0.123828125 0.7277777777777777 0.02109375 0.005555555555555556
6 0.97890625 0.71875 0.040625 0.4513888888888889
0 0.696875 0.5388888888888889 0.4640625 0.6694444444444444
1 0.080078125 0.6583333333333333 0.06796875 0.1111111111111111
4 0.6 0.6798611111111111 0.0015625 0.03194444444444444
1 0.027734375 0.6666666666666666 0.05546875 0.13333333333333333
1 0.630078125 0.5909722222222222 0.13984375 0.16527777777777777
2 0.595703125 0.6430555555555556 0.00078125 0.005555555555555556
6 0.11640625 0.6902777777777778 0.040625 0.11666666666666667
5 0.0640625 0.725 0.0359375 0.0
6 0.2453125 0.6951388888888889 0.1109375 0.16527777777777777
5 0.957421875 0.7020833333333333 0.01171875 0.009722222222222222
1 0.76953125 0.5076388888888889 0.0203125 0.02361111111111111
5 0.354296875 0.6916666666666667 0.01796875 0.005555555555555556
1 0.000390625 0.6694444444444444 0.00078125 0.03611111111111111
0 0.2046875 0.6201388888888889 0.2296875 0.2902777777777778
0 0.42734375 0.5840277777777778 0.34375 0.45694444444444443
1 0.92734375 0.6395833333333333 0.00625 0.004166666666666667
5 0.33671875 0.7006944444444444 0.0015625 0.006944444444444444
5 0.33671875 0.6923611111111111 0.0015625 0.006944444444444444
8 0.9546875 0.7229166666666667 0.0171875 0.04583333333333333
1 0.93046875 0.6423611111111112 0.0015625 0.004166666666666667
5 0.06875 0.7298611111111111 0.05 0.009722222222222222
5 0.347265625 0.7006944444444444 0.00234375 0.006944444444444444
2 0.9890625 0.6472222222222223 0.0 0.0
5 0.355078125 0.6826388888888889 0.01640625 0.006944444444444444
6 0.975 0.3145833333333333 0.0484375 0.42083333333333334
4 0.318359375 0.75 0.00078125 0.002777777777777778
1 0.04375 0.6722222222222223 0.0796875 0.09166666666666666
7 0.93359375 0.7270833333333333 0.0125 0.015277777777777777
