3 0.499609375 0.8548611111111111 0.99921875 0.2875
4 0.209765625 0.7020833333333333 0.00703125 0.029166666666666667
4 0.10625 0.7152777777777778 0.0046875 0.044444444444444446
4 0.056640625 0.7319444444444444 0.00703125 0.07777777777777778
4 0.001953125 0.7090277777777778 0.00390625 0.05138888888888889
8 0.060546875 0.7520833333333333 0.08671875 0.043055555555555555
8 0.733984375 0.725 0.04765625 0.008333333333333333
5 0.549609375 0.7145833333333333 0.00703125 0.006944444444444444
5 0.549609375 0.7145833333333333 0.00703125 0.006944444444444444
5 0.549609375 0.7145833333333333 0.00703125 0.006944444444444444
5 0.549609375 0.7069444444444445 0.00703125 0.008333333333333333
5 0.549609375 0.7069444444444445 0.00703125 0.008333333333333333
5 0.549609375 0.7069444444444445 0.00703125 0.008333333333333333
5 0.54921875 0.6986111111111111 0.0078125 0.008333333333333333
5 0.54921875 0.6986111111111111 0.0078125 0.008333333333333333
5 0.54921875 0.6986111111111111 0.0078125 0.008333333333333333
5 0.549609375 0.6895833333333333 0.00703125 0.006944444444444444
5 0.549609375 0.6895833333333333 0.00703125 0.006944444444444444
5 0.549609375 0.6895833333333333 0.00703125 0.006944444444444444
6 0.446875 0.6819444444444445 0.021875 0.019444444444444445
6 0.446875 0.6451388888888889 0.021875 0.0625
6 0.45546875 0.6833333333333333 0.0046875 0.016666666666666666
6 0.343359375 0.7118055555555556 0.06015625 0.0763888888888889
6 0.3265625 0.7159722222222222 0.05 0.08194444444444444
7 0.128125 0.7784722222222222 0.0859375 0.02361111111111111
7 0.06484375 0.7868055555555555 0.09375 0.029166666666666667
7 0.596875 0.825 0.109375 0.03611111111111111
7 0.63125 0.8083333333333333 0.1078125 0.030555555555555555
7 0.50625 0.8833333333333333 0.159375 0.05277777777777778
7 0.568359375 0.8541666666666666 0.11796875 0.044444444444444446
7 0.25078125 0.9861111111111112 0.240625 0.025
7 0.366015625 0.9541666666666667 0.18359375 0.08055555555555556
7 0.0953125 0.7375 0.0 0.0
7 0.20859375 0.7381944444444445 0.0296875 0.001388888888888889
7 0.008984375 0.7090277777777778 0.01640625 0.006944444444444444
6 0.186328125 0.8597222222222223 0.37265625 0.2777777777777778
6 0.6515625 0.8625 0.3421875 0.2722222222222222
8 0.00625 0.7708333333333334 0.00625 0.013888888888888888
8 0.237109375 0.7402777777777778 0.00390625 0.0
5 0.18203125 0.7270833333333333 0.025 0.001388888888888889
8 0.309375 0.7201388888888889 0.003125 0.001388888888888889
5 0.309375 0.7145833333333333 0.003125 0.006944444444444444
8 0.4296875 0.7388888888888889 0.003125 0.002777777777777778
8 0.440625 0.7381944444444445 0.0109375 0.001388888888888889
8 0.366796875 0.7444444444444445 0.00078125 0.0
5 0.75703125 0.7111111111111111 0.0015625 0.005555555555555556
8 0.75 0.7138888888888889 0.003125 0.002777777777777778
5 0.75390625 0.7118055555555556 0.0078125 0.004166666666666667
8 0.75078125 0.7277777777777777 0.0140625 0.0
5 0.750390625 0.7215277777777778 0.01484375 0.009722222222222222
8 0.708984375 0.7222222222222222 0.04453125 0.005555555555555556
5 0.709375 0.7201388888888889 0.040625 0.006944444444444444
5 0.75234375 0.7159722222222222 0.0109375 0.001388888888888889
8 0.737109375 0.7173611111111111 0.01171875 0.001388888888888889
5 0.720703125 0.7180555555555556 0.02109375 0.008333333333333333
8 0.723046875 0.7791666666666667 0.01796875 0.05277777777777778
5 0.7375 0.7534722222222222 0.040625 0.006944444444444444
8 0.747265625 0.7527777777777778 0.00859375 0.0
5 0.747265625 0.7548611111111111 0.00859375 0.001388888888888889
8 0.648828125 0.775 0.08359375 0.05
5 0.65078125 0.7513888888888889 0.08125 0.005555555555555556
8 0.660546875 0.7729166666666667 0.06328125 0.04583333333333333
5 0.653515625 0.7513888888888889 0.04453125 0.002777777777777778
0 0.4984375 0.6756944444444445 0.09375 0.2152777777777778
0 0.61796875 0.6583333333333333 0.059375 0.1361111111111111
0 0.578515625 0.6680555555555555 0.03984375 0.11388888888888889
1 0.220703125 0.6798611111111111 0.06171875 0.07361111111111111
1 0.210546875 0.6798611111111111 0.05234375 0.07361111111111111
1 0.171484375 0.6659722222222222 0.05546875 0.043055555555555555
1 0.145703125 0.6791666666666667 0.05234375 0.07222222222222222
1 0.116015625 0.6798611111111111 0.05546875 0.07083333333333333
1 0.10078125 0.6791666666666667 0.0640625 0.07222222222222222
1 0.035546875 0.6777777777777778 0.05546875 0.06388888888888888
1 0.023828125 0.6791666666666667 0.04765625 0.08333333333333333
1 0.007421875 0.6833333333333333 0.01328125 0.08888888888888889
1 0.978515625 0.6847222222222222 0.04140625 0.09722222222222222
2 0.961328125 0.6902777777777778 0.00078125 0.0
2 0.97421875 0.6618055555555555 0.00625 0.029166666666666667
2 0.980859375 0.7041666666666667 0.03671875 0.030555555555555555
1 0.987109375 0.6902777777777778 0.02421875 0.11666666666666667
2 0.988671875 0.7076388888888889 0.02109375 0.03194444444444444
2 0.978515625 0.6625 0.00234375 0.03333333333333333
2 0.991015625 0.6625 0.01640625 0.03333333333333333
2 0.98984375 0.7097222222222223 0.01875 0.03611111111111111
2 0.98046875 0.6625 0.0015625 0.03333333333333333
2 0.990234375 0.6625 0.01796875 0.03333333333333333
1 0.934765625 0.6868055555555556 0.04453125 0.10138888888888889
2 0.914453125 0.6625 0.00078125 0.027777777777777776
2 0.921484375 0.6618055555555555 0.00703125 0.029166666666666667
2 0.943359375 0.6902777777777778 0.01953125 0.0
2 0.915234375 0.6625 0.00078125 0.027777777777777776
2 0.915625 0.6611111111111111 0.0 0.016666666666666666
1 0.94921875 0.6902777777777778 0.053125 0.11666666666666667
2 0.925390625 0.6618055555555555 0.00078125 0.03194444444444444
2 0.950390625 0.6625 0.04140625 0.03333333333333333
2 0.953125 0.7097222222222223 0.0390625 0.03611111111111111
2 0.9265625 0.6618055555555555 0.0 0.03194444444444444
2 0.937109375 0.6652777777777777 0.01953125 0.027777777777777776
2 0.959375 0.6791666666666667 0.0140625 0.0
2 0.85625 0.6777777777777778 0.1234375 0.0
2 0.85390625 0.6798611111111111 0.14375 0.001388888888888889
2 0.85546875 0.6791666666666667 0.1328125 0.0
2 0.8515625 0.7298611111111111 0.165625 0.09861111111111111
2 0.853125 0.8236111111111111 0.165625 0.10277777777777777
2 0.70703125 0.7555555555555555 0.071875 0.06111111111111111
2 0.6359375 0.7534722222222222 0.0734375 0.059722222222222225
2 0.756640625 0.7034722222222223 0.00234375 0.009722222222222222
2 0.770703125 0.6833333333333333 0.03046875 0.027777777777777776
2 0.816015625 0.6729166666666667 0.03515625 0.006944444444444444
2 0.771875 0.6541666666666667 0.034375 0.027777777777777776
2 0.815625 0.6534722222222222 0.0359375 0.029166666666666667
5 0.133203125 0.6930555555555555 0.07265625 0.011111111111111112
5 0.1328125 0.7041666666666667 0.0734375 0.011111111111111112
5 0.1328125 0.7138888888888889 0.0734375 0.011111111111111112
5 0.1328125 0.725 0.0734375 0.011111111111111112
5 0.131640625 0.7409722222222223 0.04921875 0.001388888888888889
5 0.132421875 0.7361111111111112 0.07265625 0.011111111111111112
5 0.192578125 0.7145833333333333 0.06953125 0.0125
5 0.1921875 0.7256944444444444 0.0703125 0.0125
5 0.1984375 0.7416666666666667 0.0578125 0.002777777777777778
5 0.1921875 0.7368055555555556 0.0703125 0.0125
5 0.19453125 0.7708333333333334 0.0640625 0.008333333333333333
5 0.000390625 0.725 0.00078125 0.005555555555555556
5 0.0 0.7333333333333333 0.0 0.0
5 0.192578125 0.7048611111111112 0.06953125 0.009722222222222222
5 0.19296875 0.69375 0.0703125 0.009722222222222222
5 0.26484375 0.7152777777777778 0.0734375 0.011111111111111112
5 0.296484375 0.7208333333333333 0.00859375 0.0
5 0.23515625 0.7402777777777778 0.0140625 0.002777777777777778
5 0.2640625 0.7701388888888889 0.0734375 0.015277777777777777
5 0.2671875 0.7611111111111111 0.0671875 0.011111111111111112
5 0.0234375 0.7263888888888889 0.046875 0.008333333333333333
5 0.023046875 0.7340277777777777 0.04609375 0.006944444444444444
5 0.26484375 0.7055555555555556 0.0734375 0.011111111111111112
5 0.26484375 0.6944444444444444 0.0734375 0.011111111111111112
5 0.265234375 0.6298611111111111 0.07265625 0.009722222222222222
5 0.265234375 0.6409722222222223 0.07265625 0.009722222222222222
5 0.265234375 0.6631944444444444 0.07265625 0.009722222222222222
5 0.265234375 0.6520833333333333 0.07265625 0.009722222222222222
5 0.265234375 0.6847222222222222 0.07265625 0.011111111111111112
5 0.265234375 0.6743055555555556 0.07265625 0.009722222222222222
5 0.0234375 0.7201388888888889 0.046875 0.006944444444444444
5 0.0234375 0.7131944444444445 0.046875 0.006944444444444444
5 0.265234375 0.6201388888888889 0.07265625 0.009722222222222222
5 0.266015625 0.6090277777777777 0.07265625 0.0125
