3 0.40703125 0.7909722222222222 0.8140625 0.4152777777777778
4 0.190234375 0.7701388888888889 0.00546875 0.04027777777777778
4 0.041796875 0.7652777777777777 0.02734375 0.06944444444444445
4 0.206640625 0.6618055555555555 0.00078125 0.02361111111111111
4 0.078515625 0.6791666666666667 0.02734375 0.05
4 0.02734375 0.68125 0.0078125 0.04861111111111111
8 0.2765625 0.6 0.0234375 0.011111111111111112
5 0.23828125 0.5763888888888888 0.028125 0.008333333333333333
5 0.23828125 0.5763888888888888 0.028125 0.008333333333333333
5 0.23828125 0.5763888888888888 0.028125 0.008333333333333333
5 0.23828125 0.5708333333333333 0.028125 0.008333333333333333
5 0.23828125 0.5708333333333333 0.028125 0.008333333333333333
5 0.23828125 0.5708333333333333 0.028125 0.008333333333333333
5 0.23828125 0.5826388888888889 0.028125 0.006944444444444444
5 0.23828125 0.5826388888888889 0.028125 0.006944444444444444
5 0.23828125 0.5826388888888889 0.028125 0.006944444444444444
5 0.209375 0.5861111111111111 0.028125 0.005555555555555556
5 0.209375 0.5861111111111111 0.028125 0.005555555555555556
5 0.209375 0.5861111111111111 0.028125 0.005555555555555556
5 0.209375 0.5791666666666667 0.028125 0.005555555555555556
5 0.209375 0.5791666666666667 0.028125 0.005555555555555556
5 0.209375 0.5791666666666667 0.028125 0.005555555555555556
5 0.209375 0.5736111111111111 0.028125 0.005555555555555556
5 0.209375 0.5736111111111111 0.028125 0.005555555555555556
5 0.209375 0.5736111111111111 0.028125 0.005555555555555556
5 0.209765625 0.5659722222222222 0.02890625 0.006944444444444444
5 0.209765625 0.5659722222222222 0.02890625 0.006944444444444444
5 0.209765625 0.5659722222222222 0.02890625 0.006944444444444444
6 0.29375 0.5666666666666667 0.00625 0.03611111111111111
6 0.283984375 0.5430555555555555 0.02578125 0.03611111111111111
6 0.283984375 0.5666666666666667 0.02578125 0.03611111111111111
6 0.18828125 0.5722222222222222 0.003125 0.03611111111111111
5 0.744140625 0.7402777777777778 0.03203125 0.025
5 0.744140625 0.7402777777777778 0.03203125 0.025
5 0.744140625 0.7402777777777778 0.03203125 0.025
5 0.744140625 0.7270833333333333 0.03203125 0.02638888888888889
5 0.744140625 0.7270833333333333 0.03203125 0.02638888888888889
5 0.744140625 0.7270833333333333 0.03203125 0.02638888888888889
5 0.753515625 0.7534722222222222 0.01328125 0.020833333333333332
5 0.753515625 0.7534722222222222 0.01328125 0.020833333333333332
5 0.753515625 0.7534722222222222 0.01328125 0.020833333333333332
5 0.80234375 0.7833333333333333 0.0234375 0.016666666666666666
5 0.80234375 0.7833333333333333 0.0234375 0.016666666666666666
5 0.80234375 0.7833333333333333 0.0234375 0.016666666666666666
5 0.80234375 0.7715277777777778 0.0234375 0.018055555555555554
5 0.80234375 0.7715277777777778 0.0234375 0.018055555555555554
5 0.80234375 0.7715277777777778 0.0234375 0.018055555555555554
5 0.80234375 0.7583333333333333 0.0234375 0.016666666666666666
5 0.80234375 0.7583333333333333 0.0234375 0.016666666666666666
5 0.80234375 0.7583333333333333 0.0234375 0.016666666666666666
5 0.80234375 0.7388888888888889 0.0234375 0.030555555555555555
5 0.80234375 0.7388888888888889 0.0234375 0.030555555555555555
5 0.80234375 0.7388888888888889 0.0234375 0.030555555555555555
6 0.37265625 0.7847222222222222 0.0375 0.09444444444444444
6 0.505859375 0.775 0.06484375 0.09444444444444444
6 0.37265625 0.7083333333333334 0.0375 0.09166666666666666
6 0.459375 0.7770833333333333 0.0390625 0.09305555555555556
6 0.102734375 0.7923611111111111 0.05390625 0.10416666666666667
6 0.024609375 0.7979166666666667 0.04921875 0.09861111111111111
7 0.008203125 0.7659722222222223 0.01484375 0.018055555555555554
7 0.154296875 0.6909722222222222 0.02421875 0.018055555555555554
7 0.32421875 0.7625 0.021875 0.027777777777777776
7 0.454296875 0.6208333333333333 0.01796875 0.011111111111111112
7 0.49140625 0.6208333333333333 0.01875 0.011111111111111112
7 0.366015625 0.6243055555555556 0.01640625 0.0125
7 0.025 0.6368055555555555 0.021875 0.0125
7 0.0828125 0.6361111111111111 0.0203125 0.011111111111111112
6 0.0 0.6152777777777778 0.0 0.05
6 0.00546875 0.6111111111111112 0.0109375 0.058333333333333334
6 0.000390625 0.6694444444444444 0.00078125 0.05555555555555555
6 0.00625 0.6618055555555555 0.0109375 0.059722222222222225
8 0.1734375 0.7916666666666666 0.0421875 0.05
5 0.1734375 0.7763888888888889 0.0375 0.022222222222222223
8 0.223828125 0.7875 0.03515625 0.04722222222222222
5 0.22265625 0.7736111111111111 0.0328125 0.022222222222222223
8 0.262890625 0.7854166666666667 0.03828125 0.04861111111111111
5 0.2625 0.7708333333333334 0.0328125 0.022222222222222223
8 0.309765625 0.7798611111111111 0.03671875 0.043055555555555555
5 0.309765625 0.76875 0.03203125 0.020833333333333332
8 0.2609375 0.8076388888888889 0.040625 0.05416666666666667
5 0.260546875 0.7916666666666666 0.03515625 0.025
8 0.310546875 0.8041666666666667 0.03828125 0.05277777777777778
5 0.309765625 0.7888888888888889 0.03359375 0.025
8 0.216796875 0.8104166666666667 0.04296875 0.05138888888888889
5 0.221875 0.7958333333333333 0.0265625 0.025
8 0.166015625 0.8138888888888889 0.04609375 0.05555555555555555
5 0.165625 0.7986111111111112 0.040625 0.025
5 0.62578125 0.9986111111111111 0.0015625 0.0
8 0.67578125 0.9965277777777778 0.0578125 0.004166666666666667
5 0.6765625 0.9958333333333333 0.053125 0.005555555555555556
8 0.6578125 0.9777777777777777 0.0765625 0.041666666666666664
5 0.655859375 0.9743055555555555 0.06796875 0.04027777777777778
8 0.589453125 0.9805555555555555 0.07109375 0.03611111111111111
5 0.587109375 0.9798611111111111 0.06484375 0.0375
8 0.527734375 0.9840277777777777 0.06953125 0.029166666666666667
5 0.52578125 0.9826388888888888 0.0625 0.03194444444444444
8 0.46015625 0.9861111111111112 0.0328125 0.025
5 0.46171875 0.9861111111111112 0.04375 0.025
8 0.126953125 0.9798611111111111 0.08515625 0.020833333333333332
5 0.123046875 0.9833333333333333 0.08671875 0.030555555555555555
8 0.264453125 0.9979166666666667 0.00234375 0.001388888888888889
5 0.244140625 0.9972222222222222 0.03671875 0.002777777777777778
8 0.22734375 0.9798611111111111 0.0828125 0.0375
5 0.2265625 0.9777777777777777 0.0796875 0.03611111111111111
0 0.130859375 0.8541666666666666 0.19296875 0.25833333333333336
0 0.709765625 0.7402777777777778 0.10078125 0.175
1 0.58515625 0.6347222222222222 0.0328125 0.09444444444444444
1 0.545703125 0.6361111111111111 0.04765625 0.09444444444444444
1 0.557421875 0.6166666666666667 0.04453125 0.075
1 0.526953125 0.6236111111111111 0.04453125 0.08888888888888889
1 0.5359375 0.60625 0.034375 0.07083333333333333
1 0.51015625 0.6131944444444445 0.040625 0.08472222222222223
1 0.548828125 0.5868055555555556 0.05234375 0.06805555555555555
1 0.26875 0.6409722222222223 0.065625 0.09305555555555556
1 0.268359375 0.6270833333333333 0.06328125 0.0763888888888889
1 0.08203125 0.6402777777777777 0.071875 0.08888888888888889
1 0.075390625 0.65 0.07421875 0.09722222222222222
1 0.787890625 0.9708333333333333 0.04765625 0.05555555555555555
2 0.7921875 0.9826388888888888 0.040625 0.03194444444444444
2 0.811328125 0.9666666666666667 0.00234375 0.002777777777777778
1 0.59921875 0.98125 0.0140625 0.034722222222222224
2 0.574609375 0.9965277777777778 0.03984375 0.004166666666666667
5 0.165625 0.6236111111111111 0.015625 0.008333333333333333
5 0.165625 0.61875 0.015625 0.006944444444444444
5 0.165625 0.6090277777777777 0.015625 0.006944444444444444
5 0.165625 0.6138888888888889 0.015625 0.008333333333333333
5 0.203125 0.6715277777777777 0.028125 0.009722222222222222
5 0.201171875 0.675 0.02578125 0.0
5 0.21484375 0.6819444444444445 0.003125 0.011111111111111112
5 0.1984375 0.6958333333333333 0.03125 0.011111111111111112
5 0.196484375 0.7020833333333333 0.03046875 0.0125
5 0.1984375 0.6881944444444444 0.03125 0.0125
5 0.196484375 0.6819444444444445 0.03203125 0.013888888888888888
