3 0.36796875 0.9152777777777777 0.7359375 0.16666666666666666
5 0.7890625 0.9847222222222223 0.10625 0.027777777777777776
5 0.7890625 0.9847222222222223 0.10625 0.027777777777777776
5 0.7890625 0.9847222222222223 0.10625 0.027777777777777776
5 0.7890625 0.9701388888888889 0.10625 0.04861111111111111
5 0.7890625 0.9701388888888889 0.10625 0.04861111111111111
5 0.7890625 0.9701388888888889 0.10625 0.04861111111111111
5 0.75078125 0.9944444444444445 0.0296875 0.008333333333333333
5 0.75078125 0.9944444444444445 0.0296875 0.008333333333333333
5 0.75078125 0.9944444444444445 0.0296875 0.008333333333333333
5 0.87578125 0.9930555555555556 0.0578125 0.011111111111111112
5 0.87578125 0.9930555555555556 0.0578125 0.011111111111111112
5 0.87578125 0.9930555555555556 0.0578125 0.011111111111111112
5 0.909765625 0.9777777777777777 0.12578125 0.041666666666666664
5 0.909765625 0.9777777777777777 0.12578125 0.041666666666666664
5 0.909765625 0.9777777777777777 0.12578125 0.041666666666666664
6 0.234375 0.9423611111111111 0.1796875 0.1125
7 0.13359375 0.8534722222222222 0.034375 0.018055555555555554
7 0.185546875 0.8493055555555555 0.02578125 0.018055555555555554
7 0.001953125 0.8673611111111111 0.00390625 0.015277777777777777
7 0.05078125 0.8604166666666667 0.03125 0.018055555555555554
0 0.913671875 0.9104166666666667 0.17109375 0.1763888888888889
1 0.38046875 0.8534722222222222 0.090625 0.1486111111111111
1 0.3328125 0.8583333333333333 0.090625 0.1527777777777778
1 0.33125 0.8298611111111112 0.08125 0.11805555555555555
1 0.285546875 0.8388888888888889 0.08359375 0.13055555555555556
1 0.289453125 0.8180555555555555 0.07578125 0.10833333333333334
1 0.250390625 0.8284722222222223 0.06640625 0.12361111111111112
1 0.271484375 0.7965277777777777 0.08046875 0.09861111111111111
