2 0.88984375 0.6479166666666667 0.0234375 0.0125
2 0.653125 0.6395833333333333 0.025 0.020833333333333332
6 0.513671875 0.9965277777777778 0.00703125 0.004166666666666667
7 0.606640625 0.8020833333333334 0.05703125 0.029166666666666667
2 0.84296875 0.6152777777777778 0.0234375 0.005555555555555556
5 0.80625 0.6770833333333334 0.0203125 0.004166666666666667
5 0.637109375 0.7263888888888889 0.01328125 0.005555555555555556
5 0.51875 0.6958333333333333 0.0171875 0.005555555555555556
5 0.7890625 0.6770833333333334 0.0140625 0.004166666666666667
2 0.8296875 0.6111111111111112 0.009375 0.0
6 0.630078125 0.7041666666666667 0.04921875 0.06111111111111111
5 0.783203125 0.6833333333333333 0.00078125 0.0
2 0.860546875 0.6152777777777778 0.00234375 0.002777777777777778
2 0.82890625 0.61875 0.0203125 0.001388888888888889
2 0.82734375 0.6479166666666667 0.0078125 0.001388888888888889
4 0.753515625 0.7826388888888889 0.01171875 0.0763888888888889
5 0.759765625 0.6895833333333333 0.04765625 0.0125
6 0.525 0.6305555555555555 0.0296875 0.05555555555555555
6 0.5953125 0.8888888888888888 0.1703125 0.21944444444444444
2 0.971875 0.6270833333333333 0.025 0.020833333333333332
2 0.828515625 0.6145833333333334 0.01015625 0.004166666666666667
6 0.258203125 0.7194444444444444 0.06953125 0.1111111111111111
5 0.978125 0.7027777777777777 0.0265625 0.008333333333333333
2 0.6203125 0.6395833333333333 0.0390625 0.02361111111111111
5 0.71328125 0.7333333333333333 0.05625 0.013888888888888888
2 0.85390625 0.63125 0.015625 0.020833333333333332
5 0.665625 0.7625 0.0546875 0.013888888888888888
8 0.69765625 0.6763888888888889 0.00625 0.019444444444444445
8 0.52265625 0.7152777777777778 0.025 0.013888888888888888
2 0.81640625 0.6145833333333334 0.015625 0.006944444444444444
0 0.213671875 0.8354166666666667 0.24609375 0.3263888888888889
8 0.96640625 0.84375 0.059375 0.05416666666666667
2 0.93046875 0.7201388888888889 0.04375 0.04027777777777778
2 0.946875 0.625 0.0125 0.019444444444444445
1 0.057421875 0.6986111111111111 0.05078125 0.11666666666666667
5 0.759375 0.6569444444444444 0.0484375 0.011111111111111112
5 0.718359375 0.7576388888888889 0.04609375 0.009722222222222222
2 0.896875 0.6444444444444445 0.0078125 0.0
6 0.219140625 0.7388888888888889 0.01484375 0.025
1 0.105078125 0.6618055555555555 0.06796875 0.08472222222222223
8 0.68203125 0.6715277777777777 0.0328125 0.020833333333333332
5 0.394140625 0.6583333333333333 0.03671875 0.008333333333333333
2 0.730078125 0.6236111111111111 0.00703125 0.019444444444444445
2 0.832421875 0.6319444444444444 0.02734375 0.022222222222222223
2 0.64609375 0.6166666666666667 0.0390625 0.022222222222222223
2 0.96328125 0.6534722222222222 0.04375 0.02361111111111111
1 0.8828125 0.6305555555555555 0.0515625 0.05555555555555555
8 0.527734375 0.6916666666666667 0.01796875 0.002777777777777778
5 0.96875 0.8201388888888889 0.0546875 0.02361111111111111
8 0.9890625 0.7090277777777778 0.0046875 0.006944444444444444
6 0.142578125 0.8430555555555556 0.05859375 0.1361111111111111
0 0.3390625 0.8527777777777777 0.2125 0.2916666666666667
2 0.82734375 0.6583333333333333 0.0375 0.019444444444444445
6 0.199609375 0.6868055555555556 0.05546875 0.09305555555555556
2 0.6203125 0.6618055555555555 0.0390625 0.02361111111111111
5 0.714453125 0.7416666666666667 0.05390625 0.013888888888888888
5 0.719140625 0.7652777777777777 0.04453125 0.013888888888888888
2 0.818359375 0.6319444444444444 0.01640625 0.022222222222222223
2 0.7890625 0.65 0.0140625 0.016666666666666666
5 0.98515625 0.71875 0.0203125 0.009722222222222222
5 0.66640625 0.7291666666666666 0.05625 0.013888888888888888
2 0.91171875 0.6569444444444444 0.0390625 0.025
2 0.9546875 0.6256944444444444 0.009375 0.020833333333333332
5 0.759375 0.6736111111111112 0.0484375 0.011111111111111112
1 0.390625 0.8458333333333333 0.109375 0.2222222222222222
2 0.906640625 0.6166666666666667 0.01171875 0.0
2 0.653125 0.6611111111111111 0.025 0.022222222222222223
1 0.03359375 0.6618055555555555 0.0671875 0.08472222222222223
8 0.632421875 0.7395833333333334 0.01015625 0.029166666666666667
5 0.759765625 0.6979166666666666 0.04765625 0.0125
5 0.759375 0.6659722222222222 0.0484375 0.009722222222222222
8 0.477734375 0.7034722222222223 0.01171875 0.02361111111111111
0 0.887109375 0.6798611111111111 0.09765625 0.1486111111111111
2 0.739453125 0.6236111111111111 0.01015625 0.019444444444444445
4 0.60234375 0.7402777777777778 0.03125 0.06388888888888888
2 0.75859375 0.625 0.01875 0.019444444444444445
5 0.477734375 0.6909722222222222 0.01171875 0.006944444444444444
2 0.833203125 0.6194444444444445 0.00703125 0.0
0 0.728515625 0.6541666666666667 0.05390625 0.11944444444444445
2 0.878515625 0.6131944444444445 0.00078125 0.004166666666666667
5 0.946484375 0.6965277777777777 0.04296875 0.004166666666666667
2 0.9375 0.6520833333333333 0.0109375 0.020833333333333332
2 0.949609375 0.6416666666666667 0.01171875 0.0
7 0.794921875 0.7805555555555556 0.05859375 0.019444444444444445
2 0.780859375 0.6138888888888889 0.00546875 0.0
5 0.699609375 0.6604166666666667 0.00390625 0.001388888888888889
0 0.848046875 0.81875 0.18671875 0.30694444444444446
8 0.552734375 0.70625 0.00078125 0.009722222222222222
3 0.499609375 0.8284722222222223 0.99921875 0.3402777777777778
6 0.11015625 0.7770833333333333 0.053125 0.10416666666666667
5 0.5265625 0.7027777777777777 0.0328125 0.008333333333333333
2 0.88671875 0.6256944444444444 0.0171875 0.020833333333333332
1 0.750390625 0.6215277777777778 0.05078125 0.03194444444444444
5 0.759765625 0.7534722222222222 0.04765625 0.0125
4 0.79765625 0.7923611111111111 0.0359375 0.07916666666666666
2 0.77265625 0.6138888888888889 0.009375 0.0
2 0.91953125 0.6284722222222222 0.0234375 0.020833333333333332
2 0.83828125 0.6472222222222223 0.0125 0.0
4 0.4828125 0.9520833333333333 0.0015625 0.08194444444444444
5 0.698828125 0.6673611111111111 0.00546875 0.004166666666666667
2 0.6203125 0.6173611111111111 0.0390625 0.02361111111111111
1 0.8328125 0.6256944444444444 0.0484375 0.043055555555555555
2 0.84375 0.6576388888888889 0.028125 0.020833333333333332
5 0.66640625 0.7118055555555556 0.05625 0.015277777777777777
8 0.69921875 0.7701388888888889 0.059375 0.04583333333333333
2 0.810546875 0.6305555555555555 0.00390625 0.022222222222222223
8 0.690234375 0.6743055555555556 0.02109375 0.020833333333333332
4 0.654296875 0.7527777777777778 0.01015625 0.06666666666666667
6 0.1109375 0.6930555555555555 0.053125 0.1
2 0.79609375 0.6590277777777778 0.0 0.020833333333333332
5 0.759765625 0.7611111111111111 0.04765625 0.013888888888888888
8 0.8578125 0.7895833333333333 0.075 0.02638888888888889
5 0.394140625 0.6729166666666667 0.03671875 0.006944444444444444
7 0.494140625 0.7361111111111112 0.04453125 0.013888888888888888
5 0.66640625 0.7208333333333333 0.05625 0.013888888888888888
5 0.527734375 0.6881944444444444 0.03359375 0.006944444444444444
5 0.08515625 0.7493055555555556 0.0296875 0.015277777777777777
6 0.52421875 0.6708333333333333 0.028125 0.03611111111111111
8 0.5421875 0.7166666666666667 0.0 0.0
5 0.71328125 0.7083333333333334 0.05625 0.013888888888888888
2 0.966796875 0.6152777777777778 0.01328125 0.0
6 0.1484375 0.7347222222222223 0.0703125 0.13055555555555556
0 0.14140625 0.7548611111111111 0.1796875 0.23472222222222222
2 0.944140625 0.6243055555555556 0.01953125 0.020833333333333332
2 0.835546875 0.6472222222222223 0.03984375 0.0
7 0.49375 0.7569444444444444 0.04375 0.019444444444444445
8 0.98359375 0.7319444444444444 0.0234375 0.030555555555555555
5 0.22265625 0.7361111111111112 0.0 0.0
5 0.346484375 0.675 0.03984375 0.008333333333333333
5 0.0859375 0.7569444444444444 0.028125 0.011111111111111112
8 0.825 0.6972222222222222 0.00625 0.011111111111111112
5 0.84921875 0.7805555555555556 0.0203125 0.016666666666666666
5 0.93359375 0.8076388888888889 0.075 0.020833333333333332
5 0.501953125 0.69375 0.03984375 0.006944444444444444
5 0.394140625 0.6493055555555556 0.03671875 0.009722222222222222
0 0.477734375 0.6333333333333333 0.00234375 0.09166666666666666
2 0.732421875 0.6458333333333334 0.00390625 0.011111111111111112
5 0.346484375 0.6680555555555555 0.03984375 0.008333333333333333
2 0.734375 0.6465277777777778 0.0 0.009722222222222222
2 0.751171875 0.6138888888888889 0.01171875 0.0
2 0.59140625 0.6576388888888889 0.0171875 0.02361111111111111
5 0.225390625 0.7409722222222223 0.00703125 0.006944444444444444
5 0.759375 0.6416666666666667 0.0484375 0.011111111111111112
5 0.821875 0.6840277777777778 0.0125 0.006944444444444444
4 0.534765625 0.7194444444444444 0.02734375 0.05555555555555555
6 0.515234375 0.6701388888888888 0.00859375 0.029166666666666667
8 0.8171875 0.8020833333333334 0.075 0.04027777777777778
7 0.408203125 0.8527777777777777 0.06015625 0.03611111111111111
2 0.894140625 0.6263888888888889 0.00390625 0.019444444444444445
2 0.758984375 0.6125 0.00390625 0.0
2 0.744921875 0.6229166666666667 0.00546875 0.015277777777777777
5 0.666015625 0.7722222222222223 0.05546875 0.013888888888888888
8 0.934375 0.8270833333333333 0.0828125 0.04583333333333333
5 0.69140625 0.6652777777777777 0.0203125 0.005555555555555556
5 0.66640625 0.7458333333333333 0.05625 0.013888888888888888
1 0.8390625 0.6388888888888888 0.0453125 0.058333333333333334
2 0.860546875 0.6465277777777778 0.00234375 0.001388888888888889
5 0.616796875 0.7319444444444444 0.04140625 0.013888888888888888
5 0.759765625 0.7458333333333333 0.04765625 0.013888888888888888
1 0.95859375 0.6423611111111112 0.0578125 0.07083333333333333
1 0.90546875 0.6444444444444445 0.05625 0.07222222222222222
5 0.81953125 0.7854166666666667 0.0640625 0.018055555555555554
1 0.7703125 0.6368055555555555 0.0265625 0.05694444444444444
8 0.783203125 0.6902777777777778 0.00078125 0.0
2 0.79609375 0.6298611111111111 0.0 0.020833333333333332
8 0.698828125 0.6694444444444444 0.00390625 0.019444444444444445
2 0.81953125 0.6194444444444445 0.0125 0.0
2 0.81171875 0.6472222222222223 0.00625 0.0
5 0.346484375 0.6590277777777778 0.03984375 0.009722222222222222
5 0.66640625 0.7548611111111111 0.05625 0.015277777777777777
5 0.759765625 0.7291666666666666 0.04765625 0.013888888888888888
5 0.23125 0.7270833333333333 0.0015625 0.006944444444444444
4 0.576953125 0.7298611111111111 0.00859375 0.059722222222222225
1 0.479296875 0.8451388888888889 0.13515625 0.24583333333333332
4 0.687109375 0.7666666666666667 0.03671875 0.07222222222222222
2 0.85546875 0.6194444444444445 0.0125 0.0
8 0.91171875 0.6951388888888889 0.00625 0.006944444444444444
7 0.420703125 0.7097222222222223 0.04453125 0.013888888888888888
5 0.54609375 0.6958333333333333 0.015625 0.008333333333333333
1 0.108203125 0.6902777777777778 0.05078125 0.1
5 0.145703125 0.7416666666666667 0.01640625 0.005555555555555556
6 0.248046875 0.8215277777777777 0.05078125 0.1125
2 0.89296875 0.6145833333333334 0.01875 0.001388888888888889
1 0.0765625 0.7326388888888888 0.046875 0.14305555555555555
2 0.819140625 0.6152777777777778 0.00703125 0.005555555555555556
6 0.383984375 0.8986111111111111 0.17421875 0.2
0 0.118359375 0.7402777777777778 0.14609375 0.21666666666666667
7 0.837109375 0.7916666666666666 0.04140625 0.005555555555555556
8 0.50078125 0.7055555555555556 0.040625 0.025
5 0.66640625 0.7375 0.05625 0.013888888888888888
5 0.22578125 0.7458333333333333 0.00625 0.005555555555555556
1 0.822265625 0.6395833333333333 0.05234375 0.05694444444444444
5 0.759765625 0.7208333333333333 0.04765625 0.013888888888888888
8 0.53203125 0.7152777777777778 0.04375 0.027777777777777776
2 0.786328125 0.625 0.01953125 0.019444444444444445
8 0.78359375 0.675 0.0 0.0
6 0.477734375 0.6652777777777777 0.00234375 0.041666666666666664
5 0.713671875 0.725 0.05546875 0.013888888888888888
5 0.759765625 0.6819444444444445 0.04765625 0.011111111111111112
2 0.841796875 0.6194444444444445 0.00859375 0.0
2 0.8125 0.6486111111111111 0.0078125 0.0
5 0.759765625 0.7048611111111112 0.04765625 0.0125
5 0.759375 0.6506944444444445 0.0484375 0.009722222222222222
5 0.394140625 0.6652777777777777 0.03671875 0.008333333333333333
2 0.955859375 0.7173611111111111 0.06015625 0.04027777777777778
5 0.78984375 0.6722222222222223 0.0125 0.002777777777777778
2 0.89921875 0.6277777777777778 0.00625 0.019444444444444445
2 0.759375 0.6138888888888889 0.003125 0.0
8 0.826171875 0.6972222222222222 0.00234375 0.0
5 0.819140625 0.6791666666666667 0.00390625 0.0
5 0.553515625 0.6993055555555555 0.00078125 0.004166666666666667
8 0.821484375 0.6958333333333333 0.01328125 0.019444444444444445
5 0.683203125 0.6625 0.03203125 0.005555555555555556
8 0.5265625 0.6916666666666667 0.009375 0.002777777777777778
1 0.03515625 0.6652777777777777 0.0703125 0.08888888888888889
5 0.7140625 0.7506944444444444 0.0546875 0.015277777777777777
1 0.15390625 0.7034722222222223 0.0421875 0.0763888888888889
4 0.33203125 0.8375 0.0078125 0.041666666666666664
4 0.231640625 0.7923611111111111 0.00078125 0.029166666666666667
5 0.759765625 0.7375 0.04765625 0.013888888888888888
6 0.588671875 0.7013888888888888 0.05234375 0.06666666666666667
8 0.61796875 0.7458333333333333 0.0515625 0.03611111111111111
5 0.5390625 0.6902777777777778 0.0296875 0.005555555555555556
5 0.71328125 0.7173611111111111 0.05625 0.0125
5 0.759765625 0.7131944444444445 0.04765625 0.0125
2 0.88515625 0.6541666666666667 0.0140625 0.019444444444444445
1 0.1015625 0.6520833333333333 0.065625 0.06527777777777778
