3 0.61015625 0.9486111111111111 0.7765625 0.1
7 0.791796875 0.9222222222222223 0.00078125 0.0
7 0.846484375 0.9138888888888889 0.02890625 0.005555555555555556
7 0.816015625 0.9180555555555555 0.02734375 0.005555555555555556
7 0.53046875 0.9590277777777778 0.040625 0.018055555555555554
7 0.63125 0.9458333333333333 0.0359375 0.016666666666666666
7 0.591796875 0.9513888888888888 0.02421875 0.016666666666666666
7 0.3609375 0.9791666666666666 0.046875 0.022222222222222223
7 0.39140625 0.9729166666666667 0.0 0.004166666666666667
7 0.2828125 0.9888888888888889 0.046875 0.019444444444444445
7 0.23203125 0.9930555555555556 0.0203125 0.011111111111111112
8 0.8546875 0.9923611111111111 0.0703125 0.0125
5 0.855078125 0.9895833333333334 0.06328125 0.018055555555555554
8 0.821484375 0.9944444444444445 0.07109375 0.008333333333333333
5 0.822265625 0.9923611111111111 0.06484375 0.0125
8 0.883203125 0.9979166666666667 0.00390625 0.001388888888888889
5 0.913671875 0.9951388888888889 0.05390625 0.006944444444444444
5 0.875 0.9979166666666667 0.01875 0.001388888888888889
0 0.937109375 0.8666666666666667 0.08359375 0.10833333333333334
0 0.714453125 0.8638888888888889 0.05546875 0.08333333333333333
0 0.9703125 0.9305555555555556 0.0578125 0.1361111111111111
0 0.6671875 0.9416666666666667 0.1328125 0.11388888888888889
0 0.965234375 0.8631944444444445 0.06640625 0.10416666666666667
1 0.978125 0.8659722222222223 0.0421875 0.0625
2 0.98828125 0.8847222222222222 0.0015625 0.005555555555555556
2 0.973828125 0.8520833333333333 0.02890625 0.020833333333333332
2 0.991015625 0.8402777777777778 0.01015625 0.0
2 0.991015625 0.8805555555555555 0.00859375 0.022222222222222223
2 0.990234375 0.8520833333333333 0.00859375 0.020833333333333332
2 0.996875 0.8520833333333333 0.0046875 0.020833333333333332
2 0.97890625 0.8402777777777778 0.0015625 0.0
1 0.044140625 0.9208333333333333 0.08828125 0.07222222222222222
2 0.004296875 0.9805555555555555 0.00859375 0.03611111111111111
2 0.001953125 0.9604166666666667 0.00390625 0.001388888888888889
2 0.00546875 0.9270833333333334 0.0109375 0.04583333333333333
2 0.065625 0.9076388888888889 0.034375 0.015277777777777777
2 0.011328125 0.9784722222222222 0.02265625 0.04027777777777778
2 0.021875 0.9263888888888889 0.028125 0.044444444444444446
2 0.016015625 0.9034722222222222 0.02421875 0.001388888888888889
2 0.046484375 0.9097222222222222 0.02734375 0.013888888888888888
2 0.038671875 0.9013888888888889 0.02578125 0.002777777777777778
1 0.07109375 0.9472222222222222 0.1296875 0.10277777777777777
2 0.034765625 0.9909722222222223 0.03359375 0.015277777777777777
2 0.02734375 0.9888888888888889 0.0328125 0.019444444444444445
2 0.032421875 0.9444444444444444 0.04140625 0.05277777777777778
2 0.111328125 0.9229166666666667 0.03828125 0.020833333333333332
2 0.053125 0.9881944444444445 0.028125 0.020833333333333332
2 0.0640625 0.9430555555555555 0.03125 0.05
2 0.055859375 0.9173611111111111 0.02734375 0.004166666666666667
2 0.089453125 0.9256944444444445 0.03203125 0.018055555555555554
2 0.080859375 0.9152777777777777 0.03046875 0.002777777777777778
1 0.1265625 0.9548611111111112 0.14375 0.0875
2 0.083984375 0.9666666666666667 0.04765625 0.06111111111111111
2 0.170703125 0.9340277777777778 0.04296875 0.009722222222222222
2 0.118359375 0.9409722222222222 0.03671875 0.006944444444444444
2 0.109765625 0.9354166666666667 0.03515625 0.004166666666666667
2 0.14765625 0.9381944444444444 0.034375 0.006944444444444444
2 0.13671875 0.9340277777777778 0.034375 0.004166666666666667
1 0.152734375 0.9583333333333334 0.15078125 0.08055555555555556
2 0.108984375 0.9715277777777778 0.05078125 0.05416666666666667
2 0.198828125 0.9680555555555556 0.04609375 0.06111111111111111
2 0.145703125 0.9722222222222222 0.03671875 0.05277777777777778
2 0.133984375 0.9444444444444444 0.03671875 0.005555555555555556
2 0.175 0.9708333333333333 0.0375 0.05555555555555555
2 0.1625 0.9423611111111111 0.0359375 0.004166666666666667
2 0.69296875 0.9652777777777778 0.059375 0.044444444444444446
2 0.762109375 0.9555555555555556 0.05703125 0.03888888888888889
2 0.755078125 0.9180555555555555 0.07109375 0.041666666666666664
2 0.69453125 0.9263888888888889 0.0578125 0.044444444444444446
2 0.833984375 0.9465277777777777 0.08671875 0.05416666666666667
2 0.894140625 0.9375 0.08359375 0.05
2 0.922265625 0.9777777777777777 0.02890625 0.03611111111111111
2 0.834375 0.9791666666666666 0.0859375 0.030555555555555555
2 0.865625 0.9423611111111111 0.084375 0.05138888888888889
2 0.9234375 0.9340277777777778 0.078125 0.04861111111111111
2 0.948828125 0.9756944444444444 0.02421875 0.04027777777777778
2 0.89296875 0.9798611111111111 0.0296875 0.029166666666666667
2 0.809375 0.9986111111111111 0.0078125 0.0
