1 0.663671875 0.7472222222222222 0.05546875 0.11944444444444445
5 0.21953125 0.7979166666666667 0.0453125 0.015277777777777777
7 0.51796875 0.7368055555555556 0.0171875 0.0125
5 0.965234375 0.9388888888888889 0.06796875 0.03611111111111111
7 0.08984375 0.7368055555555556 0.0296875 0.0125
5 0.925390625 0.86875 0.06171875 0.0375
8 0.19609375 0.9069444444444444 0.06875 0.06388888888888888
2 0.971875 0.9777777777777777 0.0546875 0.041666666666666664
1 0.649609375 0.7340277777777777 0.04609375 0.10972222222222222
5 0.330078125 0.6972222222222222 0.03046875 0.005555555555555556
5 0.245703125 0.7770833333333333 0.03828125 0.0125
3 0.4984375 0.8486111111111111 0.934375 0.3
7 0.471875 0.7368055555555556 0.0171875 0.0125
7 0.151953125 0.7368055555555556 0.02734375 0.0125
5 0.25859375 0.8854166666666666 0.0578125 0.02638888888888889
5 0.35859375 0.6819444444444445 0.028125 0.008333333333333333
5 0.920703125 0.9041666666666667 0.05234375 0.03888888888888889
8 0.168359375 0.9347222222222222 0.07734375 0.07222222222222222
5 0.245703125 0.7958333333333333 0.01171875 0.011111111111111112
1 0.70703125 0.7472222222222222 0.0578125 0.11944444444444445
4 0.11875 0.8527777777777777 0.003125 0.058333333333333334
5 0.920703125 0.8909722222222223 0.05234375 0.03194444444444444
5 0.329296875 0.6840277777777778 0.02890625 0.006944444444444444
8 0.235546875 0.9361111111111111 0.07265625 0.07222222222222222
5 0.055078125 0.9118055555555555 0.04609375 0.03194444444444444
6 0.400390625 0.6833333333333333 0.00546875 0.030555555555555555
4 0.0859375 0.7743055555555556 0.03125 0.059722222222222225
5 0.168359375 0.9118055555555555 0.06796875 0.03194444444444444
1 0.094140625 0.7409722222222223 0.09140625 0.10972222222222222
1 0.64140625 0.7159722222222222 0.0296875 0.0875
6 0.4 0.6527777777777778 0.00625 0.03888888888888889
5 0.24765625 0.7243055555555555 0.0296875 0.006944444444444444
1 0.325390625 0.7340277777777777 0.07890625 0.10416666666666667
1 0.687890625 0.7270833333333333 0.05234375 0.09583333333333334
6 0.51484375 0.9104166666666667 0.0875 0.13472222222222222
6 0.425 0.9104166666666667 0.0890625 0.13472222222222222
7 0.04453125 0.88125 0.025 0.029166666666666667
1 0.69765625 0.7013888888888888 0.0640625 0.08333333333333333
8 0.107421875 0.9361111111111111 0.08046875 0.07222222222222222
6 0.33671875 0.8013888888888889 0.09375 0.12777777777777777
8 0.057421875 0.9347222222222222 0.05078125 0.07222222222222222
5 0.96484375 0.8847222222222222 0.06875 0.044444444444444446
5 0.330859375 0.6756944444444445 0.03203125 0.006944444444444444
5 0.24765625 0.7298611111111111 0.0296875 0.006944444444444444
5 0.329296875 0.6909722222222222 0.02890625 0.004166666666666667
0 0.8203125 0.8652777777777778 0.1671875 0.26666666666666666
5 0.257421875 0.7854166666666667 0.01015625 0.009722222222222222
5 0.21640625 0.8076388888888889 0.0453125 0.0125
5 0.235546875 0.9131944444444444 0.06328125 0.03194444444444444
5 0.965234375 0.90625 0.06796875 0.043055555555555555
1 0.11015625 0.7340277777777777 0.0875 0.10416666666666667
7 0.5828125 0.7368055555555556 0.0109375 0.0125
7 0.047265625 0.7368055555555556 0.02578125 0.0125
5 0.35859375 0.6902777777777778 0.028125 0.005555555555555556
8 0.140234375 0.9076388888888889 0.07265625 0.06527777777777778
5 0.24765625 0.7131944444444445 0.0296875 0.006944444444444444
5 0.24765625 0.71875 0.0296875 0.006944444444444444
5 0.078125 0.8861111111111111 0.0671875 0.027777777777777776
5 0.21953125 0.7909722222222222 0.0453125 0.0125
8 0.384765625 0.7138888888888889 0.02890625 0.019444444444444445
5 0.107421875 0.9131944444444444 0.07109375 0.03194444444444444
7 0.175 0.7930555555555555 0.0375 0.022222222222222223
5 0.358203125 0.6965277777777777 0.02734375 0.004166666666666667
1 0.31796875 0.7409722222222223 0.0828125 0.10972222222222222
6 0.28828125 0.6819444444444445 0.0140625 0.041666666666666664
7 0.63046875 0.7381944444444445 0.0078125 0.0125
5 0.246875 0.7861111111111111 0.0140625 0.013888888888888888
5 0.21640625 0.7833333333333333 0.0453125 0.013888888888888888
8 0.257421875 0.9076388888888889 0.06328125 0.06527777777777778
5 0.19609375 0.8854166666666666 0.0609375 0.02638888888888889
7 0.309375 0.8861111111111111 0.040625 0.030555555555555555
5 0.965234375 0.9256944444444445 0.06796875 0.04583333333333333
8 0.078125 0.9069444444444444 0.0765625 0.06388888888888888
5 0.13984375 0.8854166666666666 0.0640625 0.02638888888888889
1 0.67109375 0.7166666666666667 0.046875 0.08888888888888889
6 0.3359375 0.9104166666666667 0.09375 0.13472222222222222
6 0.033984375 0.6895833333333333 0.00078125 0.05694444444444444
6 0.03359375 0.75 0.0015625 0.06388888888888888
4 0.23515625 0.7597222222222222 0.0015625 0.030555555555555555
