3 0.499609375 0.9027777777777778 0.99921875 0.19166666666666668
5 0.134765625 0.8861111111111111 0.08984375 0.025
5 0.134765625 0.8861111111111111 0.08984375 0.025
5 0.134765625 0.8861111111111111 0.08984375 0.025
5 0.13515625 0.8659722222222223 0.090625 0.03194444444444444
5 0.13515625 0.8659722222222223 0.090625 0.03194444444444444
5 0.13515625 0.8659722222222223 0.090625 0.03194444444444444
5 0.134375 0.8993055555555556 0.090625 0.03194444444444444
5 0.134375 0.8993055555555556 0.090625 0.03194444444444444
5 0.134375 0.8993055555555556 0.090625 0.03194444444444444
5 0.2421875 0.8875 0.0796875 0.025
5 0.2421875 0.8875 0.0796875 0.025
5 0.2421875 0.8875 0.0796875 0.025
5 0.2421875 0.8736111111111111 0.0796875 0.022222222222222223
5 0.2421875 0.8736111111111111 0.0796875 0.022222222222222223
5 0.2421875 0.8736111111111111 0.0796875 0.022222222222222223
5 0.2421875 0.8569444444444444 0.0796875 0.022222222222222223
5 0.2421875 0.8569444444444444 0.0796875 0.022222222222222223
5 0.2421875 0.8569444444444444 0.0796875 0.022222222222222223
5 0.2421875 0.8375 0.0796875 0.027777777777777776
5 0.2421875 0.8375 0.0796875 0.027777777777777776
5 0.2421875 0.8375 0.0796875 0.027777777777777776
6 0.5734375 0.9451388888888889 0.115625 0.10694444444444444
6 0.464453125 0.9222222222222223 0.09453125 0.14444444444444443
6 0.57421875 0.8395833333333333 0.11875 0.1625
6 0.5203125 0.9305555555555556 0.0921875 0.1361111111111111
5 0.64140625 0.9972222222222222 0.021875 0.002777777777777778
8 0.9546875 0.88125 0.078125 0.04027777777777778
5 0.955078125 0.8631944444444445 0.06953125 0.018055555555555554
8 0.909765625 0.8715277777777778 0.07421875 0.04027777777777778
5 0.909765625 0.8541666666666666 0.06640625 0.016666666666666666
8 0.979296875 0.8930555555555556 0.03984375 0.04722222222222222
5 0.981640625 0.8722222222222222 0.03515625 0.019444444444444445
8 0.884375 0.8805555555555555 0.0234375 0.041666666666666664
5 0.88203125 0.8597222222222223 0.01875 0.011111111111111112
8 0.906640625 0.8951388888888889 0.06796875 0.04861111111111111
5 0.905078125 0.8722222222222222 0.06484375 0.022222222222222223
8 0.946484375 0.9041666666666667 0.08359375 0.05277777777777778
5 0.946875 0.88125 0.075 0.020833333333333332
8 0.97734375 0.9180555555555555 0.04375 0.05555555555555555
5 0.979296875 0.8930555555555556 0.03984375 0.022222222222222223
0 0.431640625 0.8090277777777778 0.09453125 0.20972222222222223
1 0.94296875 0.7388888888888889 0.0296875 0.016666666666666666
2 0.952734375 0.7465277777777778 0.04140625 0.004166666666666667
2 0.99453125 0.7527777777777778 0.009375 0.002777777777777778
2 0.987890625 0.8048611111111111 0.02265625 0.006944444444444444
2 0.96640625 0.7486111111111111 0.03125 0.002777777777777778
2 0.98125 0.7472222222222222 0.025 0.002777777777777778
2 0.981640625 0.7513888888888889 0.02421875 0.002777777777777778
2 0.99140625 0.7486111111111111 0.015625 0.0
1 0.944921875 0.7958333333333333 0.10859375 0.125
2 0.911328125 0.8222222222222222 0.03046875 0.041666666666666664
2 0.925390625 0.8013888888888889 0.02734375 0.002777777777777778
2 0.917578125 0.7680555555555556 0.04453125 0.041666666666666664
2 0.97578125 0.775 0.046875 0.044444444444444446
2 0.95703125 0.8277777777777777 0.084375 0.05277777777777778
2 0.927734375 0.7708333333333334 0.02890625 0.041666666666666664
2 0.9421875 0.7506944444444444 0.025 0.001388888888888889
2 0.94765625 0.7736111111111111 0.0296875 0.041666666666666664
2 0.9640625 0.7520833333333333 0.0265625 0.001388888888888889
2 0.6328125 0.8361111111111111 0.04375 0.05555555555555555
2 0.654296875 0.8076388888888889 0.00078125 0.001388888888888889
2 0.698046875 0.85 0.08515625 0.05555555555555555
2 0.7625 0.8472222222222222 0.04375 0.04722222222222222
2 0.698046875 0.8055555555555556 0.08515625 0.05277777777777778
2 0.7625 0.8034722222222223 0.04375 0.04583333333333333
2 0.69765625 0.7611111111111111 0.084375 0.05277777777777778
2 0.74140625 0.7576388888888889 0.084375 0.05138888888888889
