5 0.809765625 0.7798611111111111 0.08203125 0.018055555555555554
5 0.813671875 0.8111111111111111 0.12578125 0.03333333333333333
2 0.7359375 0.6916666666666667 0.003125 0.030555555555555555
8 0.8796875 0.7694444444444445 0.003125 0.011111111111111112
2 0.75625 0.7222222222222222 0.0359375 0.030555555555555555
2 0.756640625 0.7618055555555555 0.03671875 0.009722222222222222
5 0.9234375 0.7548611111111111 0.059375 0.009722222222222222
5 0.8078125 0.6569444444444444 0.08125 0.016666666666666666
8 0.93203125 0.7729166666666667 0.0609375 0.029166666666666667
5 0.809375 0.7638888888888888 0.08125 0.016666666666666666
5 0.808984375 0.7340277777777777 0.08203125 0.015277777777777777
5 0.80859375 0.7173611111111111 0.08125 0.015277777777777777
5 0.80703125 0.6104166666666667 0.08125 0.015277777777777777
5 0.797265625 0.8145833333333333 0.05546875 0.006944444444444444
5 0.824609375 0.6729166666666667 0.04765625 0.015277777777777777
2 0.9734375 0.6965277777777777 0.0109375 0.03194444444444444
2 0.94375 0.6993055555555555 0.0234375 0.029166666666666667
5 0.809375 0.7479166666666667 0.08125 0.015277777777777777
5 0.806640625 0.5944444444444444 0.08046875 0.016666666666666666
2 0.8953125 0.6993055555555555 0.0234375 0.029166666666666667
1 0.898828125 0.7097222222222223 0.07421875 0.07222222222222222
1 0.96953125 0.7083333333333334 0.034375 0.075
5 0.89375 0.7527777777777778 0.040625 0.008333333333333333
2 0.962890625 0.7368055555555556 0.01171875 0.020833333333333332
2 0.944921875 0.7138888888888889 0.00078125 0.0
5 0.872265625 0.7472222222222222 0.00390625 0.0
2 0.985546875 0.6819444444444445 0.01171875 0.002777777777777778
1 0.0125 0.7229166666666667 0.025 0.10416666666666667
5 0.80859375 0.7034722222222223 0.08125 0.015277777777777777
2 0.75546875 0.6909722222222222 0.0359375 0.029166666666666667
1 0.9890625 0.6784722222222223 0.0015625 0.001388888888888889
5 0.73984375 0.7777777777777778 0.0015625 0.005555555555555556
3 0.499609375 0.88125 0.99921875 0.23472222222222222
2 0.9515625 0.7354166666666667 0.0359375 0.020833333333333332
2 0.995703125 0.6805555555555556 0.00703125 0.002777777777777778
5 0.98359375 0.8340277777777778 0.03125 0.03194444444444444
2 0.87890625 0.7 0.009375 0.027777777777777776
7 0.82734375 0.8430555555555556 0.1140625 0.022222222222222223
2 0.919921875 0.7138888888888889 0.00078125 0.0
2 0.8703125 0.7340277777777777 0.009375 0.018055555555555554
5 0.925 0.7527777777777778 0.04375 0.008333333333333333
8 0.91328125 0.8597222222222223 0.171875 0.10555555555555556
8 0.978125 0.8902777777777777 0.0421875 0.13055555555555556
2 0.904296875 0.7354166666666667 0.05859375 0.020833333333333332
2 0.912890625 0.6993055555555555 0.03828125 0.029166666666666667
5 0.8703125 0.7458333333333333 0.003125 0.0
8 0.93828125 0.7729166666666667 0.059375 0.018055555555555554
5 0.953515625 0.7541666666666667 0.02890625 0.008333333333333333
7 0.91484375 0.8583333333333333 0.1625 0.044444444444444446
0 0.98359375 0.6881944444444444 0.03125 0.2513888888888889
4 0.74921875 0.8229166666666666 0.03125 0.22361111111111112
8 0.955078125 0.7743055555555556 0.02578125 0.020833333333333332
5 0.808203125 0.6868055555555556 0.08046875 0.015277777777777777
0 0.405859375 0.49930555555555556 0.69765625 0.9986111111111111
5 0.737890625 0.7645833333333333 0.00390625 0.015277777777777777
0 0.853125 0.7006944444444444 0.075 0.18472222222222223
5 0.737109375 0.7125 0.00703125 0.005555555555555556
5 0.81015625 0.7923611111111111 0.08125 0.009722222222222222
5 0.737109375 0.7493055555555556 0.00546875 0.0125
8 0.818359375 0.8645833333333334 0.13359375 0.10972222222222222
8 0.891796875 0.7659722222222223 0.03203125 0.02361111111111111
2 0.7359375 0.7083333333333334 0.003125 0.0
5 0.89921875 0.7472222222222222 0.053125 0.002777777777777778
1 0.99609375 0.675 0.00625 0.008333333333333333
5 0.93515625 0.7472222222222222 0.05 0.0
5 0.807421875 0.625 0.08046875 0.016666666666666666
8 0.924609375 0.7722222222222223 0.06640625 0.03888888888888889
5 0.73671875 0.7375 0.00625 0.008333333333333333
8 0.9546875 0.7729166666666667 0.034375 0.0375
5 0.807421875 0.6409722222222223 0.08046875 0.015277777777777777
1 0.009375 0.7229166666666667 0.01875 0.10694444444444444
2 0.7375 0.7569444444444444 0.0 0.0
2 0.962109375 0.6965277777777777 0.01171875 0.03194444444444444
8 0.89609375 0.7701388888888889 0.0453125 0.034722222222222224
2 0.86953125 0.7 0.009375 0.027777777777777776
8 0.875390625 0.7590277777777777 0.00390625 0.009722222222222222
1 0.948828125 0.7097222222222223 0.04296875 0.07222222222222222
5 0.916015625 0.8090277777777778 0.16015625 0.03194444444444444
5 0.874609375 0.7444444444444445 0.01484375 0.0
5 0.9546875 0.7486111111111111 0.0265625 0.0
