3 0.515625 0.8534722222222222 0.9671875 0.2902777777777778
5 0.69453125 0.8166666666666667 0.0265625 0.022222222222222223
5 0.69453125 0.8166666666666667 0.0265625 0.022222222222222223
5 0.69453125 0.8166666666666667 0.0265625 0.022222222222222223
5 0.7046875 0.8013888888888889 0.046875 0.025
5 0.7046875 0.8013888888888889 0.046875 0.025
5 0.7046875 0.8013888888888889 0.046875 0.025
5 0.693359375 0.8298611111111112 0.02421875 0.020833333333333332
5 0.693359375 0.8298611111111112 0.02421875 0.020833333333333332
5 0.693359375 0.8298611111111112 0.02421875 0.020833333333333332
5 0.827734375 0.8590277777777777 0.01328125 0.015277777777777777
5 0.827734375 0.8590277777777777 0.01328125 0.015277777777777777
5 0.827734375 0.8590277777777777 0.01328125 0.015277777777777777
5 0.827734375 0.8451388888888889 0.01328125 0.018055555555555554
5 0.827734375 0.8451388888888889 0.01328125 0.018055555555555554
5 0.827734375 0.8451388888888889 0.01328125 0.018055555555555554
5 0.827734375 0.8291666666666667 0.01328125 0.019444444444444445
5 0.827734375 0.8291666666666667 0.01328125 0.019444444444444445
5 0.827734375 0.8291666666666667 0.01328125 0.019444444444444445
5 0.82734375 0.8118055555555556 0.0140625 0.020833333333333332
5 0.82734375 0.8118055555555556 0.0140625 0.020833333333333332
5 0.82734375 0.8118055555555556 0.0140625 0.020833333333333332
6 0.34375 0.9173611111111111 0.103125 0.1375
6 0.497265625 0.8833333333333333 0.09609375 0.1361111111111111
6 0.344140625 0.8006944444444445 0.10234375 0.1375
6 0.425 0.8972222222222223 0.0984375 0.14166666666666666
7 0.19453125 0.8979166666666667 0.0484375 0.0375
7 0.2265625 0.7236111111111111 0.0234375 0.013888888888888888
7 0.275 0.7215277777777778 0.025 0.0125
7 0.117578125 0.7333333333333333 0.02734375 0.013888888888888888
7 0.16640625 0.7291666666666666 0.028125 0.013888888888888888
8 0.08828125 0.9409722222222222 0.04375 0.06805555555555555
5 0.08671875 0.9243055555555556 0.0359375 0.034722222222222224
8 0.138671875 0.9333333333333333 0.06953125 0.07222222222222222
5 0.13671875 0.9138888888888889 0.0625 0.03611111111111111
8 0.203125 0.9256944444444445 0.0640625 0.0763888888888889
5 0.20234375 0.9034722222222222 0.05625 0.034722222222222224
8 0.158984375 0.9611111111111111 0.07734375 0.075
5 0.1609375 0.9430555555555555 0.0625 0.041666666666666664
8 0.2328125 0.9541666666666667 0.078125 0.08333333333333333
5 0.23125 0.93125 0.06875 0.0375
8 0.0984375 0.9673611111111111 0.0640625 0.0625
5 0.0921875 0.95625 0.0515625 0.043055555555555555
8 0.031640625 0.9895833333333334 0.00078125 0.018055555555555554
5 0.031640625 0.9666666666666667 0.00078125 0.030555555555555555
0 0.144140625 0.9083333333333333 0.22265625 0.18055555555555555
0 0.78203125 0.8173611111111111 0.159375 0.24027777777777778
1 0.4265625 0.7215277777777778 0.06875 0.1125
1 0.390234375 0.725 0.06953125 0.11388888888888889
1 0.387890625 0.7048611111111112 0.06328125 0.09027777777777778
1 0.353125 0.7145833333333333 0.0640625 0.10694444444444444
1 0.354296875 0.6958333333333333 0.06015625 0.08611111111111111
1 0.326953125 0.7055555555555556 0.04765625 0.1
1 0.3375 0.6805555555555556 0.0640625 0.08333333333333333
1 0.055078125 0.7458333333333333 0.04609375 0.11944444444444445
1 0.05 0.7381944444444445 0.0359375 0.11527777777777778
