0 0.483984375 0.9236111111111112 0.15859375 0.15
1 0.232421875 0.6416666666666667 0.03671875 0.08611111111111111
8 0.230859375 0.9770833333333333 0.02890625 0.043055555555555555
2 0.992578125 0.7847222222222222 0.01328125 0.07777777777777778
5 0.2515625 0.9333333333333333 0.0703125 0.04722222222222222
1 0.2171875 0.6451388888888889 0.00625 0.08194444444444444
1 0.26640625 0.6513888888888889 0.0765625 0.10277777777777777
5 0.5828125 0.7354166666666667 0.0640625 0.02361111111111111
7 0.21953125 0.8770833333333333 0.0078125 0.02361111111111111
6 0.044140625 0.95625 0.08828125 0.08472222222222223
0 0.69296875 0.7458333333333333 0.103125 0.20277777777777778
2 0.9921875 0.8972222222222223 0.0140625 0.044444444444444446
8 0.086328125 0.9284722222222223 0.00234375 0.001388888888888889
6 0.4875 0.825 0.0796875 0.11944444444444445
5 0.5828125 0.7451388888888889 0.0640625 0.02638888888888889
8 0.301171875 0.9381944444444444 0.08671875 0.06805555555555555
1 0.08359375 0.6083333333333333 0.0015625 0.07777777777777778
5 0.248828125 0.8847222222222222 0.06484375 0.03888888888888889
8 0.9671875 0.9743055555555555 0.0609375 0.04583333333333333
5 0.633984375 0.7472222222222222 0.02109375 0.022222222222222223
5 0.227734375 0.9590277777777778 0.02265625 0.03194444444444444
1 0.237890625 0.6625 0.04765625 0.11388888888888889
6 0.387890625 0.7798611111111111 0.09296875 0.13472222222222222
8 0.22578125 0.9222222222222223 0.01875 0.03611111111111111
5 0.633203125 0.7590277777777777 0.01953125 0.020833333333333332
5 0.5828125 0.7208333333333333 0.0640625 0.027777777777777776
2 0.9921875 0.8493055555555555 0.0140625 0.05694444444444444
5 0.223046875 0.9083333333333333 0.01328125 0.022222222222222223
5 0.3 0.9104166666666667 0.078125 0.043055555555555555
7 0.01640625 0.6625 0.0328125 0.016666666666666666
8 0.255078125 0.9548611111111112 0.07578125 0.0875
8 0.251953125 0.8916666666666667 0.07109375 0.05277777777777778
5 0.641015625 0.7340277777777777 0.03515625 0.02361111111111111
6 0.387109375 0.88125 0.09140625 0.13194444444444445
3 0.498828125 0.8152777777777778 0.99765625 0.36666666666666664
8 0.928515625 0.9805555555555555 0.00234375 0.002777777777777778
4 0.05078125 0.9013888888888889 0.0046875 0.05555555555555555
7 0.05859375 0.6548611111111111 0.0359375 0.015277777777777777
5 0.653515625 0.7215277777777778 0.06015625 0.02638888888888889
5 0.075 0.9375 0.025 0.019444444444444445
5 0.95234375 0.9888888888888889 0.0796875 0.019444444444444445
5 0.96875 0.975 0.0578125 0.04722222222222222
6 0.441015625 0.84375 0.08515625 0.11805555555555555
