3 0.499609375 0.83125 0.99921875 0.3347222222222222
4 0.303125 0.68125 0.0 0.0125
4 0.226171875 0.6986111111111111 0.00390625 0.03611111111111111
4 0.13671875 0.6930555555555555 0.0078125 0.002777777777777778
4 0.0890625 0.7333333333333333 0.0078125 0.06388888888888888
8 0.104296875 0.7486111111111111 0.03828125 0.03611111111111111
5 0.500390625 0.6708333333333333 0.03828125 0.008333333333333333
5 0.500390625 0.6708333333333333 0.03828125 0.008333333333333333
5 0.500390625 0.6708333333333333 0.03828125 0.008333333333333333
5 0.500390625 0.6625 0.03828125 0.008333333333333333
5 0.500390625 0.6625 0.03828125 0.008333333333333333
5 0.500390625 0.6625 0.03828125 0.008333333333333333
5 0.500390625 0.6784722222222223 0.03828125 0.006944444444444444
5 0.500390625 0.6784722222222223 0.03828125 0.006944444444444444
5 0.500390625 0.6784722222222223 0.03828125 0.006944444444444444
5 0.53203125 0.6805555555555556 0.0046875 0.005555555555555556
5 0.53203125 0.6805555555555556 0.0046875 0.005555555555555556
5 0.53203125 0.6805555555555556 0.0046875 0.005555555555555556
5 0.53203125 0.6729166666666667 0.0046875 0.006944444444444444
5 0.53203125 0.6729166666666667 0.0046875 0.006944444444444444
5 0.53203125 0.6729166666666667 0.0046875 0.006944444444444444
5 0.53203125 0.6645833333333333 0.0046875 0.006944444444444444
5 0.53203125 0.6645833333333333 0.0046875 0.006944444444444444
5 0.53203125 0.6645833333333333 0.0046875 0.006944444444444444
5 0.53203125 0.65625 0.0046875 0.006944444444444444
5 0.53203125 0.65625 0.0046875 0.006944444444444444
5 0.53203125 0.65625 0.0046875 0.006944444444444444
6 0.45625 0.6819444444444445 0.040625 0.05277777777777778
6 0.492578125 0.6763888888888889 0.03203125 0.05277777777777778
6 0.45703125 0.6333333333333333 0.0421875 0.05555555555555555
6 0.474609375 0.6798611111111111 0.03828125 0.05694444444444444
6 0.340625 0.7006944444444444 0.0515625 0.06805555555555555
6 0.31953125 0.7083333333333334 0.040625 0.07222222222222222
7 0.131640625 0.7763888888888889 0.06640625 0.022222222222222223
7 0.0984375 0.7888888888888889 0.028125 0.022222222222222223
7 0.42890625 0.8486111111111111 0.0875 0.03333333333333333
7 0.4703125 0.8284722222222223 0.084375 0.029166666666666667
7 0.291796875 0.9125 0.11171875 0.044444444444444446
7 0.347265625 0.8798611111111111 0.08359375 0.034722222222222224
7 0.0125 0.9986111111111111 0.0 0.0
7 0.149609375 0.9722222222222222 0.11484375 0.05277777777777778
7 0.118359375 0.73125 0.02265625 0.0125
7 0.3140625 0.7055555555555556 0.0 0.0
7 0.2609375 0.7222222222222222 0.0 0.0
7 0.09765625 0.6666666666666666 0.0234375 0.008333333333333333
6 0.008984375 0.9416666666666667 0.01796875 0.11388888888888889
6 0.120703125 0.9520833333333333 0.21484375 0.09305555555555556
8 0.009765625 0.7840277777777778 0.01953125 0.03194444444444444
5 0.009765625 0.7666666666666667 0.01953125 0.016666666666666666
8 0.23359375 0.7368055555555556 0.053125 0.029166666666666667
5 0.23671875 0.7236111111111111 0.0421875 0.008333333333333333
8 0.2109375 0.7368055555555556 0.0125 0.018055555555555554
5 0.2109375 0.7180555555555556 0.0125 0.002777777777777778
8 0.31328125 0.7131944444444445 0.0015625 0.020833333333333332
5 0.31328125 0.6993055555555555 0.0015625 0.004166666666666667
8 0.388671875 0.6916666666666667 0.00234375 0.0
5 0.3859375 0.6909722222222222 0.0015625 0.001388888888888889
5 0.388671875 0.6902777777777778 0.00234375 0.0
8 0.388671875 0.7166666666666667 0.00234375 0.002777777777777778
5 0.3875 0.6930555555555555 0.0046875 0.0
5 0.417578125 0.6881944444444444 0.01484375 0.001388888888888889
8 0.3875 0.7111111111111111 0.0046875 0.016666666666666666
5 0.3875 0.6958333333333333 0.0046875 0.002777777777777778
8 0.3875 0.7090277777777778 0.0046875 0.0125
5 0.3875 0.7020833333333333 0.0046875 0.006944444444444444
8 0.787890625 0.7076388888888889 0.03359375 0.02638888888888889
5 0.782421875 0.6951388888888889 0.03984375 0.006944444444444444
8 0.806640625 0.7041666666666667 0.01015625 0.025
5 0.78984375 0.6923611111111111 0.0390625 0.006944444444444444
8 0.781640625 0.7111111111111111 0.03828125 0.027777777777777776
5 0.78046875 0.6986111111111111 0.0359375 0.008333333333333333
8 0.778125 0.7152777777777778 0.03125 0.027777777777777776
5 0.77109375 0.7020833333333333 0.0390625 0.009722222222222222
8 0.765234375 0.6902777777777778 0.00234375 0.002777777777777778
5 0.74453125 0.6888888888888889 0.0375 0.005555555555555556
8 0.75390625 0.6944444444444444 0.0046875 0.005555555555555556
5 0.737109375 0.6923611111111111 0.03671875 0.006944444444444444
8 0.731640625 0.7041666666666667 0.04296875 0.019444444444444445
5 0.727734375 0.6958333333333333 0.03515625 0.008333333333333333
8 0.725390625 0.7055555555555556 0.03828125 0.013888888888888888
5 0.72421875 0.7 0.0359375 0.008333333333333333
8 0.71640625 0.7340277777777777 0.04375 0.034722222222222224
5 0.716015625 0.7194444444444444 0.03828125 0.011111111111111112
8 0.75703125 0.7368055555555556 0.04375 0.034722222222222224
5 0.756640625 0.7222222222222222 0.03828125 0.011111111111111112
8 0.67734375 0.7222222222222222 0.0375 0.008333333333333333
5 0.6796875 0.7180555555555556 0.0375 0.011111111111111112
8 0.64296875 0.71875 0.04375 0.0125
5 0.64296875 0.7159722222222222 0.0390625 0.009722222222222222
8 0.75234375 0.7173611111111111 0.04375 0.020833333333333332
5 0.750390625 0.7083333333333334 0.04296875 0.008333333333333333
8 0.74453125 0.7270833333333333 0.0484375 0.03194444444444444
5 0.744140625 0.7125 0.04453125 0.008333333333333333
8 0.698046875 0.725 0.04140625 0.030555555555555555
5 0.6953125 0.7118055555555556 0.0328125 0.009722222222222222
8 0.669921875 0.7152777777777778 0.02421875 0.016666666666666666
5 0.661328125 0.7097222222222223 0.03671875 0.011111111111111112
8 0.7046875 0.7513888888888889 0.0 0.016666666666666666
8 0.498828125 0.7909722222222222 0.03359375 0.04027777777777778
5 0.5 0.7708333333333334 0.03125 0.016666666666666666
8 0.5109375 0.7819444444444444 0.009375 0.03888888888888889
5 0.518359375 0.7590277777777777 0.01953125 0.006944444444444444
0 0.9953125 0.9451388888888889 0.0078125 0.004166666666666667
0 0.428125 0.6972222222222222 0.0859375 0.18333333333333332
0 0.57265625 0.66875 0.0515625 0.1375
0 0.585546875 0.6423611111111112 0.04140625 0.09861111111111111
1 0.27734375 0.6451388888888889 0.053125 0.06527777777777778
1 0.2625 0.6451388888888889 0.0546875 0.06527777777777778
1 0.233984375 0.6423611111111112 0.05234375 0.0625
1 0.21875 0.6423611111111112 0.0515625 0.059722222222222225
1 0.1921875 0.6416666666666667 0.053125 0.06111111111111111
1 0.175 0.6430555555555556 0.053125 0.06388888888888888
1 0.125390625 0.6361111111111111 0.04765625 0.05555555555555555
1 0.10234375 0.6576388888888889 0.0328125 0.0763888888888889
1 0.0890625 0.6513888888888889 0.00625 0.06388888888888888
1 0.925390625 0.6736111111111112 0.03984375 0.09444444444444444
2 0.94296875 0.6868055555555556 0.0 0.02638888888888889
2 0.926953125 0.6493055555555556 0.03203125 0.02638888888888889
2 0.923046875 0.6409722222222223 0.03203125 0.004166666666666667
2 0.924609375 0.6881944444444444 0.03515625 0.02638888888888889
2 0.918359375 0.6375 0.01328125 0.0
2 0.933984375 0.6506944444444445 0.01640625 0.02638888888888889
2 0.909765625 0.6375 0.00234375 0.0
2 0.9375 0.6388888888888888 0.003125 0.0
1 0.91953125 0.6868055555555556 0.0453125 0.10694444444444444
2 0.912890625 0.6847222222222222 0.01796875 0.0
2 0.93125 0.7 0.0171875 0.030555555555555555
2 0.92890625 0.6590277777777778 0.021875 0.029166666666666667
2 0.917578125 0.6631944444444444 0.03671875 0.03194444444444444
2 0.919140625 0.7048611111111112 0.03984375 0.0375
2 0.911328125 0.6444444444444445 0.01640625 0.0
2 0.9359375 0.6604166666666667 0.00625 0.029166666666666667
2 0.909765625 0.6458333333333334 0.01796875 0.0
2 0.92578125 0.6458333333333334 0.0125 0.0
1 0.88203125 0.6729166666666667 0.040625 0.09305555555555556
2 0.898046875 0.6791666666666667 0.00546875 0.013888888888888888
2 0.892578125 0.6409722222222223 0.01640625 0.009722222222222222
2 0.8796875 0.6513888888888889 0.03125 0.027777777777777776
2 0.881640625 0.6888888888888889 0.03515625 0.030555555555555555
2 0.87578125 0.6361111111111111 0.015625 0.0
2 0.8921875 0.6409722222222223 0.0140625 0.009722222222222222
2 0.8765625 0.6375 0.009375 0.0
2 0.888671875 0.6375 0.01328125 0.0
1 0.871875 0.6847222222222222 0.046875 0.10555555555555556
2 0.86640625 0.6833333333333333 0.0171875 0.0
2 0.884375 0.6979166666666666 0.0171875 0.029166666666666667
2 0.87578125 0.6576388888888889 0.0328125 0.029166666666666667
2 0.86875 0.6618055555555555 0.0359375 0.03194444444444444
2 0.87109375 0.7027777777777777 0.040625 0.03611111111111111
2 0.864453125 0.64375 0.01484375 0.001388888888888889
2 0.883203125 0.6590277777777778 0.01640625 0.029166666666666667
2 0.8625 0.6444444444444445 0.0171875 0.0
2 0.88125 0.6597222222222222 0.0171875 0.030555555555555555
2 0.970703125 0.8416666666666667 0.00546875 0.07222222222222222
2 0.90390625 0.8791666666666667 0.128125 0.08333333333333333
2 0.903125 0.8041666666666667 0.128125 0.09166666666666666
2 0.916796875 0.7756944444444445 0.11328125 0.0763888888888889
2 0.650390625 0.7583333333333333 0.10703125 0.06944444444444445
2 0.60625 0.7805555555555556 0.1203125 0.08055555555555556
2 0.65625 0.8465277777777778 0.021875 0.0763888888888889
2 0.6953125 0.8166666666666667 0.0171875 0.06666666666666667
2 0.630078125 0.76875 0.11171875 0.07361111111111111
2 0.580078125 0.79375 0.12890625 0.0875
2 0.58046875 0.8645833333333334 0.128125 0.08194444444444444
2 0.676953125 0.8305555555555556 0.01953125 0.06944444444444445
2 0.574609375 0.7381944444444445 0.01953125 0.006944444444444444
2 0.5375 0.7465277777777778 0.071875 0.029166666666666667
2 0.8125 0.6854166666666667 0.0078125 0.029166666666666667
2 0.751171875 0.6826388888888889 0.03515625 0.015277777777777777
2 0.7890625 0.6875 0.0390625 0.025
2 0.75078125 0.6611111111111111 0.0359375 0.027777777777777776
2 0.7890625 0.6625 0.0390625 0.027777777777777776
2 0.75234375 0.6347222222222222 0.0390625 0.027777777777777776
2 0.788671875 0.6354166666666666 0.03828125 0.029166666666666667
5 0.150390625 0.6993055555555555 0.05859375 0.0125
5 0.148046875 0.7083333333333334 0.05390625 0.011111111111111112
5 0.148046875 0.7159722222222222 0.05390625 0.0125
5 0.148046875 0.7243055555555555 0.05390625 0.0125
5 0.148046875 0.7416666666666667 0.05390625 0.013888888888888888
5 0.148046875 0.7340277777777777 0.05390625 0.0125
5 0.148046875 0.7583333333333333 0.05390625 0.013888888888888888
5 0.148046875 0.7493055555555556 0.05390625 0.0125
5 0.195703125 0.71875 0.05859375 0.0125
5 0.195703125 0.7277777777777777 0.05859375 0.013888888888888888
5 0.195703125 0.7458333333333333 0.05859375 0.013888888888888888
5 0.195703125 0.7361111111111112 0.05859375 0.013888888888888888
5 0.1953125 0.7618055555555555 0.059375 0.015277777777777777
5 0.195703125 0.7527777777777778 0.05859375 0.013888888888888888
5 0.195703125 0.7118055555555556 0.05859375 0.0125
5 0.195703125 0.7020833333333333 0.05859375 0.0125
5 0.24765625 0.7222222222222222 0.059375 0.013888888888888888
5 0.24765625 0.73125 0.059375 0.0125
5 0.24765625 0.7493055555555556 0.059375 0.015277777777777777
5 0.24765625 0.7402777777777778 0.059375 0.013888888888888888
5 0.24765625 0.7659722222222223 0.059375 0.015277777777777777
5 0.24765625 0.7569444444444444 0.059375 0.013888888888888888
5 0.098828125 0.7 0.02734375 0.008333333333333333
5 0.098828125 0.70625 0.02734375 0.006944444444444444
5 0.24765625 0.7145833333333333 0.059375 0.0125
5 0.24765625 0.7048611111111112 0.059375 0.0125
5 0.2484375 0.6541666666666667 0.059375 0.011111111111111112
5 0.2484375 0.6631944444444444 0.059375 0.009722222222222222
5 0.2484375 0.6805555555555556 0.059375 0.011111111111111112
5 0.2484375 0.6722222222222223 0.059375 0.011111111111111112
5 0.2484375 0.6979166666666666 0.059375 0.0125
5 0.2484375 0.6881944444444444 0.059375 0.0125
5 0.098828125 0.6951388888888889 0.02734375 0.006944444444444444
5 0.098828125 0.6888888888888889 0.02734375 0.008333333333333333
5 0.2484375 0.6465277777777778 0.059375 0.009722222222222222
5 0.2484375 0.6368055555555555 0.059375 0.009722222222222222
