3 0.499609375 0.8277777777777777 0.99921875 0.3416666666666667
4 0.13046875 0.7416666666666667 0.0015625 0.058333333333333334
4 0.005078125 0.7340277777777777 0.01015625 0.0125
8 0.503125 0.8277777777777777 0.0875 0.06388888888888888
5 0.554296875 0.6854166666666667 0.03984375 0.009722222222222222
5 0.554296875 0.6854166666666667 0.03984375 0.009722222222222222
5 0.554296875 0.6854166666666667 0.03984375 0.009722222222222222
5 0.55390625 0.6763888888888889 0.040625 0.011111111111111112
5 0.55390625 0.6763888888888889 0.040625 0.011111111111111112
5 0.55390625 0.6763888888888889 0.040625 0.011111111111111112
5 0.5546875 0.69375 0.0390625 0.009722222222222222
5 0.5546875 0.69375 0.0390625 0.009722222222222222
5 0.5546875 0.69375 0.0390625 0.009722222222222222
5 0.58359375 0.6979166666666666 0.0078125 0.006944444444444444
5 0.58359375 0.6979166666666666 0.0078125 0.006944444444444444
5 0.58359375 0.6979166666666666 0.0078125 0.006944444444444444
5 0.583203125 0.6895833333333333 0.00703125 0.006944444444444444
5 0.583203125 0.6895833333333333 0.00703125 0.006944444444444444
5 0.583203125 0.6895833333333333 0.00703125 0.006944444444444444
5 0.58359375 0.6805555555555556 0.0078125 0.008333333333333333
5 0.58359375 0.6805555555555556 0.0078125 0.008333333333333333
5 0.58359375 0.6805555555555556 0.0078125 0.008333333333333333
5 0.58359375 0.6708333333333333 0.0078125 0.008333333333333333
5 0.58359375 0.6708333333333333 0.0078125 0.008333333333333333
5 0.58359375 0.6708333333333333 0.0078125 0.008333333333333333
6 0.43515625 0.7111111111111111 0.0515625 0.06388888888888888
6 0.49296875 0.6888888888888889 0.046875 0.041666666666666664
6 0.43515625 0.6541666666666667 0.0515625 0.06388888888888888
6 0.469921875 0.7055555555555556 0.03984375 0.06666666666666667
6 0.26015625 0.7263888888888889 0.059375 0.058333333333333334
6 0.213671875 0.7305555555555555 0.04140625 0.04722222222222222
7 0.01171875 0.71875 0.0234375 0.015277777777777777
7 0.30234375 0.7243055555555555 0.01875 0.009722222222222222
7 0.176953125 0.7520833333333333 0.01328125 0.018055555555555554
7 0.125 0.6673611111111111 0.0 0.001388888888888889
7 0.1765625 0.6638888888888889 0.0125 0.008333333333333333
7 0.06328125 0.6708333333333333 0.028125 0.002777777777777778
7 0.095703125 0.6701388888888888 0.02734375 0.009722222222222222
8 0.104296875 0.7805555555555556 0.05078125 0.03611111111111111
5 0.102734375 0.7666666666666667 0.04609375 0.016666666666666666
8 0.100390625 0.7576388888888889 0.00234375 0.001388888888888889
5 0.089453125 0.7576388888888889 0.01796875 0.004166666666666667
8 0.29296875 0.74375 0.00625 0.029166666666666667
5 0.29140625 0.7291666666666666 0.003125 0.002777777777777778
8 0.3109375 0.7375 0.0296875 0.025
5 0.30625 0.7243055555555555 0.0328125 0.009722222222222222
8 0.337109375 0.7326388888888888 0.02265625 0.02361111111111111
5 0.32421875 0.7201388888888889 0.04375 0.009722222222222222
8 0.3515625 0.71875 0.046875 0.006944444444444444
5 0.351953125 0.7159722222222222 0.04296875 0.009722222222222222
8 0.36015625 0.7416666666666667 0.05 0.030555555555555555
5 0.359375 0.7263888888888889 0.0453125 0.011111111111111112
8 0.387890625 0.7361111111111112 0.04921875 0.030555555555555555
5 0.387109375 0.7222222222222222 0.04453125 0.011111111111111112
8 0.336328125 0.7458333333333333 0.05234375 0.03333333333333333
5 0.335546875 0.73125 0.04609375 0.0125
8 0.311328125 0.7520833333333333 0.04296875 0.03194444444444444
5 0.308984375 0.7361111111111112 0.03984375 0.013888888888888888
8 0.8015625 0.7625 0.053125 0.03611111111111111
5 0.798046875 0.7458333333333333 0.05234375 0.013888888888888888
8 0.817578125 0.75625 0.05234375 0.034722222222222224
5 0.81640625 0.7402777777777778 0.0515625 0.013888888888888888
8 0.784765625 0.7680555555555556 0.06015625 0.03611111111111111
5 0.78359375 0.7520833333333333 0.0546875 0.015277777777777777
8 0.76484375 0.775 0.0609375 0.03888888888888889
5 0.76328125 0.7583333333333333 0.05625 0.016666666666666666
8 0.765234375 0.7361111111111112 0.05546875 0.008333333333333333
5 0.76796875 0.7340277777777777 0.0421875 0.0125
8 0.765234375 0.7548611111111111 0.01796875 0.03194444444444444
5 0.745703125 0.7395833333333334 0.05078125 0.0125
8 0.73125 0.7569444444444444 0.0578125 0.027777777777777776
5 0.730078125 0.7444444444444445 0.05234375 0.013888888888888888
8 0.70859375 0.7583333333333333 0.0578125 0.019444444444444445
5 0.708984375 0.7506944444444444 0.05390625 0.015277777777777777
8 0.64453125 0.8090277777777778 0.0640625 0.04583333333333333
5 0.65 0.7895833333333333 0.046875 0.020833333333333332
8 0.68828125 0.8173611111111111 0.0671875 0.04861111111111111
5 0.68828125 0.7965277777777777 0.059375 0.020833333333333332
8 0.6046875 0.8 0.0625 0.041666666666666664
5 0.60546875 0.7840277777777778 0.0578125 0.018055555555555554
8 0.565625 0.7951388888888888 0.0625 0.043055555555555555
5 0.565625 0.7763888888888889 0.05625 0.019444444444444445
8 0.7203125 0.7881944444444444 0.0640625 0.04027777777777778
5 0.719140625 0.7701388888888889 0.05859375 0.018055555555555554
8 0.699609375 0.7944444444444444 0.06640625 0.03611111111111111
5 0.698828125 0.7784722222222222 0.06015625 0.018055555555555554
8 0.644140625 0.7895833333333333 0.06015625 0.04027777777777778
5 0.648828125 0.7715277777777778 0.04453125 0.015277777777777777
8 0.605078125 0.7798611111111111 0.06015625 0.03194444444444444
5 0.60546875 0.7666666666666667 0.053125 0.016666666666666666
8 0.483203125 0.8763888888888889 0.06640625 0.05555555555555555
5 0.480078125 0.85 0.06015625 0.027777777777777776
8 0.513671875 0.8576388888888888 0.08203125 0.04861111111111111
5 0.512109375 0.8375 0.07421875 0.027777777777777776
8 0.399609375 0.9090277777777778 0.02109375 0.05416666666666667
5 0.395703125 0.8868055555555555 0.01484375 0.020833333333333332
0 0.653125 0.9291666666666667 0.2859375 0.1388888888888889
0 0.230859375 0.7590277777777777 0.12265625 0.22083333333333333
0 0.49375 0.7180555555555556 0.0875 0.18055555555555555
0 0.62109375 0.6625 0.0671875 0.11666666666666667
1 0.33046875 0.6493055555555556 0.0546875 0.06805555555555555
1 0.31015625 0.6513888888888889 0.0546875 0.06944444444444445
1 0.291015625 0.6493055555555556 0.05234375 0.059722222222222225
1 0.27578125 0.6506944444444445 0.04375 0.059722222222222225
1 0.257421875 0.6493055555555556 0.04609375 0.05416666666666667
1 0.234375 0.65 0.0515625 0.05277777777777778
1 0.199609375 0.6451388888888889 0.03203125 0.034722222222222224
1 0.09296875 0.6694444444444444 0.0703125 0.07222222222222222
1 0.0765625 0.66875 0.0625 0.06805555555555555
1 0.978125 0.7263888888888889 0.0421875 0.13055555555555556
2 0.98828125 0.675 0.021875 0.002777777777777778
2 0.9796875 0.6993055555555555 0.0390625 0.0375
2 0.985546875 0.7479166666666667 0.02734375 0.04583333333333333
2 0.98359375 0.6770833333333334 0.0203125 0.001388888888888889
2 0.996875 0.6777777777777778 0.0046875 0.0
2 0.97734375 0.6791666666666667 0.0234375 0.002777777777777778
2 0.99296875 0.6805555555555556 0.0125 0.0
1 0.94375 0.7534722222222222 0.0796875 0.15138888888888888
2 0.9734375 0.7701388888888889 0.0140625 0.043055555555555555
2 0.955078125 0.7138888888888889 0.04921875 0.044444444444444446
2 0.93359375 0.7229166666666667 0.053125 0.04583333333333333
2 0.940625 0.7770833333333333 0.0671875 0.05416666666666667
2 0.936328125 0.6958333333333333 0.02734375 0.002777777777777778
2 0.9609375 0.7180555555555556 0.0265625 0.044444444444444446
2 0.9265625 0.6986111111111111 0.0234375 0.002777777777777778
2 0.953125 0.7208333333333333 0.028125 0.044444444444444446
1 0.9375 0.675 0.0671875 0.03333333333333333
2 0.948046875 0.675 0.04140625 0.008333333333333333
2 0.92890625 0.6854166666666667 0.0453125 0.018055555555555554
2 0.932421875 0.6729166666666667 0.01953125 0.001388888888888889
2 0.953125 0.6770833333333334 0.0203125 0.006944444444444444
2 0.923046875 0.6756944444444445 0.01953125 0.001388888888888889
2 0.944921875 0.6840277777777778 0.02265625 0.015277777777777777
1 0.883984375 0.7465277777777778 0.07890625 0.14583333333333334
2 0.917578125 0.7506944444444444 0.00703125 0.004166666666666667
2 0.896484375 0.6916666666666667 0.04921875 0.008333333333333333
2 0.8734375 0.7166666666666667 0.0515625 0.044444444444444446
2 0.880859375 0.7694444444444445 0.06640625 0.05277777777777778
2 0.878515625 0.6909722222222222 0.02265625 0.001388888888888889
2 0.900390625 0.6958333333333333 0.02734375 0.008333333333333333
2 0.87109375 0.6930555555555555 0.0265625 0.002777777777777778
2 0.8921875 0.7145833333333333 0.021875 0.043055555555555555
2 0.44921875 0.9791666666666666 0.2 0.03888888888888889
2 0.598046875 0.95 0.18203125 0.09722222222222222
2 0.31484375 0.8979166666666667 0.146875 0.11805555555555555
2 0.16171875 0.9381944444444444 0.165625 0.12083333333333333
2 0.233203125 0.9944444444444445 0.02265625 0.008333333333333333
2 0.355078125 0.9659722222222222 0.06640625 0.06527777777777778
2 0.243359375 0.9215277777777777 0.15546875 0.12916666666666668
2 0.078125 0.9506944444444444 0.15625 0.09583333333333334
2 0.2828125 0.9791666666666666 0.0765625 0.03888888888888889
2 0.396484375 0.8555555555555555 0.10859375 0.07777777777777778
2 0.344921875 0.8263888888888888 0.10546875 0.03888888888888889
2 0.79609375 0.7222222222222222 0.0390625 0.025
2 0.844140625 0.73125 0.04140625 0.034722222222222224
2 0.79609375 0.6944444444444444 0.0390625 0.03333333333333333
2 0.84921875 0.6965277777777777 0.0515625 0.0375
2 0.8015625 0.6604166666666667 0.05 0.0375
2 0.84921875 0.6638888888888889 0.0515625 0.03888888888888889
5 0.011328125 0.7368055555555556 0.02265625 0.009722222222222222
5 0.01484375 0.70625 0.0171875 0.009722222222222222
5 0.012890625 0.7104166666666667 0.01484375 0.001388888888888889
5 0.01796875 0.76875 0.0359375 0.015277777777777777
5 0.01796875 0.7791666666666667 0.0359375 0.016666666666666666
5 0.01796875 0.7986111111111112 0.0359375 0.016666666666666666
5 0.01796875 0.7888888888888889 0.0359375 0.016666666666666666
5 0.01796875 0.8173611111111111 0.0359375 0.018055555555555554
5 0.01796875 0.8076388888888889 0.0359375 0.018055555555555554
5 0.01796875 0.7604166666666666 0.0359375 0.015277777777777777
5 0.01796875 0.7486111111111111 0.0359375 0.019444444444444445
5 0.062890625 0.7777777777777778 0.06796875 0.019444444444444445
5 0.062890625 0.7875 0.06796875 0.019444444444444445
5 0.062890625 0.8076388888888889 0.06796875 0.020833333333333332
5 0.062890625 0.7979166666666667 0.06796875 0.020833333333333332
5 0.062890625 0.8270833333333333 0.06796875 0.020833333333333332
5 0.062890625 0.8173611111111111 0.06796875 0.020833333333333332
5 0.085546875 0.7138888888888889 0.01015625 0.008333333333333333
5 0.08515625 0.7194444444444444 0.0109375 0.002777777777777778
5 0.062890625 0.7680555555555556 0.06796875 0.019444444444444445
5 0.062890625 0.7576388888888889 0.06796875 0.018055555555555554
5 0.062890625 0.6986111111111111 0.06796875 0.016666666666666666
5 0.062890625 0.7097222222222223 0.06796875 0.016666666666666666
5 0.062890625 0.7305555555555555 0.06796875 0.016666666666666666
5 0.062890625 0.7201388888888889 0.06796875 0.015277777777777777
5 0.062890625 0.7493055555555556 0.06796875 0.018055555555555554
5 0.062890625 0.7388888888888889 0.06796875 0.016666666666666666
5 0.085546875 0.7083333333333334 0.01015625 0.002777777777777778
5 0.085546875 0.6993055555555555 0.01015625 0.004166666666666667
5 0.06328125 0.6909722222222222 0.0671875 0.015277777777777777
5 0.06328125 0.6791666666666667 0.0671875 0.016666666666666666
