3 0.499609375 0.9854166666666667 0.99921875 0.02638888888888889
5 0.14609375 0.9625 0.1609375 0.07222222222222222
5 0.14609375 0.9625 0.1609375 0.07222222222222222
5 0.14609375 0.9625 0.1609375 0.07222222222222222
5 0.130859375 0.9458333333333333 0.18984375 0.10555555555555556
5 0.130859375 0.9458333333333333 0.18984375 0.10555555555555556
5 0.130859375 0.9458333333333333 0.18984375 0.10555555555555556
5 0.221875 0.9784722222222222 0.0109375 0.04027777777777778
5 0.221875 0.9784722222222222 0.0109375 0.04027777777777778
5 0.221875 0.9784722222222222 0.0109375 0.04027777777777778
5 0.388671875 0.9854166666666667 0.14296875 0.02638888888888889
5 0.388671875 0.9854166666666667 0.14296875 0.02638888888888889
5 0.388671875 0.9854166666666667 0.14296875 0.02638888888888889
5 0.3765625 0.9673611111111111 0.1671875 0.0625
5 0.3765625 0.9673611111111111 0.1671875 0.0625
5 0.3765625 0.9673611111111111 0.1671875 0.0625
5 0.376171875 0.9138888888888889 0.16796875 0.10555555555555556
5 0.376171875 0.9138888888888889 0.16796875 0.10555555555555556
5 0.376171875 0.9138888888888889 0.16796875 0.10555555555555556
0 0.78046875 0.8833333333333333 0.221875 0.23055555555555557
