2 0.7921875 0.8145833333333333 0.0765625 0.04583333333333333
8 0.407421875 0.9465277777777777 0.10078125 0.07361111111111111
2 0.746484375 0.8506944444444444 0.01484375 0.04583333333333333
5 0.364453125 0.86875 0.06640625 0.015277777777777777
6 0.7296875 0.9388888888888889 0.1984375 0.11944444444444445
5 0.453125 0.9625 0.115625 0.03333333333333333
8 0.4546875 0.9756944444444444 0.128125 0.04583333333333333
5 0.5296875 0.9479166666666666 0.0 0.006944444444444444
8 0.9171875 0.8798611111111111 0.075 0.04583333333333333
5 0.364453125 0.8423611111111111 0.06640625 0.015277777777777777
5 0.41328125 0.9298611111111111 0.0890625 0.02361111111111111
0 0.515625 0.7972222222222223 0.0671875 0.18888888888888888
8 0.526953125 0.9673611111111111 0.00390625 0.04027777777777778
5 0.5078125 0.9243055555555556 0.04375 0.018055555555555554
5 0.436328125 0.9409722222222222 0.10546875 0.020833333333333332
6 0.51484375 0.86875 0.078125 0.09305555555555556
8 0.9546875 0.8909722222222223 0.021875 0.04583333333333333
5 0.9578125 0.8715277777777778 0.0203125 0.0125
0 0.9828125 0.8277777777777777 0.0328125 0.3
5 0.94140625 0.8666666666666667 0.053125 0.013888888888888888
2 0.79296875 0.8576388888888888 0.078125 0.04861111111111111
5 0.405859375 0.9159722222222222 0.09140625 0.018055555555555554
8 0.375390625 0.9611111111111111 0.02109375 0.075
5 0.959765625 0.85625 0.01796875 0.004166666666666667
2 0.85703125 0.8145833333333333 0.053125 0.043055555555555555
8 0.435546875 0.9659722222222222 0.11171875 0.06527777777777778
6 0.4640625 0.8631944444444445 0.0546875 0.10694444444444444
5 0.502734375 0.9138888888888889 0.05390625 0.019444444444444445
5 0.519921875 0.9409722222222222 0.01953125 0.02638888888888889
4 0.425390625 0.9986111111111111 0.00859375 0.0
4 0.34921875 0.96875 0.06875 0.059722222222222225
8 0.483203125 0.9305555555555556 0.01484375 0.027777777777777776
5 0.364453125 0.85625 0.06640625 0.015277777777777777
7 0.230078125 0.9625 0.10859375 0.03611111111111111
8 0.51953125 0.9708333333333333 0.01875 0.05555555555555555
3 0.499609375 0.9305555555555556 0.99921875 0.1361111111111111
2 0.8578125 0.8583333333333333 0.053125 0.044444444444444446
5 0.26953125 0.8583333333333333 0.06875 0.016666666666666666
6 0.516796875 0.7736111111111111 0.08203125 0.12777777777777777
5 0.26953125 0.8430555555555556 0.06875 0.016666666666666666
8 0.953515625 0.8756944444444444 0.01328125 0.04027777777777778
6 0.489453125 0.8659722222222223 0.06953125 0.10138888888888889
2 0.79140625 0.7722222222222223 0.0765625 0.044444444444444446
8 0.938671875 0.8868055555555555 0.05546875 0.04861111111111111
6 0.608984375 0.9298611111111111 0.16015625 0.1375
5 0.91953125 0.8604166666666667 0.071875 0.0125
5 0.26953125 0.8722222222222222 0.06875 0.016666666666666666
8 0.498828125 0.9395833333333333 0.03359375 0.04027777777777778
4 0.327734375 0.9430555555555555 0.00703125 0.1111111111111111
2 0.84765625 0.7715277777777778 0.0703125 0.043055555555555555
5 0.364453125 0.8270833333333333 0.06640625 0.015277777777777777
