3 0.499609375 0.8770833333333333 0.99921875 0.24305555555555555
4 0.26875 0.7722222222222223 0.003125 0.044444444444444446
4 0.1859375 0.8131944444444444 0.009375 0.08194444444444444
4 0.149609375 0.7854166666666667 0.00390625 0.0125
4 0.07890625 0.8472222222222222 0.028125 0.11388888888888889
4 0.01328125 0.8819444444444444 0.021875 0.1388888888888889
8 0.055859375 0.9284722222222223 0.11171875 0.10694444444444444
8 0.967578125 0.83125 0.06328125 0.03194444444444444
5 0.43515625 0.7486111111111111 0.0125 0.008333333333333333
5 0.43515625 0.7486111111111111 0.0125 0.008333333333333333
5 0.43515625 0.7486111111111111 0.0125 0.008333333333333333
5 0.435546875 0.7375 0.01328125 0.011111111111111112
5 0.435546875 0.7375 0.01328125 0.011111111111111112
5 0.435546875 0.7375 0.01328125 0.011111111111111112
5 0.43515625 0.7583333333333333 0.0125 0.008333333333333333
5 0.43515625 0.7583333333333333 0.0125 0.008333333333333333
5 0.43515625 0.7583333333333333 0.0125 0.008333333333333333
5 0.489453125 0.7583333333333333 0.04609375 0.008333333333333333
5 0.489453125 0.7583333333333333 0.04609375 0.008333333333333333
5 0.489453125 0.7583333333333333 0.04609375 0.008333333333333333
5 0.48984375 0.7479166666666667 0.0453125 0.009722222222222222
5 0.48984375 0.7479166666666667 0.0453125 0.009722222222222222
5 0.48984375 0.7479166666666667 0.0453125 0.009722222222222222
5 0.48984375 0.7381944444444445 0.0453125 0.009722222222222222
5 0.48984375 0.7381944444444445 0.0453125 0.009722222222222222
5 0.48984375 0.7381944444444445 0.0453125 0.009722222222222222
5 0.48984375 0.7270833333333333 0.0453125 0.009722222222222222
5 0.48984375 0.7270833333333333 0.0453125 0.009722222222222222
5 0.48984375 0.7270833333333333 0.0453125 0.009722222222222222
6 0.466015625 0.7638888888888888 0.04765625 0.08611111111111111
6 0.483203125 0.7506944444444444 0.03828125 0.07361111111111111
6 0.467578125 0.6895833333333333 0.05078125 0.08194444444444444
6 0.475390625 0.7576388888888889 0.04296875 0.08194444444444444
6 0.376953125 0.7888888888888889 0.04609375 0.09166666666666666
6 0.3765625 0.8083333333333333 0.046875 0.125
7 0.196484375 0.9763888888888889 0.15703125 0.044444444444444446
7 0.02734375 0.8645833333333334 0.0546875 0.0375
7 0.275 0.7972222222222223 0.0625 0.016666666666666666
8 0.016796875 0.9888888888888889 0.03359375 0.019444444444444445
5 0.01171875 0.9875 0.0234375 0.022222222222222223
8 0.271875 0.8597222222222223 0.071875 0.05277777777777778
5 0.30234375 0.8368055555555556 0.003125 0.0125
8 0.193359375 0.8722222222222222 0.02421875 0.03333333333333333
5 0.18203125 0.8423611111111111 0.0015625 0.020833333333333332
8 0.311328125 0.8125 0.01796875 0.03333333333333333
5 0.312109375 0.7923611111111111 0.02109375 0.0125
8 0.3203125 0.8097222222222222 0.0015625 0.03333333333333333
5 0.3203125 0.7826388888888889 0.0015625 0.004166666666666667
8 0.451171875 0.7986111111111112 0.01640625 0.03888888888888889
5 0.439453125 0.78125 0.03203125 0.009722222222222222
8 0.461328125 0.79375 0.01484375 0.04027777777777778
5 0.44453125 0.7763888888888889 0.040625 0.011111111111111112
8 0.4390625 0.8069444444444445 0.0296875 0.044444444444444446
5 0.437109375 0.7881944444444444 0.02578125 0.0125
8 0.433984375 0.8138888888888889 0.01953125 0.04722222222222222
5 0.431640625 0.7944444444444444 0.01484375 0.013888888888888888
8 0.903515625 0.7736111111111111 0.02109375 0.022222222222222223
5 0.919921875 0.7652777777777777 0.04921875 0.008333333333333333
8 0.890234375 0.7625 0.01015625 0.005555555555555556
5 0.9140625 0.7611111111111111 0.053125 0.005555555555555556
8 0.93203125 0.7756944444444445 0.05625 0.018055555555555554
5 0.93515625 0.7708333333333334 0.0578125 0.011111111111111112
8 0.94765625 0.7777777777777778 0.0671875 0.013888888888888888
5 0.946875 0.7743055555555556 0.0609375 0.009722222222222222
8 0.83046875 0.7756944444444445 0.0140625 0.034722222222222224
5 0.85078125 0.7604166666666666 0.05 0.006944444444444444
8 0.8359375 0.775 0.0140625 0.025
5 0.8578125 0.7645833333333333 0.053125 0.006944444444444444
8 0.865234375 0.7805555555555556 0.05546875 0.027777777777777776
5 0.867578125 0.7694444444444445 0.05546875 0.011111111111111112
8 0.8765625 0.7861111111111111 0.0640625 0.030555555555555555
5 0.87578125 0.7743055555555556 0.0578125 0.009722222222222222
8 0.978515625 0.8145833333333333 0.04140625 0.0375
5 0.9796875 0.8027777777777778 0.0390625 0.016666666666666666
8 0.935546875 0.8159722222222222 0.06328125 0.04027777777777778
5 0.934375 0.8020833333333334 0.05625 0.018055555555555554
8 0.872265625 0.8208333333333333 0.05859375 0.05277777777777778
5 0.87109375 0.8006944444444445 0.0515625 0.018055555555555554
8 0.962109375 0.8020833333333334 0.07265625 0.043055555555555555
5 0.96328125 0.7854166666666667 0.06875 0.0125
8 0.96875 0.8006944444444445 0.0515625 0.02638888888888889
5 0.97265625 0.7902777777777777 0.053125 0.011111111111111112
8 0.918359375 0.8104166666666667 0.05546875 0.04861111111111111
5 0.91875 0.7909722222222222 0.0515625 0.0125
8 0.86015625 0.8097222222222222 0.053125 0.05
5 0.859765625 0.7888888888888889 0.04765625 0.011111111111111112
0 0.756640625 0.7888888888888889 0.11171875 0.35555555555555557
0 0.74453125 0.6923611111111111 0.0609375 0.12083333333333333
0 0.569140625 0.7069444444444445 0.04296875 0.1388888888888889
1 0.090625 0.7180555555555556 0.0828125 0.09444444444444444
1 0.07265625 0.7208333333333333 0.0859375 0.09722222222222222
1 0.0328125 0.7180555555555556 0.0546875 0.09444444444444444
1 0.0234375 0.7201388888888889 0.0359375 0.09583333333333334
1 0.9890625 0.7256944444444444 0.0203125 0.10416666666666667
2 0.991015625 0.75 0.01640625 0.03333333333333333
2 0.990625 0.7027777777777777 0.0171875 0.03333333333333333
2 0.994140625 0.7513888888888889 0.01015625 0.03611111111111111
2 0.99140625 0.7041666666666667 0.00625 0.03333333333333333
2 0.996875 0.7041666666666667 0.0046875 0.03333333333333333
2 0.9890625 0.8798611111111111 0.0203125 0.08472222222222223
2 0.93671875 0.8881944444444444 0.121875 0.10416666666666667
2 0.778125 0.7423611111111111 0.0015625 0.0125
2 0.8078125 0.7604166666666666 0.0390625 0.034722222222222224
2 0.851953125 0.7493055555555556 0.04765625 0.018055555555555554
2 0.8078125 0.7263888888888889 0.0390625 0.03333333333333333
2 0.8515625 0.7243055555555555 0.0484375 0.0375
2 0.80703125 0.6902777777777778 0.0390625 0.03611111111111111
2 0.851171875 0.6902777777777778 0.04765625 0.03611111111111111
5 0.137109375 0.8048611111111111 0.11328125 0.02638888888888889
5 0.136328125 0.8229166666666666 0.11171875 0.02638888888888889
5 0.1359375 0.8388888888888889 0.1125 0.027777777777777776
5 0.1359375 0.85625 0.1125 0.029166666666666667
5 0.1359375 0.8909722222222223 0.1140625 0.03194444444444444
5 0.136328125 0.8736111111111111 0.11328125 0.030555555555555555
5 0.13515625 0.9236111111111112 0.1125 0.03333333333333333
5 0.13515625 0.90625 0.1125 0.03194444444444444
5 0.247265625 0.8402777777777778 0.10859375 0.027777777777777776
5 0.246875 0.8583333333333333 0.109375 0.030555555555555555
5 0.246484375 0.89375 0.10859375 0.03194444444444444
5 0.246484375 0.8763888888888889 0.10859375 0.030555555555555555
5 0.24609375 0.9277777777777778 0.109375 0.03333333333333333
5 0.246484375 0.9104166666666667 0.10859375 0.03194444444444444
5 0.247265625 0.825 0.10859375 0.027777777777777776
5 0.247265625 0.8069444444444445 0.10859375 0.027777777777777776
5 0.372265625 0.8430555555555556 0.10234375 0.027777777777777776
5 0.372265625 0.8611111111111112 0.10234375 0.030555555555555555
5 0.371875 0.8979166666666667 0.103125 0.03194444444444444
5 0.372265625 0.8791666666666667 0.10234375 0.030555555555555555
5 0.371875 0.93125 0.103125 0.034722222222222224
5 0.371875 0.9125 0.103125 0.03333333333333333
5 0.372265625 0.8270833333333333 0.10234375 0.029166666666666667
5 0.372265625 0.8090277777777778 0.10234375 0.02638888888888889
5 0.373046875 0.7069444444444445 0.10234375 0.019444444444444445
5 0.373046875 0.7243055555555555 0.10234375 0.020833333333333332
5 0.373046875 0.7604166666666666 0.10234375 0.02361111111111111
5 0.373046875 0.7423611111111111 0.10234375 0.020833333333333332
5 0.372265625 0.79375 0.10234375 0.02638888888888889
5 0.372265625 0.7756944444444445 0.10234375 0.02361111111111111
5 0.373046875 0.6909722222222222 0.10234375 0.018055555555555554
5 0.373046875 0.6736111111111112 0.10234375 0.016666666666666666
