5 0.79453125 0.7736111111111111 0.040625 0.005555555555555556
8 0.8796875 0.7833333333333333 0.1203125 0.05
5 0.638671875 0.7701388888888889 0.00078125 0.004166666666666667
2 0.782421875 0.7701388888888889 0.00859375 0.02638888888888889
8 0.65078125 0.7840277777777778 0.0171875 0.015277777777777777
8 0.482421875 0.7881944444444444 0.00703125 0.04027777777777778
5 0.983984375 0.8097222222222222 0.03046875 0.002777777777777778
5 0.828125 0.7763888888888889 0.0015625 0.0
5 0.615625 0.7673611111111112 0.0765625 0.009722222222222222
1 0.812890625 0.7486111111111111 0.07734375 0.08888888888888889
3 0.499609375 0.8979166666666667 0.99921875 0.2013888888888889
8 0.5875 0.7798611111111111 0.065625 0.02638888888888889
2 0.9484375 0.7486111111111111 0.0078125 0.0
4 0.331640625 0.6930555555555555 0.09453125 0.29444444444444445
5 0.982421875 0.7097222222222223 0.03359375 0.016666666666666666
5 0.64765625 0.7701388888888889 0.0 0.004166666666666667
2 0.80859375 0.7305555555555555 0.0125 0.027777777777777776
8 0.99453125 0.7847222222222222 0.0 0.0
8 0.613671875 0.7784722222222222 0.08046875 0.02638888888888889
6 0.4625 0.7645833333333333 0.03125 0.07916666666666666
5 0.239453125 0.7854166666666667 0.06171875 0.009722222222222222
8 0.80859375 0.7819444444444444 0.0515625 0.013888888888888888
6 0.3203125 0.225 0.4625 0.45
8 0.79765625 0.7895833333333333 0.046875 0.02361111111111111
2 0.631640625 0.7208333333333333 0.05390625 0.03333333333333333
5 0.78359375 0.775 0.0 0.0
0 0.450390625 0.7298611111111111 0.05859375 0.14305555555555555
5 0.585546875 0.7680555555555556 0.06171875 0.008333333333333333
2 0.783203125 0.73125 0.01171875 0.02638888888888889
6 0.568359375 0.6833333333333333 0.02890625 0.08888888888888889
2 0.921484375 0.7097222222222223 0.00078125 0.0
2 0.8234375 0.7701388888888889 0.03125 0.02638888888888889
5 0.88125 0.7611111111111111 0.1078125 0.013888888888888888
0 0.8953125 0.7138888888888889 0.1171875 0.18611111111111112
5 0.78046875 0.775 0.00625 0.002777777777777778
5 0.484375 0.7694444444444445 0.003125 0.008333333333333333
7 0.647265625 0.8083333333333333 0.11171875 0.03333333333333333
4 0.88984375 0.75 0.059375 0.11666666666666667
5 0.239453125 0.7958333333333333 0.06171875 0.008333333333333333
6 0.731640625 0.7569444444444444 0.08359375 0.11388888888888889
2 0.827734375 0.7291666666666666 0.02578125 0.027777777777777776
8 0.890625 0.8041666666666667 0.0 0.0
1 0.925 0.7458333333333333 0.0546875 0.07777777777777778
8 0.82109375 0.7826388888888889 0.034375 0.0125
7 0.855078125 0.85625 0.28828125 0.10694444444444444
2 0.9953125 0.7215277777777778 0.00625 0.020833333333333332
8 0.780078125 0.7902777777777777 0.00703125 0.019444444444444445
5 0.823046875 0.7736111111111111 0.03046875 0.005555555555555556
2 0.63203125 0.7861111111111111 0.0546875 0.013888888888888888
1 0.971875 0.7506944444444444 0.0546875 0.001388888888888889
6 0.02578125 0.33055555555555555 0.0015625 0.013888888888888888
2 0.629296875 0.7493055555555556 0.04921875 0.02638888888888889
2 0.795703125 0.7305555555555555 0.01171875 0.027777777777777776
5 0.313671875 0.7611111111111111 0.05859375 0.008333333333333333
5 0.983203125 0.7638888888888888 0.03203125 0.016666666666666666
5 0.284375 0.7743055555555556 0.0015625 0.009722222222222222
5 0.55625 0.7708333333333334 0.0 0.002777777777777778
6 0.3140625 0.5868055555555556 0.4796875 0.8236111111111111
2 0.58671875 0.7854166666666667 0.028125 0.0125
2 0.945703125 0.7236111111111111 0.01328125 0.030555555555555555
8 0.951953125 0.7909722222222222 0.00390625 0.020833333333333332
2 0.69296875 0.7076388888888889 0.00625 0.001388888888888889
8 0.915625 0.7847222222222222 0.0765625 0.05
5 0.9828125 0.7270833333333333 0.0328125 0.018055555555555554
6 0.567578125 0.7555555555555555 0.02734375 0.07222222222222222
5 0.3125 0.7951388888888888 0.059375 0.006944444444444444
4 0.532421875 0.6951388888888889 0.03984375 0.4875
6 0.47890625 0.7645833333333333 0.0 0.07916666666666666
1 0.830078125 0.7104166666666667 0.05546875 0.009722222222222222
8 0.7828125 0.7909722222222222 0.0171875 0.020833333333333332
7 0.40625 0.7993055555555556 0.071875 0.020833333333333332
2 0.9453125 0.7673611111111112 0.0140625 0.03194444444444444
4 0.680078125 0.7638888888888888 0.05234375 0.10833333333333334
5 0.98359375 0.7986111111111112 0.03125 0.016666666666666666
5 0.996484375 0.7708333333333334 0.00546875 0.005555555555555556
5 0.23984375 0.7743055555555556 0.0625 0.009722222222222222
4 0.7953125 0.7534722222222222 0.00625 0.10416666666666667
8 0.63046875 0.7847222222222222 0.0484375 0.013888888888888888
5 0.98359375 0.7819444444444444 0.03125 0.013888888888888888
1 0.996484375 0.7479166666666667 0.00546875 0.001388888888888889
5 0.98203125 0.6923611111111111 0.034375 0.018055555555555554
5 0.91640625 0.7618055555555555 0.0734375 0.0125
8 0.812890625 0.7861111111111111 0.00546875 0.005555555555555556
0 0.05625 0.44513888888888886 0.1125 0.8902777777777777
8 0.590234375 0.7854166666666667 0.04765625 0.0125
4 0.121484375 0.7354166666666667 0.03515625 0.21805555555555556
2 0.9515625 0.7486111111111111 0.0 0.0
2 0.996484375 0.7729166666666667 0.00546875 0.020833333333333332
2 0.933203125 0.7236111111111111 0.01171875 0.030555555555555555
7 0.578515625 0.8041666666666667 0.04765625 0.025
6 0.828125 0.75 0.0921875 0.11388888888888889
1 0.959375 0.7430555555555556 0.0796875 0.08333333333333333
8 0.611328125 0.7854166666666667 0.07421875 0.0125
5 0.312890625 0.7854166666666667 0.05859375 0.009722222222222222
1 0.939453125 0.7493055555555556 0.00234375 0.001388888888888889
4 0.167578125 0.7222222222222222 0.01640625 0.24166666666666667
8 0.570703125 0.7854166666666667 0.03046875 0.0125
5 0.9828125 0.7451388888888889 0.0328125 0.018055555555555554
8 0.971484375 0.7902777777777777 0.05546875 0.027777777777777776
