3 0.499609375 0.8770833333333333 0.99921875 0.24305555555555555
4 0.748828125 0.9472222222222222 0.00546875 0.10277777777777777
5 0.103125 0.8444444444444444 0.0875 0.025
5 0.103125 0.8444444444444444 0.0875 0.025
5 0.103125 0.8444444444444444 0.0875 0.025
5 0.103125 0.8263888888888888 0.0875 0.027777777777777776
5 0.103125 0.8263888888888888 0.0875 0.027777777777777776
5 0.103125 0.8263888888888888 0.0875 0.027777777777777776
5 0.102734375 0.8576388888888888 0.08671875 0.02638888888888889
5 0.102734375 0.8576388888888888 0.08671875 0.02638888888888889
5 0.102734375 0.8576388888888888 0.08671875 0.02638888888888889
5 0.191015625 0.8423611111111111 0.07890625 0.02361111111111111
5 0.191015625 0.8423611111111111 0.07890625 0.02361111111111111
5 0.191015625 0.8423611111111111 0.07890625 0.02361111111111111
5 0.191796875 0.8291666666666667 0.07890625 0.022222222222222223
5 0.191796875 0.8291666666666667 0.07890625 0.022222222222222223
5 0.191796875 0.8291666666666667 0.07890625 0.022222222222222223
5 0.191796875 0.8138888888888889 0.07890625 0.022222222222222223
5 0.191796875 0.8138888888888889 0.07890625 0.022222222222222223
5 0.191796875 0.8138888888888889 0.07890625 0.022222222222222223
5 0.191796875 0.7979166666666667 0.07890625 0.02361111111111111
5 0.191796875 0.7979166666666667 0.07890625 0.02361111111111111
5 0.191796875 0.7979166666666667 0.07890625 0.02361111111111111
6 0.59765625 0.8597222222222223 0.09375 0.10833333333333334
6 0.4734375 0.8416666666666667 0.0859375 0.11388888888888889
6 0.59765625 0.7631944444444444 0.0953125 0.11527777777777778
6 0.521875 0.8506944444444444 0.0671875 0.12083333333333333
6 0.948046875 0.9222222222222223 0.10234375 0.1527777777777778
7 0.492578125 0.9708333333333333 0.09609375 0.05
8 0.811328125 0.9659722222222222 0.10078125 0.06527777777777778
5 0.811328125 0.9409722222222222 0.08984375 0.0375
8 0.73828125 0.9569444444444445 0.0984375 0.075
5 0.73828125 0.9263888888888889 0.0875 0.03611111111111111
8 0.676953125 0.9451388888888889 0.09609375 0.07361111111111111
5 0.6765625 0.9152777777777777 0.0859375 0.03333333333333333
8 0.61484375 0.9319444444444445 0.09375 0.06944444444444445
5 0.61484375 0.9041666666666667 0.0828125 0.030555555555555555
8 0.7296875 0.9243055555555556 0.0890625 0.06527777777777778
5 0.730078125 0.8965277777777778 0.07890625 0.029166666666666667
8 0.669140625 0.9125 0.08671875 0.06388888888888888
5 0.66953125 0.8861111111111111 0.0765625 0.027777777777777776
8 0.7890625 0.9347222222222222 0.090625 0.06944444444444445
5 0.790625 0.90625 0.078125 0.03194444444444444
8 0.85546875 0.9513888888888888 0.0859375 0.06666666666666667
5 0.858203125 0.9180555555555555 0.08046875 0.03333333333333333
8 0.764453125 0.80625 0.04765625 0.034722222222222224
5 0.766796875 0.7881944444444444 0.04765625 0.009722222222222222
8 0.72890625 0.8006944444444445 0.0515625 0.034722222222222224
5 0.729296875 0.7847222222222222 0.04609375 0.011111111111111112
8 0.803515625 0.8090277777777778 0.05234375 0.0375
5 0.802734375 0.7923611111111111 0.04765625 0.0125
8 0.841796875 0.8145833333333333 0.04453125 0.034722222222222224
5 0.8421875 0.7972222222222223 0.04375 0.013888888888888888
8 0.6984375 0.8076388888888889 0.0546875 0.0375
5 0.6984375 0.7916666666666666 0.0484375 0.013888888888888888
8 0.73671875 0.8125 0.0546875 0.03888888888888889
5 0.737109375 0.7958333333333333 0.04921875 0.013888888888888888
8 0.77421875 0.8166666666666667 0.05625 0.03888888888888889
5 0.77421875 0.8 0.05 0.013888888888888888
8 0.816796875 0.8215277777777777 0.05703125 0.04027777777777778
5 0.816796875 0.8048611111111111 0.05078125 0.015277777777777777
8 0.90234375 0.8229166666666666 0.0125 0.034722222222222224
5 0.9046875 0.80625 0.0109375 0.0125
0 0.953515625 0.7701388888888889 0.09140625 0.18194444444444444
0 0.3890625 0.7611111111111111 0.090625 0.18055555555555555
1 0.844140625 0.7229166666666667 0.07421875 0.0763888888888889
2 0.8171875 0.7354166666666667 0.0140625 0.001388888888888889
2 0.81953125 0.6965277777777777 0.01875 0.004166666666666667
2 0.858203125 0.7034722222222223 0.01015625 0.015277777777777777
2 0.8421875 0.7458333333333333 0.034375 0.025
2 0.83125 0.6979166666666666 0.0140625 0.004166666666666667
2 0.83984375 0.6944444444444444 0.015625 0.0
2 0.848046875 0.7041666666666667 0.01953125 0.016666666666666666
1 0.97265625 0.7319444444444444 0.053125 0.08611111111111111
2 0.953125 0.74375 0.0078125 0.001388888888888889
2 0.9546875 0.7013888888888888 0.01875 0.005555555555555556
2 0.99453125 0.7159722222222222 0.009375 0.029166666666666667
2 0.978515625 0.7534722222222222 0.04140625 0.029166666666666667
2 0.9640625 0.7020833333333333 0.015625 0.004166666666666667
2 0.98125 0.7152777777777778 0.0171875 0.027777777777777776
2 0.9875 0.7 0.0171875 0.0
1 0.805859375 0.7375 0.07890625 0.09722222222222222
2 0.78203125 0.7451388888888889 0.0015625 0.001388888888888889
2 0.78203125 0.7013888888888888 0.025 0.005555555555555556
2 0.827734375 0.7152777777777778 0.02734375 0.030555555555555555
2 0.813671875 0.7527777777777778 0.05703125 0.03333333333333333
2 0.794140625 0.7138888888888889 0.01640625 0.027777777777777776
2 0.799609375 0.6986111111111111 0.00859375 0.0
2 0.806640625 0.7145833333333333 0.01484375 0.029166666666666667
2 0.8171875 0.7 0.0125 0.0
1 0.945703125 0.74375 0.08828125 0.09861111111111111
2 0.90703125 0.7069444444444445 0.003125 0.005555555555555556
2 0.971484375 0.7222222222222222 0.02734375 0.03333333333333333
2 0.96796875 0.7625 0.0375 0.03333333333333333
2 0.9515625 0.7215277777777778 0.0140625 0.03194444444444444
2 0.95703125 0.7055555555555556 0.01875 0.0
1 0.75859375 0.7409722222222223 0.084375 0.09583333333333334
2 0.728125 0.7465277777777778 0.015625 0.001388888888888889
2 0.733984375 0.7041666666666667 0.02265625 0.002777777777777778
2 0.78203125 0.7215277777777778 0.0296875 0.03194444444444444
2 0.7671875 0.7631944444444444 0.0609375 0.034722222222222224
2 0.7453125 0.7055555555555556 0.0203125 0.0
2 0.75390625 0.7041666666666667 0.015625 0.0
2 0.758984375 0.70625 0.01484375 0.001388888888888889
2 0.774609375 0.7055555555555556 0.00546875 0.0
1 0.90625 0.7527777777777778 0.09375 0.10555555555555556
2 0.87265625 0.75625 0.01875 0.001388888888888889
2 0.877734375 0.7104166666666667 0.02890625 0.001388888888888889
2 0.945703125 0.7284722222222222 0.00546875 0.03194444444444444
2 0.89609375 0.7583333333333333 0.0265625 0.002777777777777778
2 0.89140625 0.7118055555555556 0.0203125 0.001388888888888889
2 0.9 0.7111111111111111 0.0171875 0.0
2 0.90546875 0.7131944444444445 0.00625 0.001388888888888889
1 0.737890625 0.7402777777777778 0.08671875 0.09166666666666666
2 0.708203125 0.7645833333333333 0.01953125 0.03194444444444444
2 0.71796875 0.7479166666666667 0.015625 0.001388888888888889
2 0.711328125 0.7215277777777778 0.02578125 0.03194444444444444
2 0.76171875 0.725 0.03125 0.03333333333333333
2 0.746484375 0.7666666666666667 0.06328125 0.03611111111111111
2 0.72265625 0.7229166666666667 0.0171875 0.03194444444444444
2 0.733203125 0.7069444444444445 0.01953125 0.0
2 0.73984375 0.7243055555555555 0.0203125 0.03194444444444444
2 0.74921875 0.7076388888888889 0.0109375 0.001388888888888889
1 0.875 0.7555555555555555 0.0703125 0.1111111111111111
2 0.85390625 0.775 0.01875 0.03333333333333333
2 0.859375 0.7576388888888889 0.0078125 0.001388888888888889
2 0.853515625 0.7298611111111111 0.01953125 0.034722222222222224
2 0.905078125 0.7340277777777777 0.00859375 0.034722222222222224
2 0.887109375 0.7784722222222222 0.04609375 0.04027777777777778
2 0.8734375 0.7319444444444444 0.021875 0.03333333333333333
2 0.88671875 0.7138888888888889 0.0109375 0.0
2 0.89140625 0.7326388888888888 0.0203125 0.034722222222222224
2 0.90078125 0.7145833333333333 0.015625 0.001388888888888889
2 0.49609375 0.7854166666666667 0.046875 0.043055555555555555
2 0.5109375 0.7631944444444444 0.0171875 0.004166666666666667
2 0.537109375 0.7909722222222222 0.03515625 0.0375
2 0.60625 0.7784722222222222 0.0265625 0.018055555555555554
2 0.55546875 0.7555555555555555 0.071875 0.03888888888888889
2 0.605859375 0.7534722222222222 0.02734375 0.0375
2 0.55546875 0.7180555555555556 0.071875 0.03888888888888889
2 0.584765625 0.7166666666666667 0.06953125 0.03888888888888889
