3 0.4765625 0.8319444444444445 0.953125 0.3333333333333333
4 0.094921875 0.6875 0.00234375 0.030555555555555555
4 0.041015625 0.6993055555555555 0.00234375 0.05138888888888889
4 0.034375 0.6763888888888889 0.01875 0.041666666666666664
8 0.03046875 0.7159722222222222 0.059375 0.034722222222222224
7 0.041796875 0.7340277777777777 0.05078125 0.018055555555555554
7 0.002734375 0.7409722222222223 0.00546875 0.0125
7 0.119140625 0.7868055555555555 0.01796875 0.020833333333333332
7 0.03671875 0.8034722222222223 0.0734375 0.029166666666666667
7 0.094921875 0.7097222222222223 0.00078125 0.0
7 0.084765625 0.6881944444444444 0.02109375 0.001388888888888889
7 0.109375 0.6659722222222222 0.0171875 0.004166666666666667
1 0.119140625 0.6423611111111112 0.00078125 0.05138888888888889
1 0.108984375 0.6458333333333334 0.01796875 0.058333333333333334
1 0.012109375 0.6555555555555556 0.02421875 0.075
1 0.021484375 0.6555555555555556 0.04296875 0.075
1 0.9015625 0.6423611111111112 0.0234375 0.04027777777777778
2 0.905859375 0.6319444444444444 0.01484375 0.0
2 0.90078125 0.6479166666666667 0.0203125 0.029166666666666667
2 0.89375 0.6319444444444444 0.0078125 0.0
2 0.912109375 0.6465277777777778 0.00234375 0.02638888888888889
1 0.838671875 0.6472222222222223 0.03046875 0.04722222222222222
2 0.8390625 0.6534722222222222 0.0296875 0.03194444444444444
2 0.84921875 0.6361111111111111 0.009375 0.0
2 0.83828125 0.6361111111111111 0.0109375 0.0
1 0.84140625 0.6270833333333333 0.025 0.0125
2 0.842578125 0.6333333333333333 0.02265625 0.002777777777777778
2 0.847265625 0.6319444444444444 0.01328125 0.0
1 0.831640625 0.6291666666666667 0.01640625 0.011111111111111112
2 0.83046875 0.6354166666666666 0.0140625 0.001388888888888889
2 0.827734375 0.6361111111111111 0.00546875 0.0
2 0.82421875 0.6361111111111111 0.0 0.0
5 0.09453125 0.6729166666666667 0.05 0.009722222222222222
5 0.090234375 0.68125 0.04140625 0.006944444444444444
5 0.093359375 0.6875 0.04765625 0.008333333333333333
5 0.090234375 0.6958333333333333 0.04140625 0.008333333333333333
5 0.086328125 0.7111111111111111 0.03359375 0.008333333333333333
5 0.090234375 0.7027777777777777 0.04140625 0.008333333333333333
5 0.090234375 0.7243055555555555 0.04140625 0.009722222222222222
5 0.090234375 0.7173611111111111 0.04140625 0.009722222222222222
5 0.0875 0.68125 0.0140625 0.001388888888888889
5 0.113671875 0.6902777777777778 0.03046875 0.008333333333333333
5 0.113671875 0.6986111111111111 0.03046875 0.008333333333333333
5 0.11328125 0.7138888888888889 0.03125 0.008333333333333333
5 0.11328125 0.70625 0.03125 0.009722222222222222
5 0.11328125 0.7284722222222222 0.03125 0.009722222222222222
5 0.11328125 0.7208333333333333 0.03125 0.008333333333333333
5 0.0953125 0.6805555555555556 0.0 0.0
5 0.113671875 0.6833333333333333 0.03046875 0.008333333333333333
5 0.113671875 0.6756944444444445 0.03046875 0.009722222222222222
