3 0.499609375 0.9569444444444445 0.99921875 0.08333333333333333
8 0.973046875 0.9201388888888888 0.05234375 0.0375
6 0.678515625 0.9298611111111111 0.10390625 0.13472222222222222
6 0.48359375 0.9298611111111111 0.0953125 0.13472222222222222
6 0.676171875 0.8076388888888889 0.10390625 0.13194444444444445
6 0.58125 0.9298611111111111 0.0984375 0.13472222222222222
7 0.82890625 0.9986111111111111 0.0546875 0.0
7 0.933984375 0.9118055555555555 0.03515625 0.0125
7 0.9828125 0.9111111111111111 0.0328125 0.011111111111111112
7 0.74765625 0.9111111111111111 0.0015625 0.0
7 0.698828125 0.9138888888888889 0.02265625 0.008333333333333333
8 0.968359375 0.9743055555555555 0.06171875 0.04861111111111111
5 0.9703125 0.95 0.0578125 0.019444444444444445
8 0.9140625 0.9708333333333333 0.0984375 0.05555555555555555
5 0.91484375 0.95 0.0875 0.019444444444444445
8 0.82890625 0.9708333333333333 0.090625 0.05555555555555555
5 0.82890625 0.95 0.08125 0.019444444444444445
8 0.87734375 0.9673611111111111 0.0859375 0.0625
5 0.878515625 0.9416666666666667 0.07734375 0.016666666666666666
8 0.81171875 0.9701388888888889 0.05625 0.05694444444444444
5 0.81015625 0.9416666666666667 0.053125 0.016666666666666666
8 0.94765625 0.975 0.084375 0.04722222222222222
5 0.9453125 0.9409722222222222 0.08125 0.018055555555555554
8 0.98984375 0.9756944444444444 0.0109375 0.03194444444444444
5 0.989453125 0.9361111111111111 0.01953125 0.005555555555555556
8 0.51015625 0.91875 0.028125 0.02638888888888889
5 0.5109375 0.9048611111111111 0.0265625 0.004166666666666667
8 0.46953125 0.9236111111111112 0.0328125 0.03611111111111111
5 0.471484375 0.9048611111111111 0.02265625 0.004166666666666667
8 0.553515625 0.9263888888888889 0.03046875 0.027777777777777776
5 0.562109375 0.9048611111111111 0.01796875 0.004166666666666667
8 0.598828125 0.9236111111111112 0.03515625 0.03611111111111111
5 0.600390625 0.90625 0.03359375 0.006944444444444444
8 0.46328125 0.9277777777777778 0.0390625 0.03888888888888889
5 0.47109375 0.9090277777777778 0.021875 0.006944444444444444
8 0.509375 0.9284722222222223 0.0328125 0.0375
5 0.51015625 0.9090277777777778 0.028125 0.006944444444444444
8 0.55703125 0.9284722222222223 0.0375 0.0375
5 0.563671875 0.9090277777777778 0.02109375 0.006944444444444444
8 0.60546875 0.9277777777777778 0.040625 0.03888888888888889
5 0.605859375 0.9090277777777778 0.03671875 0.006944444444444444
8 0.7890625 0.9194444444444444 0.0109375 0.025
5 0.787890625 0.9055555555555556 0.01015625 0.002777777777777778
5 0.787890625 0.9027777777777778 0.01015625 0.0
8 0.79296875 0.9173611111111111 0.003125 0.018055555555555554
5 0.793359375 0.9076388888888889 0.00078125 0.004166666666666667
8 0.684375 0.9236111111111112 0.046875 0.03611111111111111
5 0.684765625 0.9083333333333333 0.04140625 0.008333333333333333
8 0.730078125 0.9236111111111112 0.04765625 0.03611111111111111
5 0.7296875 0.9076388888888889 0.040625 0.009722222222222222
8 0.75546875 0.9277777777777778 0.0609375 0.03611111111111111
5 0.741796875 0.9097222222222222 0.02421875 0.008333333333333333
8 0.7640625 0.9291666666666667 0.0640625 0.03888888888888889
5 0.763671875 0.9125 0.05859375 0.008333333333333333
8 0.991015625 0.9222222222222223 0.01640625 0.03333333333333333
5 0.99296875 0.90625 0.0125 0.004166666666666667
0 0.853515625 0.8472222222222222 0.12109375 0.18611111111111112
0 0.190234375 0.8569444444444444 0.19921875 0.25277777777777777
1 0.46640625 0.8638888888888889 0.0015625 0.075
2 0.4140625 0.875 0.0078125 0.0
2 0.42734375 0.875 0.0171875 0.0
1 0.566015625 0.84375 0.06796875 0.034722222222222224
2 0.536328125 0.85 0.00234375 0.022222222222222223
1 0.429296875 0.8736111111111111 0.07421875 0.1
2 0.40390625 0.8763888888888889 0.0171875 0.0
2 0.46171875 0.8493055555555555 0.0 0.006944444444444444
2 0.437109375 0.8763888888888889 0.04765625 0.0
1 0.5734375 0.8506944444444444 0.075 0.05416666666666667
2 0.549609375 0.8770833333333333 0.01640625 0.001388888888888889
2 0.54140625 0.8479166666666667 0.0046875 0.02638888888888889
2 0.5828125 0.8763888888888889 0.0484375 0.0
1 0.423828125 0.8756944444444444 0.08203125 0.10972222222222222
2 0.392578125 0.8777777777777778 0.00859375 0.0
2 0.461328125 0.8472222222222222 0.00078125 0.027777777777777776
2 0.435546875 0.8777777777777778 0.05078125 0.0
2 0.4265625 0.8652777777777778 0.0 0.0
2 0.42734375 0.8652777777777778 0.0 0.0
1 0.58359375 0.875 0.0828125 0.10833333333333334
2 0.55625 0.8777777777777778 0.015625 0.0
2 0.5453125 0.8777777777777778 0.0 0.0
2 0.591015625 0.8777777777777778 0.05234375 0.0
1 0.421484375 0.8763888888888889 0.08515625 0.11388888888888889
2 0.389453125 0.8965277777777778 0.01484375 0.034722222222222224
2 0.390234375 0.8486111111111111 0.01484375 0.03333333333333333
2 0.4515625 0.8465277777777778 0.01875 0.029166666666666667
2 0.435546875 0.8965277777777778 0.05078125 0.034722222222222224
2 0.416015625 0.8486111111111111 0.01171875 0.03333333333333333
2 0.431640625 0.8486111111111111 0.01953125 0.03333333333333333
2 0.425390625 0.8652777777777778 0.00078125 0.0
1 0.587890625 0.8763888888888889 0.08671875 0.11388888888888889
2 0.5609375 0.8916666666666667 0.015625 0.025
2 0.558984375 0.8465277777777778 0.01953125 0.029166666666666667
2 0.6171875 0.8465277777777778 0.0171875 0.029166666666666667
2 0.598046875 0.8958333333333334 0.05546875 0.03333333333333333
2 0.57890625 0.8465277777777778 0.01875 0.029166666666666667
2 0.598828125 0.8465277777777778 0.01953125 0.029166666666666667
2 0.176171875 0.9104166666666667 0.04453125 0.018055555555555554
2 0.1984375 0.9 0.0 0.0
2 0.303125 0.925 0.03125 0.04722222222222222
2 0.323828125 0.9222222222222223 0.00859375 0.044444444444444446
2 0.299609375 0.8798611111111111 0.03984375 0.04583333333333333
2 0.323828125 0.8791666666666667 0.00859375 0.041666666666666664
2 0.278515625 0.8340277777777778 0.08359375 0.04583333333333333
2 0.304296875 0.8354166666666667 0.04921875 0.043055555555555555
