3 0.25234375 0.7993055555555556 0.5046875 0.07916666666666666
4 0.19609375 0.7493055555555556 0.0015625 0.02638888888888889
4 0.0515625 0.7631944444444444 0.021875 0.05416666666666667
4 0.18984375 0.7472222222222222 0.0015625 0.027777777777777776
4 0.0609375 0.7583333333333333 0.0234375 0.04722222222222222
4 0.01171875 0.7583333333333333 0.003125 0.04722222222222222
5 0.191015625 0.75 0.01328125 0.005555555555555556
5 0.191015625 0.75 0.01328125 0.005555555555555556
5 0.191015625 0.75 0.01328125 0.005555555555555556
5 0.19140625 0.74375 0.0125 0.004166666666666667
5 0.19140625 0.74375 0.0125 0.004166666666666667
5 0.19140625 0.74375 0.0125 0.004166666666666667
5 0.19296875 0.7548611111111111 0.003125 0.001388888888888889
5 0.19296875 0.7548611111111111 0.003125 0.001388888888888889
5 0.19296875 0.7548611111111111 0.003125 0.001388888888888889
5 0.158203125 0.7576388888888889 0.01640625 0.004166666666666667
5 0.158203125 0.7576388888888889 0.01640625 0.004166666666666667
5 0.158203125 0.7576388888888889 0.01640625 0.004166666666666667
5 0.159765625 0.7513888888888889 0.01953125 0.005555555555555556
5 0.159765625 0.7513888888888889 0.01953125 0.005555555555555556
5 0.159765625 0.7513888888888889 0.01953125 0.005555555555555556
5 0.160546875 0.7451388888888889 0.02109375 0.004166666666666667
5 0.160546875 0.7451388888888889 0.02109375 0.004166666666666667
5 0.160546875 0.7451388888888889 0.02109375 0.004166666666666667
5 0.1609375 0.7381944444444445 0.021875 0.004166666666666667
5 0.1609375 0.7381944444444445 0.021875 0.004166666666666667
5 0.1609375 0.7381944444444445 0.021875 0.004166666666666667
6 0.2375 0.7097222222222223 0.021875 0.016666666666666666
5 0.74609375 0.7680555555555556 0.0015625 0.0
5 0.74609375 0.7680555555555556 0.0015625 0.0
5 0.74609375 0.7680555555555556 0.0015625 0.0
5 0.74609375 0.7645833333333333 0.0015625 0.004166666666666667
5 0.74609375 0.7645833333333333 0.0015625 0.004166666666666667
5 0.74609375 0.7645833333333333 0.0015625 0.004166666666666667
5 0.75703125 0.7715277777777778 0.025 0.001388888888888889
5 0.75703125 0.7715277777777778 0.025 0.001388888888888889
5 0.75703125 0.7715277777777778 0.025 0.001388888888888889
5 0.755078125 0.7652777777777777 0.02890625 0.011111111111111112
5 0.755078125 0.7652777777777777 0.02890625 0.011111111111111112
5 0.755078125 0.7652777777777777 0.02890625 0.011111111111111112
6 0.392578125 0.7625 0.06171875 0.07777777777777778
6 0.501171875 0.7534722222222222 0.05078125 0.059722222222222225
6 0.393359375 0.6902777777777778 0.06171875 0.07777777777777778
6 0.449609375 0.7625 0.06171875 0.07777777777777778
6 0.12265625 0.7652777777777777 0.046875 0.08333333333333333
6 0.036328125 0.7666666666666667 0.07265625 0.08611111111111111
7 0.007421875 0.7875 0.01484375 0.013888888888888888
7 0.146875 0.7736111111111111 0.0015625 0.011111111111111112
7 0.334375 0.7798611111111111 0.0046875 0.001388888888888889
7 0.0984375 0.7909722222222222 0.0015625 0.0125
7 0.416015625 0.7625 0.01796875 0.005555555555555556
7 0.45 0.7611111111111111 0.003125 0.005555555555555556
7 0.33046875 0.7618055555555555 0.015625 0.006944444444444444
7 0.367578125 0.7618055555555555 0.01796875 0.006944444444444444
7 0.000390625 0.7652777777777777 0.00078125 0.008333333333333333
7 0.05078125 0.7618055555555555 0.0140625 0.001388888888888889
8 0.280078125 0.7819444444444444 0.01640625 0.022222222222222223
5 0.280078125 0.7680555555555556 0.01484375 0.008333333333333333
8 0.315234375 0.7763888888888889 0.03671875 0.022222222222222223
5 0.314453125 0.7673611111111112 0.03203125 0.006944444444444444
8 0.283203125 0.78125 0.02265625 0.02361111111111111
5 0.28203125 0.7701388888888889 0.01875 0.006944444444444444
8 0.32109375 0.7791666666666667 0.040625 0.022222222222222223
5 0.320703125 0.7694444444444445 0.03515625 0.008333333333333333
8 0.16640625 0.7763888888888889 0.0015625 0.002777777777777778
5 0.16640625 0.7694444444444445 0.0 0.0
8 0.495703125 0.8090277777777778 0.01796875 0.034722222222222224
5 0.497265625 0.7951388888888888 0.01484375 0.0125
8 0.490234375 0.8083333333333333 0.02890625 0.03611111111111111
5 0.490234375 0.7902777777777777 0.02890625 0.013888888888888888
8 0.192578125 0.8090277777777778 0.09140625 0.029166666666666667
5 0.194140625 0.7993055555555556 0.08203125 0.015277777777777777
8 0.189453125 0.8166666666666667 0.09765625 0.03611111111111111
5 0.19140625 0.8041666666666667 0.0875 0.016666666666666666
8 0.18984375 0.7965277777777777 0.0859375 0.0125
5 0.19140625 0.7951388888888888 0.078125 0.015277777777777777
8 0.1921875 0.7888888888888889 0.08125 0.002777777777777778
5 0.19375 0.7861111111111111 0.0734375 0.002777777777777778
8 0.394921875 0.8111111111111111 0.07578125 0.03611111111111111
5 0.393359375 0.7972222222222223 0.06640625 0.016666666666666666
8 0.32109375 0.8131944444444444 0.0734375 0.0375
5 0.3203125 0.7986111111111112 0.0640625 0.016666666666666666
8 0.3015625 0.8145833333333333 0.0609375 0.03194444444444444
5 0.301171875 0.7944444444444444 0.05859375 0.013888888888888888
8 0.295703125 0.8125 0.04921875 0.03611111111111111
5 0.2984375 0.7902777777777777 0.053125 0.013888888888888888
0 0.183984375 0.71875 0.17578125 0.22083333333333333
0 0.698046875 0.7041666666666667 0.09140625 0.1361111111111111
1 0.53984375 0.7527777777777778 0.0375 0.011111111111111112
1 0.51484375 0.7319444444444444 0.046875 0.06944444444444445
1 0.52109375 0.7305555555555555 0.0375 0.05555555555555555
1 0.49609375 0.7340277777777777 0.040625 0.07361111111111111
1 0.4984375 0.7256944444444444 0.03125 0.05138888888888889
1 0.4859375 0.7347222222222223 0.0203125 0.07222222222222222
1 0.493359375 0.7291666666666666 0.02421875 0.05555555555555555
1 0.2484375 0.7291666666666666 0.065625 0.06944444444444445
1 0.245703125 0.7291666666666666 0.06328125 0.06666666666666667
1 0.062109375 0.7361111111111112 0.06953125 0.08333333333333333
1 0.04765625 0.7319444444444444 0.05 0.07777777777777778
1 0.90859375 0.675 0.18125 0.2861111111111111
2 0.923046875 0.66875 0.15234375 0.15416666666666667
2 0.925 0.8034722222222223 0.1484375 0.02638888888888889
1 0.7765625 0.7076388888888889 0.28125 0.22916666666666666
2 0.840625 0.7736111111111111 0.0546875 0.0
2 0.877734375 0.7833333333333333 0.05546875 0.016666666666666666
2 0.6984375 0.6861111111111111 0.103125 0.10555555555555556
2 0.750390625 0.7972222222222223 0.20703125 0.05
2 0.81328125 0.7368055555555556 0.0046875 0.001388888888888889
2 0.8140625 0.6875 0.025 0.10277777777777777
2 0.762109375 0.7368055555555556 0.00703125 0.001388888888888889
2 0.77578125 0.6868055555555556 0.053125 0.10416666666666667
1 0.875 0.7715277777777778 0.05 0.006944444444444444
2 0.925390625 0.7798611111111111 0.14765625 0.02361111111111111
1 0.634765625 0.7277777777777777 0.21015625 0.19444444444444445
2 0.684375 0.7625 0.0390625 0.0
2 0.7078125 0.7680555555555556 0.046875 0.008333333333333333
2 0.57265625 0.6965277777777777 0.0703125 0.07916666666666666
2 0.612109375 0.79375 0.15078125 0.0625
2 0.620703125 0.7340277777777777 0.01171875 0.001388888888888889
2 0.628125 0.6958333333333333 0.0390625 0.07777777777777778
1 0.794140625 0.7652777777777777 0.00546875 0.013888888888888888
2 0.82421875 0.7652777777777777 0.053125 0.013888888888888888
1 0.593359375 0.7305555555555555 0.18828125 0.19166666666666668
2 0.64609375 0.7597222222222222 0.0359375 0.0
2 0.664453125 0.7604166666666666 0.03515625 0.001388888888888889
2 0.521875 0.6986111111111111 0.03125 0.07222222222222222
2 0.57109375 0.7930555555555555 0.13125 0.06666666666666667
5 0.180859375 0.7604166666666666 0.02734375 0.006944444444444444
