2 0.957421875 0.6277777777777778 0.00078125 0.0
2 0.8640625 0.6472222222222223 0.015625 0.027777777777777776
2 0.823828125 0.6756944444444445 0.01796875 0.02638888888888889
2 0.906640625 0.6604166666666667 0.03203125 0.029166666666666667
2 0.648828125 0.6763888888888889 0.01640625 0.03333333333333333
1 0.040625 0.6833333333333333 0.075 0.1
5 0.75703125 0.7902777777777777 0.0625 0.022222222222222223
5 0.5921875 0.8868055555555555 0.0765625 0.029166666666666667
5 0.408984375 0.675 0.04453125 0.011111111111111112
2 0.91953125 0.6652777777777777 0.01875 0.030555555555555555
2 0.93203125 0.6506944444444445 0.015625 0.001388888888888889
8 0.830859375 0.7583333333333333 0.04609375 0.03333333333333333
8 0.621875 0.8909722222222223 0.0 0.0125
5 0.821875 0.70625 0.0328125 0.009722222222222222
2 0.859765625 0.6326388888888889 0.00546875 0.001388888888888889
5 0.75703125 0.8701388888888889 0.0625 0.02638888888888889
2 0.98671875 0.8284722222222223 0.0046875 0.0375
5 0.89296875 0.7534722222222222 0.0453125 0.018055555555555554
1 0.955078125 0.6513888888888889 0.06484375 0.07222222222222222
8 0.89765625 0.7402777777777778 0.0546875 0.016666666666666666
5 0.041015625 0.8388888888888889 0.05703125 0.025
6 0.49453125 0.71875 0.0390625 0.07361111111111111
5 0.75703125 0.8270833333333333 0.0625 0.020833333333333332
8 0.53828125 0.8861111111111111 0.0453125 0.06666666666666667
5 0.75703125 0.8506944444444444 0.0625 0.018055555555555554
8 0.4625 0.775 0.046875 0.03888888888888889
7 0.76953125 0.9854166666666667 0.0875 0.02638888888888889
3 0.494921875 0.8354166666666667 0.98984375 0.3263888888888889
5 0.510546875 0.7590277777777777 0.02109375 0.0125
5 0.75703125 0.9166666666666666 0.0625 0.027777777777777776
5 0.788671875 0.7069444444444445 0.02109375 0.005555555555555556
0 0.505859375 0.6541666666666667 0.04453125 0.11666666666666667
5 0.5921875 0.8611111111111112 0.0765625 0.03333333333333333
8 0.863671875 0.7534722222222222 0.04921875 0.0375
5 0.520703125 0.7770833333333333 0.00078125 0.006944444444444444
8 0.89140625 0.7625 0.046875 0.030555555555555555
1 0.923046875 0.6875 0.06953125 0.10555555555555556
8 0.924609375 0.7638888888888888 0.05078125 0.03888888888888889
5 0.75703125 0.8152777777777778 0.0625 0.022222222222222223
5 0.75703125 0.8930555555555556 0.0625 0.027777777777777776
4 0.456640625 0.8298611111111112 0.03359375 0.07916666666666666
2 0.8765625 0.6298611111111111 0.0140625 0.001388888888888889
5 0.668359375 0.8680555555555556 0.07734375 0.030555555555555555
5 0.79375 0.6930555555555555 0.03125 0.005555555555555556
5 0.041015625 0.83125 0.05703125 0.02361111111111111
8 0.502734375 0.7673611111111112 0.00546875 0.009722222222222222
2 0.94140625 0.6347222222222222 0.015625 0.016666666666666666
2 0.83046875 0.64375 0.015625 0.02638888888888889
5 0.75703125 0.7541666666666667 0.0625 0.025
8 0.795703125 0.7041666666666667 0.00390625 0.002777777777777778
5 0.669140625 0.9159722222222222 0.07578125 0.03194444444444444
6 0.5546875 0.7909722222222222 0.0671875 0.09027777777777778
6 0.50859375 0.7256944444444444 0.04375 0.0625
5 0.669140625 0.8909722222222223 0.07578125 0.029166666666666667
2 0.831640625 0.6631944444444444 0.00546875 0.001388888888888889
2 0.866015625 0.6305555555555555 0.01796875 0.002777777777777778
8 0.823046875 0.71875 0.04765625 0.029166666666666667
5 0.348046875 0.6875 0.04453125 0.011111111111111112
5 0.828515625 0.7423611111111111 0.04296875 0.015277777777777777
2 0.945703125 0.6486111111111111 0.01796875 0.002777777777777778
5 0.602734375 0.8618055555555556 0.03828125 0.02361111111111111
2 0.8671875 0.6270833333333333 0.0203125 0.001388888888888889
8 0.508203125 0.7527777777777778 0.04453125 0.019444444444444445
2 0.905859375 0.6833333333333333 0.00078125 0.0
6 0.600390625 0.80625 0.07578125 0.09583333333333334
5 0.925390625 0.7506944444444444 0.04921875 0.015277777777777777
4 0.576171875 0.9604166666666667 0.03984375 0.0763888888888889
5 0.5921875 0.8756944444444444 0.0765625 0.029166666666666667
5 0.593359375 0.9222222222222223 0.07421875 0.025
7 0.0078125 0.8673611111111111 0.015625 0.02361111111111111
2 0.91171875 0.6631944444444444 0.021875 0.029166666666666667
5 0.408984375 0.6840277777777778 0.04453125 0.0125
8 0.794921875 0.6965277777777777 0.03359375 0.004166666666666667
5 0.669140625 0.9034722222222222 0.07578125 0.03194444444444444
1 0.843359375 0.6652777777777777 0.06171875 0.09166666666666666
2 0.871875 0.6375 0.015625 0.011111111111111112
5 0.51171875 0.7479166666666667 0.046875 0.009722222222222222
1 0.87734375 0.6638888888888889 0.0609375 0.09166666666666666
0 0.787890625 0.7194444444444444 0.07890625 0.17222222222222222
5 0.668359375 0.8534722222222222 0.07734375 0.03194444444444444
2 0.8265625 0.6409722222222223 0.0234375 0.02638888888888889
5 0.669140625 0.9388888888888889 0.07578125 0.03333333333333333
4 0.430078125 0.7847222222222222 0.00859375 0.06666666666666667
1 0.0 0.6416666666666667 0.0 0.008333333333333333
5 0.75703125 0.7791666666666667 0.0625 0.019444444444444445
2 0.68046875 0.6583333333333333 0.0453125 0.03333333333333333
4 0.55390625 0.9361111111111111 0.0140625 0.1
4 0.50625 0.8923611111111112 0.040625 0.09583333333333334
8 0.61484375 0.9618055555555556 0.075 0.07361111111111111
5 0.042578125 0.8208333333333333 0.05703125 0.025
8 0.962890625 0.7631944444444444 0.05234375 0.034722222222222224
2 0.847265625 0.68125 0.04921875 0.03194444444444444
2 0.9421875 0.6458333333333334 0.03125 0.005555555555555556
5 0.348046875 0.6770833333333334 0.04453125 0.015277777777777777
8 0.740234375 0.70625 0.02890625 0.02361111111111111
5 0.04296875 0.8486111111111111 0.05625 0.025
2 0.939453125 0.6680555555555555 0.03671875 0.030555555555555555
6 0.509765625 0.6694444444444444 0.04609375 0.075
8 0.4765625 0.7875 0.05625 0.03888888888888889
5 0.46484375 0.7625 0.0484375 0.013888888888888888
2 0.940234375 0.6347222222222222 0.03046875 0.022222222222222223
2 0.834375 0.6465277777777778 0.0078125 0.02638888888888889
1 0.956640625 0.6819444444444445 0.06640625 0.09722222222222222
2 0.95390625 0.6256944444444444 0.0078125 0.001388888888888889
2 0.886328125 0.63125 0.01953125 0.001388888888888889
6 0.48203125 0.7097222222222223 0.0390625 0.06944444444444445
8 0.813671875 0.7256944444444444 0.01640625 0.018055555555555554
5 0.595703125 0.95 0.06953125 0.030555555555555555
4 0.644921875 0.9916666666666667 0.00390625 0.013888888888888888
2 0.68046875 0.6847222222222222 0.0453125 0.03333333333333333
2 0.88828125 0.6465277777777778 0.0328125 0.02638888888888889
7 0.37109375 0.8979166666666667 0.04375 0.043055555555555555
5 0.8640625 0.7402777777777778 0.0453125 0.016666666666666666
5 0.75703125 0.9298611111111111 0.0625 0.02638888888888889
8 0.45703125 0.7652777777777777 0.0515625 0.03888888888888889
2 0.98203125 0.6868055555555556 0.0046875 0.001388888888888889
8 0.48671875 0.8 0.0578125 0.041666666666666664
8 0.96796875 0.79375 0.0421875 0.029166666666666667
2 0.968359375 0.6395833333333333 0.03203125 0.020833333333333332
2 0.68046875 0.63125 0.0453125 0.03194444444444444
5 0.476171875 0.7715277777777778 0.05078125 0.015277777777777777
5 0.517578125 0.76875 0.00703125 0.0125
5 0.897265625 0.7354166666666667 0.04921875 0.0125
5 0.66875 0.9270833333333334 0.0765625 0.03194444444444444
2 0.929296875 0.7055555555555556 0.05703125 0.03611111111111111
5 0.408984375 0.6930555555555555 0.04453125 0.011111111111111112
5 0.75703125 0.8611111111111112 0.0625 0.022222222222222223
5 0.7578125 0.8381944444444445 0.0609375 0.02361111111111111
5 0.45625 0.7520833333333333 0.046875 0.0125
8 0.84140625 0.7229166666666667 0.05 0.02361111111111111
5 0.96171875 0.7493055555555556 0.05 0.015277777777777777
2 0.837890625 0.6305555555555555 0.00078125 0.0
2 0.717578125 0.6583333333333333 0.02734375 0.027777777777777776
2 0.95234375 0.6506944444444445 0.0109375 0.004166666666666667
5 0.75703125 0.8027777777777778 0.0625 0.022222222222222223
8 0.857421875 0.7701388888888889 0.05390625 0.04027777777777778
5 0.408984375 0.6652777777777777 0.04453125 0.013888888888888888
5 0.541796875 0.8673611111111111 0.03828125 0.03194444444444444
2 0.9734375 0.6652777777777777 0.0328125 0.030555555555555555
2 0.87890625 0.6798611111111111 0.0453125 0.03194444444444444
4 0.4921875 0.8611111111111112 0.0109375 0.08333333333333333
5 0.5921875 0.9 0.0765625 0.030555555555555555
8 0.517578125 0.7875 0.00703125 0.030555555555555555
5 0.80625 0.7152777777777778 0.025 0.011111111111111112
2 0.9265625 0.6479166666666667 0.015625 0.001388888888888889
2 0.97265625 0.7034722222222223 0.034375 0.03194444444444444
7 0.41015625 0.8395833333333333 0.065625 0.02638888888888889
2 0.717578125 0.6861111111111111 0.02734375 0.027777777777777776
5 0.840625 0.7138888888888889 0.0453125 0.011111111111111112
5 0.482421875 0.7833333333333333 0.04609375 0.016666666666666666
0 0.936328125 0.8027777777777778 0.10546875 0.24166666666666667
7 0.36875 0.775 0.0546875 0.019444444444444445
2 0.950390625 0.6354166666666666 0.01484375 0.015277777777777777
5 0.75703125 0.9055555555555556 0.0625 0.027777777777777776
5 0.856640625 0.7555555555555555 0.04765625 0.016666666666666666
2 0.980859375 0.65 0.00234375 0.0
1 0.0375 0.6902777777777778 0.075 0.10277777777777777
5 0.808984375 0.7006944444444444 0.03515625 0.009722222222222222
5 0.75703125 0.8826388888888889 0.0625 0.02638888888888889
5 0.595703125 0.9368055555555556 0.06953125 0.029166666666666667
4 0.003125 0.8173611111111111 0.00625 0.07361111111111111
5 0.74375 0.6951388888888889 0.0328125 0.006944444444444444
5 0.763671875 0.7006944444444444 0.03046875 0.004166666666666667
2 0.95546875 0.6465277777777778 0.0046875 0.001388888888888889
5 0.873046875 0.7270833333333333 0.04765625 0.0125
5 0.669140625 0.8784722222222222 0.07578125 0.029166666666666667
5 0.75703125 0.7680555555555556 0.0625 0.022222222222222223
8 0.8734375 0.7333333333333333 0.053125 0.016666666666666666
5 0.348046875 0.6958333333333333 0.04453125 0.011111111111111112
5 0.593359375 0.9125 0.07421875 0.030555555555555555
2 0.7109375 0.6298611111111111 0.040625 0.03194444444444444
2 0.89765625 0.6986111111111111 0.0140625 0.030555555555555555
8 0.51953125 0.7847222222222222 0.003125 0.019444444444444445
