5 0.373046875 0.9125 0.07890625 0.027777777777777776
5 0.488671875 0.7006944444444444 0.00546875 0.006944444444444444
5 0.900390625 0.7576388888888889 0.04765625 0.0125
5 0.51796875 0.7166666666666667 0.046875 0.013888888888888888
8 0.883984375 0.8097222222222222 0.06953125 0.04722222222222222
5 0.4484375 0.7423611111111111 0.046875 0.015277777777777777
5 0.51796875 0.6805555555555556 0.046875 0.013888888888888888
1 0.885546875 0.6722222222222223 0.04921875 0.09166666666666666
2 0.73515625 0.6701388888888888 0.0328125 0.02361111111111111
2 0.884765625 0.6701388888888888 0.03203125 0.004166666666666667
1 0.965625 0.6576388888888889 0.053125 0.08194444444444444
8 0.728515625 0.69375 0.00703125 0.018055555555555554
2 0.874609375 0.63125 0.01640625 0.006944444444444444
1 0.015625 0.6881944444444444 0.0203125 0.07083333333333333
1 0.156640625 0.65 0.06171875 0.075
2 0.86953125 0.6840277777777778 0.0125 0.02638888888888889
2 0.875390625 0.6506944444444445 0.01328125 0.02638888888888889
5 0.094140625 0.7270833333333333 0.03203125 0.009722222222222222
0 0.017578125 0.8597222222222223 0.02578125 0.2777777777777778
1 0.995703125 0.6680555555555555 0.00703125 0.08333333333333333
8 0.35546875 0.8666666666666667 0.04375 0.06388888888888888
8 0.75625 0.7020833333333333 0.040625 0.02361111111111111
5 0.387109375 0.7597222222222222 0.04921875 0.016666666666666666
0 0.72890625 0.8944444444444445 0.1453125 0.20833333333333334
2 0.872265625 0.6256944444444444 0.02734375 0.001388888888888889
5 0.387109375 0.7881944444444444 0.04921875 0.018055555555555554
5 0.51796875 0.6708333333333333 0.046875 0.013888888888888888
6 0.48671875 0.6875 0.0265625 0.05
5 0.387109375 0.80625 0.04921875 0.018055555555555554
3 0.50234375 0.8361111111111111 0.99375 0.325
8 0.7703125 0.6909722222222222 0.009375 0.018055555555555554
5 0.387109375 0.7965277777777777 0.04921875 0.018055555555555554
5 0.51796875 0.7965277777777777 0.046875 0.018055555555555554
8 0.758984375 0.7291666666666666 0.03515625 0.03333333333333333
2 0.961328125 0.6395833333333333 0.01796875 0.02361111111111111
4 0.312109375 0.80625 0.01953125 0.08194444444444444
2 0.968359375 0.6722222222222223 0.04296875 0.027777777777777776
5 0.09453125 0.7402777777777778 0.0328125 0.011111111111111112
2 0.89453125 0.6541666666666667 0.03125 0.027777777777777776
2 0.88984375 0.6277777777777778 0.0125 0.0
5 0.887109375 0.7472222222222222 0.04609375 0.008333333333333333
5 0.75859375 0.7166666666666667 0.03125 0.011111111111111112
4 0.358203125 0.7527777777777778 0.00234375 0.06111111111111111
4 0.296875 0.85625 0.0171875 0.10416666666666667
8 0.884765625 0.7583333333333333 0.04609375 0.027777777777777776
5 0.4203125 0.7090277777777778 0.03125 0.004166666666666667
5 0.742578125 0.6826388888888889 0.03515625 0.004166666666666667
5 0.7953125 0.7166666666666667 0.0328125 0.011111111111111112
5 0.865234375 0.7166666666666667 0.03515625 0.011111111111111112
2 0.70625 0.675 0.0234375 0.022222222222222223
6 0.486328125 0.6722222222222223 0.02265625 0.04722222222222222
7 0.018359375 0.7444444444444445 0.02578125 0.013888888888888888
5 0.883203125 0.7930555555555555 0.06328125 0.016666666666666666
5 0.387109375 0.7423611111111111 0.04921875 0.015277777777777777
5 0.09453125 0.7194444444444444 0.0328125 0.011111111111111112
2 0.91171875 0.6375 0.0203125 0.002777777777777778
7 0.941796875 0.8569444444444444 0.08359375 0.027777777777777776
5 0.487890625 0.7173611111111111 0.00390625 0.009722222222222222
5 0.793359375 0.6881944444444444 0.03671875 0.006944444444444444
5 0.811328125 0.7013888888888888 0.04140625 0.008333333333333333
2 0.93828125 0.6388888888888888 0.009375 0.0
5 0.46171875 0.6569444444444444 0.0203125 0.008333333333333333
5 0.028515625 0.7354166666666667 0.00546875 0.001388888888888889
2 0.7015625 0.6236111111111111 0.0328125 0.025
6 0.3828125 0.9715277777777778 0.0984375 0.05416666666666667
5 0.800390625 0.6923611111111111 0.03828125 0.006944444444444444
6 0.4875 0.6375 0.0296875 0.058333333333333334
2 0.896875 0.6388888888888888 0.0140625 0.0
7 0.462890625 0.8569444444444444 0.07265625 0.027777777777777776
6 0.384375 0.9479166666666666 0.0875 0.09305555555555556
5 0.42421875 0.6979166666666666 0.0234375 0.004166666666666667
6 0.394921875 0.9319444444444445 0.07734375 0.13333333333333333
4 0.33984375 0.7680555555555556 0.0125 0.06666666666666667
1 0.019921875 0.6743055555555556 0.02265625 0.020833333333333332
2 0.8328125 0.6375 0.0109375 0.022222222222222223
4 0.01015625 0.7409722222222223 0.009375 0.0625
5 0.868359375 0.78125 0.06015625 0.015277777777777777
8 0.41171875 0.8659722222222223 0.05 0.0625
8 0.912109375 0.7680555555555556 0.04765625 0.016666666666666666
8 0.869140625 0.7972222222222223 0.06640625 0.044444444444444446
8 0.943359375 0.7979166666666667 0.06953125 0.043055555555555555
1 0.103515625 0.65 0.04921875 0.075
1 0.92734375 0.6729166666666667 0.05625 0.09305555555555556
2 0.9734375 0.6402777777777777 0.03125 0.025
5 0.4484375 0.7881944444444444 0.046875 0.018055555555555554
7 0.2125 0.8347222222222223 0.04375 0.03333333333333333
6 0.4875 0.6763888888888889 0.025 0.044444444444444446
8 0.49140625 0.70625 0.0015625 0.006944444444444444
7 0.992578125 0.925 0.01328125 0.030555555555555555
5 0.75078125 0.7076388888888889 0.028125 0.009722222222222222
1 0.84453125 0.6583333333333333 0.046875 0.08333333333333333
2 0.884375 0.6263888888888889 0.0109375 0.0
5 0.755859375 0.6923611111111111 0.03671875 0.006944444444444444
8 0.404296875 0.7076388888888889 0.00078125 0.001388888888888889
5 0.94296875 0.7819444444444444 0.0625 0.013888888888888888
2 0.839453125 0.6395833333333333 0.01640625 0.02361111111111111
5 0.4484375 0.7805555555555556 0.046875 0.013888888888888888
2 0.954296875 0.6333333333333333 0.01484375 0.013888888888888888
1 0.88125 0.6256944444444444 0.0453125 0.018055555555555554
5 0.51796875 0.7805555555555556 0.046875 0.013888888888888888
8 0.766796875 0.6840277777777778 0.01328125 0.0125
4 0.154296875 0.9888888888888889 0.03828125 0.019444444444444445
8 0.74921875 0.6972222222222222 0.034375 0.025
4 0.3765625 0.7194444444444444 0.003125 0.03888888888888889
2 0.80078125 0.7743055555555556 0.0625 0.05416666666666667
2 0.889453125 0.6881944444444444 0.04140625 0.03194444444444444
5 0.354296875 0.8472222222222222 0.04140625 0.027777777777777776
7 0.337109375 0.7486111111111111 0.04921875 0.013888888888888888
7 0.359765625 0.7152777777777778 0.04296875 0.011111111111111112
2 0.850390625 0.6409722222222223 0.03046875 0.02361111111111111
5 0.9609375 0.79375 0.065625 0.015277777777777777
5 0.51796875 0.7597222222222222 0.046875 0.016666666666666666
5 0.414453125 0.6652777777777777 0.02890625 0.005555555555555556
8 0.79609375 0.7291666666666666 0.0375 0.03333333333333333
2 0.95 0.6652777777777777 0.0171875 0.019444444444444445
5 0.78359375 0.6833333333333333 0.0328125 0.005555555555555556
0 0.68046875 0.6784722222222223 0.04375 0.14027777777777778
5 0.825390625 0.7166666666666667 0.02890625 0.011111111111111112
8 0.750390625 0.7201388888888889 0.03359375 0.03194444444444444
7 0.262109375 0.7729166666666667 0.01796875 0.02361111111111111
8 0.7921875 0.69375 0.0375 0.018055555555555554
5 0.3796875 0.8868055555555555 0.075 0.020833333333333332
8 0.830859375 0.7416666666666667 0.06328125 0.022222222222222223
2 0.734375 0.6243055555555556 0.034375 0.02638888888888889
2 0.930078125 0.6881944444444444 0.04609375 0.03194444444444444
5 0.737109375 0.6784722222222223 0.03359375 0.004166666666666667
2 0.868359375 0.6270833333333333 0.01015625 0.001388888888888889
5 0.820703125 0.7069444444444445 0.03828125 0.008333333333333333
5 0.46875 0.6486111111111111 0.034375 0.008333333333333333
2 0.90390625 0.6736111111111112 0.0046875 0.002777777777777778
2 0.830078125 0.6680555555555555 0.01328125 0.022222222222222223
2 0.84921875 0.6569444444444444 0.0046875 0.0
5 0.021484375 0.7333333333333333 0.01953125 0.011111111111111112
5 0.46875 0.6638888888888889 0.034375 0.008333333333333333
5 0.75 0.6861111111111111 0.0359375 0.002777777777777778
8 0.417578125 0.7298611111111111 0.03671875 0.02361111111111111
8 0.38046875 0.9069444444444444 0.0828125 0.058333333333333334
2 0.976953125 0.6277777777777778 0.01171875 0.0
5 0.4125 0.8465277777777778 0.04375 0.02638888888888889
5 0.46875 0.6708333333333333 0.034375 0.008333333333333333
8 0.828515625 0.7270833333333333 0.03828125 0.029166666666666667
8 0.801171875 0.6965277777777777 0.04140625 0.0125
1 0.1078125 0.6465277777777778 0.0578125 0.07361111111111111
5 0.51796875 0.6888888888888889 0.046875 0.013888888888888888
2 0.846875 0.6722222222222223 0.0390625 0.027777777777777776
2 0.88125 0.6520833333333333 0.015625 0.02638888888888889
5 0.414453125 0.65625 0.02890625 0.009722222222222222
6 0.460546875 0.7159722222222222 0.04921875 0.0625
5 0.388671875 0.7576388888888889 0.03046875 0.004166666666666667
2 0.73515625 0.6486111111111111 0.0328125 0.027777777777777776
5 0.414453125 0.6722222222222223 0.02890625 0.005555555555555556
5 0.42421875 0.7034722222222223 0.0234375 0.004166666666666667
5 0.488671875 0.7090277777777778 0.00546875 0.004166666666666667
2 0.920703125 0.6388888888888888 0.00234375 0.0
8 0.866796875 0.73125 0.03828125 0.029166666666666667
5 0.419140625 0.7166666666666667 0.03359375 0.008333333333333333
5 0.4484375 0.7597222222222222 0.046875 0.016666666666666666
2 0.7015625 0.6513888888888889 0.0328125 0.022222222222222223
6 0.473046875 0.7326388888888888 0.05546875 0.07916666666666666
4 0.21328125 0.9652777777777778 0.0046875 0.06666666666666667
5 0.433984375 0.7576388888888889 0.03046875 0.015277777777777777
2 0.855859375 0.7722222222222223 0.06484375 0.05
5 0.4484375 0.7965277777777777 0.046875 0.018055555555555554
5 0.487890625 0.7041666666666667 0.00390625 0.002777777777777778
5 0.78515625 0.7069444444444445 0.03125 0.008333333333333333
5 0.387109375 0.7791666666666667 0.04921875 0.016666666666666666
1 0.01875 0.6881944444444444 0.025 0.07083333333333333
8 0.4328125 0.7722222222222223 0.034375 0.041666666666666664
8 0.489453125 0.7284722222222222 0.00703125 0.029166666666666667
7 0.46484375 0.8333333333333334 0.0671875 0.022222222222222223
8 0.375 0.9354166666666667 0.0828125 0.07083333333333333
5 0.775390625 0.6791666666666667 0.02890625 0.005555555555555556
4 0.3609375 0.7388888888888889 0.0078125 0.058333333333333334
0 0.711328125 0.7131944444444445 0.06328125 0.16527777777777777
2 0.886328125 0.6326388888888889 0.03046875 0.006944444444444444
8 0.784765625 0.7201388888888889 0.03359375 0.03194444444444444
5 0.4484375 0.7527777777777778 0.046875 0.013888888888888888
5 0.51796875 0.8055555555555556 0.046875 0.016666666666666666
2 0.854296875 0.6277777777777778 0.01171875 0.0
2 0.8375 0.6361111111111111 0.028125 0.022222222222222223
8 0.365234375 0.8083333333333333 0.05390625 0.05
8 0.809765625 0.7125 0.04140625 0.027777777777777776
2 0.965234375 0.6569444444444444 0.01171875 0.0
1 0.365234375 0.9819444444444444 0.26796875 0.03333333333333333
2 0.87890625 0.6493055555555556 0.03125 0.02638888888888889
8 0.4921875 0.7159722222222222 0.003125 0.015277777777777777
5 0.51796875 0.7069444444444445 0.046875 0.013888888888888888
2 0.97109375 0.6263888888888889 0.0125 0.0
5 0.51796875 0.74375 0.046875 0.0125
5 0.387109375 0.7694444444444445 0.04921875 0.016666666666666666
4 0.309375 0.8326388888888889 0.0109375 0.08472222222222223
2 0.996875 0.6486111111111111 0.0046875 0.025
4 0.337109375 0.7916666666666666 0.00703125 0.06111111111111111
8 0.388671875 0.7715277777777778 0.03046875 0.04027777777777778
5 0.094140625 0.7333333333333333 0.03203125 0.011111111111111112
2 0.996875 0.6833333333333333 0.0046875 0.025
2 0.9359375 0.6541666666666667 0.0328125 0.027777777777777776
5 0.51796875 0.7881944444444444 0.046875 0.018055555555555554
8 0.4921875 0.7020833333333333 0.003125 0.009722222222222222
2 0.95625 0.6319444444444444 0.0296875 0.013888888888888888
5 0.4484375 0.7708333333333334 0.046875 0.013888888888888888
5 0.51796875 0.7527777777777778 0.046875 0.013888888888888888
8 0.962109375 0.8104166666666667 0.07265625 0.04583333333333333
1 0.048828125 0.6479166666666667 0.06328125 0.07361111111111111
5 0.51796875 0.7347222222222223 0.046875 0.013888888888888888
1 0.16484375 0.6465277777777778 0.059375 0.07361111111111111
5 0.51796875 0.7256944444444444 0.046875 0.0125
2 0.914453125 0.6388888888888888 0.01484375 0.002777777777777778
5 0.387109375 0.7520833333333333 0.04921875 0.015277777777777777
0 0.536328125 0.6361111111111111 0.02890625 0.09722222222222222
5 0.51796875 0.6986111111111111 0.046875 0.013888888888888888
8 0.722265625 0.6895833333333333 0.00703125 0.02361111111111111
8 0.819921875 0.7159722222222222 0.03984375 0.02361111111111111
2 0.859765625 0.6576388888888889 0.00234375 0.001388888888888889
5 0.4484375 0.80625 0.046875 0.018055555555555554
7 0.966015625 0.8833333333333333 0.06640625 0.030555555555555555
5 0.51796875 0.7708333333333334 0.046875 0.013888888888888888
