3 0.499609375 0.8465277777777778 0.99921875 0.30416666666666664
4 0.440234375 0.7979166666666667 0.01015625 0.07361111111111111
4 0.480078125 0.8416666666666667 0.03984375 0.08888888888888889
4 0.526953125 0.8722222222222222 0.01015625 0.09444444444444444
4 0.551953125 0.9034722222222222 0.04921875 0.10972222222222222
4 0.61796875 0.9444444444444444 0.0125 0.10833333333333334
4 0.659375 0.9631944444444445 0.05 0.07083333333333333
4 0.762109375 0.9958333333333333 0.00546875 0.005555555555555556
8 0.69453125 0.9666666666666667 0.0953125 0.06388888888888888
5 0.328125 0.7097222222222223 0.0484375 0.011111111111111112
5 0.328125 0.7097222222222223 0.0484375 0.011111111111111112
5 0.328125 0.7097222222222223 0.0484375 0.011111111111111112
5 0.328125 0.6986111111111111 0.0484375 0.013888888888888888
5 0.328125 0.6986111111111111 0.0484375 0.013888888888888888
5 0.328125 0.6986111111111111 0.0484375 0.013888888888888888
5 0.328125 0.7194444444444444 0.0484375 0.011111111111111112
5 0.328125 0.7194444444444444 0.0484375 0.011111111111111112
5 0.328125 0.7194444444444444 0.0484375 0.011111111111111112
5 0.392578125 0.7152777777777778 0.04765625 0.011111111111111112
5 0.392578125 0.7152777777777778 0.04765625 0.011111111111111112
5 0.392578125 0.7152777777777778 0.04765625 0.011111111111111112
5 0.392578125 0.7069444444444445 0.04765625 0.011111111111111112
5 0.392578125 0.7069444444444445 0.04765625 0.011111111111111112
5 0.392578125 0.7069444444444445 0.04765625 0.011111111111111112
5 0.392578125 0.6972222222222222 0.04765625 0.011111111111111112
5 0.392578125 0.6972222222222222 0.04765625 0.011111111111111112
5 0.392578125 0.6972222222222222 0.04765625 0.011111111111111112
5 0.392578125 0.6861111111111111 0.04765625 0.013888888888888888
5 0.392578125 0.6861111111111111 0.04765625 0.013888888888888888
5 0.392578125 0.6861111111111111 0.04765625 0.013888888888888888
6 0.514453125 0.7395833333333334 0.04921875 0.06527777777777778
6 0.480859375 0.725 0.04140625 0.06944444444444445
6 0.515234375 0.6791666666666667 0.05234375 0.07777777777777778
6 0.49296875 0.73125 0.0375 0.07083333333333333
6 0.580078125 0.8 0.07578125 0.10277777777777777
6 0.63671875 0.8145833333333333 0.084375 0.10138888888888889
7 0.870703125 0.9909722222222223 0.09140625 0.015277777777777777
7 0.391796875 0.9152777777777777 0.05546875 0.04722222222222222
7 0.36484375 0.7930555555555555 0.0609375 0.019444444444444445
7 0.42421875 0.8555555555555555 0.075 0.027777777777777776
5 0.6390625 0.8597222222222223 0.04375 0.008333333333333333
8 0.58046875 0.9013888888888889 0.0546875 0.06944444444444445
5 0.5890625 0.8777777777777778 0.0609375 0.03333333333333333
8 0.4984375 0.8131944444444444 0.0578125 0.04861111111111111
5 0.499609375 0.7958333333333333 0.05546875 0.016666666666666666
8 0.484375 0.8006944444444445 0.0546875 0.04583333333333333
5 0.485546875 0.7854166666666667 0.05234375 0.018055555555555554
8 0.473828125 0.7916666666666666 0.06015625 0.044444444444444446
5 0.4734375 0.7770833333333333 0.0546875 0.015277777777777777
8 0.462109375 0.7819444444444444 0.05703125 0.041666666666666664
5 0.461328125 0.7673611111111112 0.05234375 0.015277777777777777
8 0.50859375 0.7743055555555556 0.00625 0.009722222222222222
5 0.525 0.7729166666666667 0.034375 0.015277777777777777
8 0.507421875 0.7694444444444445 0.02890625 0.019444444444444445
5 0.518359375 0.7638888888888888 0.04765625 0.013888888888888888
8 0.531640625 0.7951388888888888 0.01953125 0.034722222222222224
5 0.532421875 0.7805555555555556 0.01953125 0.011111111111111112
8 0.53984375 0.8097222222222222 0.0046875 0.030555555555555555
5 0.53984375 0.7909722222222222 0.0046875 0.009722222222222222
5 0.818359375 0.7138888888888889 0.01953125 0.005555555555555556
5 0.796484375 0.7090277777777778 0.03515625 0.004166666666666667
5 0.852734375 0.7194444444444444 0.00234375 0.005555555555555556
8 0.869921875 0.73125 0.03671875 0.006944444444444444
5 0.868359375 0.7277777777777777 0.03359375 0.008333333333333333
8 0.74765625 0.7256944444444444 0.0265625 0.029166666666666667
5 0.7546875 0.7131944444444445 0.0359375 0.009722222222222222
8 0.758984375 0.7298611111111111 0.01484375 0.02638888888888889
5 0.760546875 0.7194444444444444 0.01328125 0.008333333333333333
8 0.9609375 0.7715277777777778 0.053125 0.03194444444444444
5 0.96171875 0.7611111111111111 0.0515625 0.016666666666666666
8 0.978125 0.7597222222222222 0.015625 0.013888888888888888
5 0.980859375 0.7548611111111111 0.01484375 0.006944444444444444
8 0.9296875 0.7791666666666667 0.0546875 0.041666666666666664
5 0.93046875 0.7638888888888888 0.0515625 0.016666666666666666
8 0.900390625 0.7854166666666667 0.04765625 0.034722222222222224
5 0.898046875 0.7659722222222223 0.04296875 0.018055555555555554
8 0.901953125 0.7465277777777778 0.05078125 0.015277777777777777
5 0.90078125 0.7388888888888889 0.0484375 0.011111111111111112
8 0.928125 0.7604166666666666 0.059375 0.03194444444444444
5 0.928125 0.7465277777777778 0.053125 0.0125
8 0.90078125 0.76875 0.046875 0.029166666666666667
5 0.8984375 0.7513888888888889 0.04375 0.013888888888888888
8 0.881640625 0.7715277777777778 0.01015625 0.03194444444444444
5 0.8796875 0.7548611111111111 0.00625 0.004166666666666667
0 0.976171875 0.7847222222222222 0.04609375 0.225
0 0.797265625 0.7159722222222222 0.06328125 0.1625
0 0.499609375 0.6722222222222223 0.04765625 0.125
1 0.01796875 0.7013888888888888 0.0359375 0.10277777777777777
1 0.01640625 0.7076388888888889 0.0328125 0.10694444444444444
1 0.965234375 0.6645833333333333 0.06796875 0.06805555555555555
2 0.94921875 0.6486111111111111 0.03125 0.016666666666666666
2 0.980859375 0.6513888888888889 0.03359375 0.013888888888888888
2 0.997265625 0.6986111111111111 0.00234375 0.0
2 0.9515625 0.6486111111111111 0.015625 0.013888888888888888
2 0.966796875 0.6416666666666667 0.01328125 0.0
2 0.96171875 0.6493055555555556 0.015625 0.0125
2 0.978125 0.6430555555555556 0.015625 0.0
1 0.88671875 0.6805555555555556 0.06875 0.09444444444444444
2 0.88203125 0.6430555555555556 0.0046875 0.0
2 0.900390625 0.6611111111111111 0.03359375 0.027777777777777776
2 0.898828125 0.6965277777777777 0.03828125 0.03194444444444444
2 0.8859375 0.6444444444444445 0.0125 0.0
2 0.883984375 0.6472222222222223 0.00859375 0.002777777777777778
2 0.896875 0.6458333333333334 0.015625 0.0
1 0.9703125 0.6923611111111111 0.0578125 0.09583333333333334
2 0.961328125 0.6569444444444444 0.03359375 0.002777777777777778
2 0.98984375 0.6770833333333334 0.01875 0.03194444444444444
2 0.978515625 0.7166666666666667 0.04140625 0.03611111111111111
2 0.966796875 0.6590277777777778 0.01796875 0.001388888888888889
2 0.983984375 0.6576388888888889 0.01484375 0.001388888888888889
2 0.97890625 0.6611111111111111 0.021875 0.002777777777777778
2 0.9890625 0.6597222222222222 0.0046875 0.0
1 0.853515625 0.6805555555555556 0.06796875 0.09166666666666666
2 0.825390625 0.6930555555555555 0.00546875 0.025
2 0.837890625 0.6576388888888889 0.03046875 0.02638888888888889
2 0.867578125 0.6625 0.03203125 0.027777777777777776
2 0.86796875 0.6979166666666666 0.0328125 0.03194444444444444
2 0.85234375 0.6458333333333334 0.0015625 0.0
2 0.85234375 0.6479166666666667 0.0015625 0.001388888888888889
1 0.946484375 0.6979166666666666 0.08046875 0.10416666666666667
2 0.9203125 0.7131944444444445 0.021875 0.03194444444444444
2 0.93203125 0.6979166666666666 0.0140625 0.001388888888888889
2 0.92734375 0.6722222222222223 0.0359375 0.030555555555555555
2 0.96328125 0.6784722222222223 0.0390625 0.03194444444444444
2 0.95234375 0.7180555555555556 0.0625 0.03888888888888889
2 0.9296875 0.675 0.01875 0.030555555555555555
2 0.947265625 0.6590277777777778 0.01484375 0.001388888888888889
2 0.943359375 0.6770833333333334 0.02265625 0.03194444444444444
2 0.953515625 0.6618055555555555 0.01171875 0.001388888888888889
2 0.64140625 0.6958333333333333 0.0046875 0.027777777777777776
2 0.68203125 0.7055555555555556 0.0484375 0.03333333333333333
2 0.723828125 0.7055555555555556 0.03359375 0.030555555555555555
2 0.68203125 0.6763888888888889 0.0484375 0.03333333333333333
2 0.723828125 0.6770833333333334 0.03359375 0.029166666666666667
2 0.68203125 0.6486111111111111 0.0484375 0.03333333333333333
2 0.715625 0.6472222222222223 0.05 0.03333333333333333
5 0.65390625 0.8638888888888889 0.090625 0.03611111111111111
5 0.65390625 0.88125 0.090625 0.03194444444444444
5 0.65390625 0.8930555555555556 0.090625 0.03333333333333333
5 0.65390625 0.9090277777777778 0.090625 0.03194444444444444
5 0.65390625 0.9361111111111111 0.090625 0.03611111111111111
5 0.65390625 0.9208333333333333 0.090625 0.03611111111111111
5 0.65390625 0.9645833333333333 0.090625 0.034722222222222224
5 0.65390625 0.9493055555555555 0.090625 0.034722222222222224
5 0.741015625 0.8840277777777777 0.08359375 0.03194444444444444
5 0.74140625 0.8979166666666667 0.0828125 0.03194444444444444
5 0.741015625 0.9263888888888889 0.08359375 0.03333333333333333
5 0.74140625 0.9125 0.0828125 0.03333333333333333
5 0.74140625 0.9548611111111112 0.0828125 0.03194444444444444
5 0.74140625 0.9388888888888889 0.0828125 0.03333333333333333
5 0.737890625 0.8722222222222222 0.08984375 0.030555555555555555
5 0.737109375 0.85625 0.09140625 0.034722222222222224
5 0.81875 0.8743055555555556 0.0703125 0.029166666666666667
5 0.81875 0.8881944444444444 0.0703125 0.03194444444444444
5 0.818359375 0.9159722222222222 0.07109375 0.03194444444444444
5 0.81875 0.9020833333333333 0.0703125 0.03194444444444444
5 0.81875 0.9416666666666667 0.0703125 0.03333333333333333
5 0.805859375 0.9277777777777778 0.04609375 0.03333333333333333
5 0.01796875 0.8576388888888888 0.0359375 0.02361111111111111
5 0.01875 0.8694444444444445 0.0375 0.025
5 0.81640625 0.8625 0.075 0.030555555555555555
5 0.81640625 0.8493055555555555 0.075 0.029166666666666667
5 0.81640625 0.7701388888888889 0.075 0.02361111111111111
5 0.81640625 0.7840277777777778 0.075 0.02638888888888889
5 0.80390625 0.8118055555555556 0.05 0.02638888888888889
5 0.81640625 0.7979166666666667 0.075 0.02638888888888889
5 0.81640625 0.8375 0.075 0.027777777777777776
5 0.81640625 0.8236111111111111 0.075 0.027777777777777776
5 0.01796875 0.8493055555555555 0.0359375 0.02361111111111111
5 0.01875 0.8381944444444445 0.0375 0.02361111111111111
5 0.81640625 0.7590277777777777 0.075 0.02361111111111111
5 0.81640625 0.74375 0.075 0.02638888888888889
