3 0.499609375 0.8277777777777777 0.99921875 0.3416666666666667
8 0.57578125 0.9708333333333333 0.103125 0.05555555555555555
5 0.548828125 0.7048611111111112 0.04453125 0.0125
5 0.548828125 0.7048611111111112 0.04453125 0.0125
5 0.548828125 0.7048611111111112 0.04453125 0.0125
5 0.549609375 0.69375 0.04296875 0.015277777777777777
5 0.549609375 0.69375 0.04296875 0.015277777777777777
5 0.549609375 0.69375 0.04296875 0.015277777777777777
5 0.548828125 0.7138888888888889 0.04453125 0.011111111111111112
5 0.548828125 0.7138888888888889 0.04453125 0.011111111111111112
5 0.548828125 0.7138888888888889 0.04453125 0.011111111111111112
5 0.58828125 0.7201388888888889 0.01875 0.009722222222222222
5 0.58828125 0.7201388888888889 0.01875 0.009722222222222222
5 0.58828125 0.7201388888888889 0.01875 0.009722222222222222
5 0.588671875 0.7111111111111111 0.01953125 0.011111111111111112
5 0.588671875 0.7111111111111111 0.01953125 0.011111111111111112
5 0.588671875 0.7111111111111111 0.01953125 0.011111111111111112
5 0.5890625 0.7013888888888888 0.0203125 0.011111111111111112
5 0.5890625 0.7013888888888888 0.0203125 0.011111111111111112
5 0.5890625 0.7013888888888888 0.0203125 0.011111111111111112
5 0.59453125 0.6881944444444444 0.03125 0.015277777777777777
5 0.59453125 0.6881944444444444 0.03125 0.015277777777777777
5 0.59453125 0.6881944444444444 0.03125 0.015277777777777777
6 0.425 0.7638888888888888 0.0625 0.08611111111111111
6 0.481640625 0.7361111111111112 0.03984375 0.06666666666666667
6 0.42578125 0.6930555555555555 0.0640625 0.08611111111111111
6 0.453515625 0.7513888888888889 0.04765625 0.08611111111111111
6 0.212109375 0.8145833333333333 0.07734375 0.09583333333333334
6 0.15 0.8451388888888889 0.06875 0.11805555555555555
7 0.275 0.775 0.0390625 0.019444444444444445
7 0.1078125 0.8305555555555556 0.0140625 0.025
7 0.1046875 0.6694444444444444 0.0078125 0.008333333333333333
7 0.01171875 0.68125 0.0234375 0.0125
8 0.015234375 0.9 0.03046875 0.03611111111111111
5 0.015234375 0.8763888888888889 0.03046875 0.027777777777777776
8 0.001953125 0.8625 0.00390625 0.005555555555555556
8 0.2515625 0.8319444444444445 0.0 0.0
8 0.276171875 0.80625 0.03515625 0.0375
5 0.27265625 0.7881944444444444 0.0328125 0.020833333333333332
8 0.290625 0.7847222222222222 0.0625 0.013888888888888888
5 0.289453125 0.7791666666666667 0.05546875 0.019444444444444445
8 0.323828125 0.7805555555555556 0.06015625 0.025
5 0.323046875 0.7701388888888889 0.05390625 0.018055555555555554
8 0.3359375 0.8083333333333333 0.0640625 0.041666666666666664
5 0.33515625 0.7888888888888889 0.0578125 0.019444444444444445
8 0.36875 0.7979166666666667 0.0625 0.04027777777777778
5 0.36796875 0.7791666666666667 0.05625 0.019444444444444445
8 0.307421875 0.81875 0.06640625 0.043055555555555555
5 0.30703125 0.7993055555555556 0.059375 0.020833333333333332
8 0.282421875 0.83125 0.04453125 0.04583333333333333
5 0.279296875 0.8104166666666667 0.04140625 0.02361111111111111
8 0.8890625 0.8388888888888889 0.071875 0.04722222222222222
5 0.887890625 0.8173611111111111 0.06484375 0.020833333333333332
8 0.905078125 0.8270833333333333 0.06953125 0.04583333333333333
5 0.904296875 0.8069444444444445 0.06328125 0.022222222222222223
8 0.878125 0.8527777777777777 0.0734375 0.05
5 0.876171875 0.8305555555555556 0.06796875 0.025
8 0.8609375 0.8673611111111111 0.0734375 0.05138888888888889
5 0.85859375 0.8444444444444444 0.06875 0.027777777777777776
8 0.8375 0.80625 0.0671875 0.02638888888888889
5 0.836328125 0.7972222222222223 0.06015625 0.019444444444444445
8 0.819140625 0.8145833333333333 0.06953125 0.020833333333333332
5 0.81796875 0.8055555555555556 0.0625 0.019444444444444445
8 0.80546875 0.8354166666666667 0.071875 0.04027777777777778
5 0.801171875 0.8173611111111111 0.05859375 0.02361111111111111
8 0.78046875 0.8513888888888889 0.065625 0.04722222222222222
5 0.781640625 0.8298611111111112 0.06328125 0.02638888888888889
8 0.740234375 0.9423611111111111 0.07265625 0.07083333333333333
5 0.737890625 0.9145833333333333 0.06796875 0.04027777777777778
8 0.8 0.9597222222222223 0.0828125 0.075
5 0.8 0.93125 0.0734375 0.043055555555555555
8 0.675 0.9326388888888889 0.0703125 0.0625
5 0.67734375 0.9027777777777778 0.065625 0.03888888888888889
8 0.62421875 0.9145833333333333 0.0796875 0.06527777777777778
5 0.623828125 0.8888888888888888 0.07109375 0.03611111111111111
8 0.81484375 0.8895833333333333 0.08125 0.06805555555555555
5 0.8140625 0.8701388888888889 0.0734375 0.03194444444444444
8 0.796875 0.8965277777777778 0.0859375 0.04583333333333333
5 0.795703125 0.8888888888888888 0.07734375 0.03333333333333333
8 0.721875 0.9013888888888889 0.075 0.06111111111111111
5 0.721484375 0.8791666666666667 0.06640625 0.03333333333333333
8 0.666796875 0.8881944444444444 0.07421875 0.05694444444444444
5 0.66171875 0.8659722222222223 0.0546875 0.03194444444444444
0 0.190625 0.875 0.1609375 0.24722222222222223
0 0.5125 0.8048611111111111 0.1265625 0.24583333333333332
0 0.635546875 0.6888888888888889 0.07421875 0.14444444444444443
1 0.2828125 0.65625 0.0640625 0.08472222222222223
1 0.259375 0.6604166666666667 0.065625 0.0875
1 0.236328125 0.6513888888888889 0.06171875 0.08333333333333333
1 0.21875 0.6548611111111111 0.05 0.08472222222222223
1 0.208203125 0.6486111111111111 0.02890625 0.07777777777777778
1 0.16953125 0.6513888888888889 0.0609375 0.08055555555555556
1 0.13125 0.6319444444444444 0.0453125 0.07222222222222222
1 0.015234375 0.6895833333333333 0.03046875 0.09583333333333334
1 0.00859375 0.6881944444444444 0.0171875 0.09305555555555556
1 0.989453125 0.8451388888888889 0.01953125 0.16805555555555557
2 0.991796875 0.8020833333333334 0.01484375 0.05416666666666667
2 0.991796875 0.8694444444444445 0.01484375 0.06388888888888888
2 0.99765625 0.7652777777777777 0.003125 0.002777777777777778
2 0.994921875 0.7701388888888889 0.00859375 0.004166666666666667
2 0.3734375 0.9875 0.10625 0.022222222222222223
2 0.95859375 0.7645833333333333 0.0171875 0.05138888888888889
2 0.863671875 0.7743055555555556 0.04453125 0.04583333333333333
2 0.918359375 0.7777777777777778 0.06328125 0.04722222222222222
2 0.863671875 0.7354166666666667 0.04453125 0.043055555555555555
2 0.918359375 0.7402777777777778 0.06328125 0.05
2 0.86796875 0.69375 0.053125 0.05138888888888889
2 0.918359375 0.6986111111111111 0.06328125 0.05277777777777778
5 0.00078125 0.7590277777777777 0.0015625 0.006944444444444444
5 0.0 0.7666666666666667 0.0 0.005555555555555556
5 0.00078125 0.7513888888888889 0.0015625 0.005555555555555556
5 0.0 0.7451388888888889 0.0 0.006944444444444444
