3 0.473828125 0.8597222222222223 0.94765625 0.2777777777777778
4 0.433203125 0.8298611111111112 0.01171875 0.08472222222222223
4 0.48046875 0.8798611111111111 0.046875 0.10694444444444444
4 0.538671875 0.9166666666666666 0.01484375 0.11388888888888889
4 0.5703125 0.94375 0.046875 0.10972222222222222
4 0.658203125 0.9694444444444444 0.00546875 0.058333333333333334
4 0.68828125 0.9944444444444445 0.0078125 0.008333333333333333
8 0.76328125 0.9972222222222222 0.0125 0.002777777777777778
5 0.3109375 0.7361111111111112 0.053125 0.013888888888888888
5 0.3109375 0.7361111111111112 0.053125 0.013888888888888888
5 0.3109375 0.7361111111111112 0.053125 0.013888888888888888
5 0.3109375 0.7243055555555555 0.053125 0.015277777777777777
5 0.3109375 0.7243055555555555 0.053125 0.015277777777777777
5 0.3109375 0.7243055555555555 0.053125 0.015277777777777777
5 0.3109375 0.7465277777777778 0.053125 0.0125
5 0.3109375 0.7465277777777778 0.053125 0.0125
5 0.3109375 0.7465277777777778 0.053125 0.0125
5 0.381640625 0.7423611111111111 0.05234375 0.0125
5 0.381640625 0.7423611111111111 0.05234375 0.0125
5 0.381640625 0.7423611111111111 0.05234375 0.0125
5 0.381640625 0.7326388888888888 0.05234375 0.0125
5 0.381640625 0.7326388888888888 0.05234375 0.0125
5 0.381640625 0.7326388888888888 0.05234375 0.0125
5 0.381640625 0.7229166666666667 0.05234375 0.0125
5 0.381640625 0.7229166666666667 0.05234375 0.0125
5 0.381640625 0.7229166666666667 0.05234375 0.0125
5 0.381640625 0.7104166666666667 0.05234375 0.015277777777777777
5 0.381640625 0.7104166666666667 0.05234375 0.015277777777777777
5 0.381640625 0.7104166666666667 0.05234375 0.015277777777777777
6 0.51171875 0.7618055555555555 0.0453125 0.06805555555555555
6 0.4796875 0.7486111111111111 0.046875 0.075
6 0.51796875 0.6979166666666666 0.059375 0.0875
6 0.49375 0.7569444444444444 0.0453125 0.07777777777777778
6 0.595703125 0.8319444444444445 0.08828125 0.11944444444444445
6 0.663671875 0.8465277777777778 0.09765625 0.11805555555555555
7 0.374609375 0.9694444444444444 0.06640625 0.058333333333333334
7 0.348046875 0.825 0.06953125 0.022222222222222223
7 0.414453125 0.8972222222222223 0.08828125 0.03333333333333333
8 0.6453125 0.9284722222222223 0.0140625 0.05138888888888889
5 0.678515625 0.9069444444444444 0.05546875 0.019444444444444445
8 0.612109375 0.9520833333333333 0.08515625 0.08472222222222223
5 0.615234375 0.9236111111111112 0.07890625 0.041666666666666664
8 0.50078125 0.8472222222222222 0.0671875 0.05555555555555555
5 0.501953125 0.8277777777777777 0.06484375 0.019444444444444445
8 0.484375 0.8333333333333334 0.0640625 0.05277777777777778
5 0.4859375 0.8152777777777778 0.0609375 0.019444444444444445
8 0.471875 0.8236111111111111 0.06875 0.05
5 0.47109375 0.80625 0.0625 0.018055555555555554
8 0.45859375 0.8138888888888889 0.065625 0.044444444444444446
5 0.4578125 0.7958333333333333 0.059375 0.016666666666666666
8 0.51171875 0.8034722222222223 0.009375 0.0125
5 0.530859375 0.8006944444444445 0.04140625 0.015277777777777777
8 0.50078125 0.7965277777777777 0.0171875 0.018055555555555554
5 0.5234375 0.7923611111111111 0.05625 0.015277777777777777
8 0.5390625 0.8298611111111112 0.021875 0.029166666666666667
5 0.53984375 0.8097222222222222 0.0234375 0.013888888888888888
8 0.5484375 0.84375 0.0046875 0.034722222222222224
5 0.548828125 0.8215277777777777 0.00546875 0.0125
5 0.855859375 0.7375 0.00546875 0.002777777777777778
8 0.803125 0.7347222222222223 0.0 0.0
5 0.8515625 0.7347222222222223 0.003125 0.002777777777777778
5 0.89375 0.74375 0.00625 0.001388888888888889
8 0.77578125 0.7520833333333333 0.0375 0.03194444444444444
5 0.78125 0.7381944444444445 0.04375 0.009722222222222222
8 0.7890625 0.7583333333333333 0.025 0.03333333333333333
5 0.790625 0.7444444444444445 0.0234375 0.011111111111111112
8 0.799609375 0.7548611111111111 0.00390625 0.015277777777777777
5 0.80078125 0.7486111111111111 0.0015625 0.005555555555555556
8 0.943359375 0.8194444444444444 0.00703125 0.019444444444444445
5 0.943359375 0.7944444444444444 0.00703125 0.002777777777777778
5 0.94296875 0.7631944444444444 0.00625 0.004166666666666667
5 0.94296875 0.7805555555555556 0.00625 0.002777777777777778
0 0.8453125 0.7423611111111111 0.0890625 0.19305555555555556
0 0.4953125 0.69375 0.0421875 0.1375
1 0.915625 0.7006944444444444 0.0671875 0.09583333333333334
2 0.894921875 0.7041666666666667 0.00078125 0.0
2 0.9 0.6631944444444444 0.0203125 0.001388888888888889
2 0.9359375 0.6819444444444445 0.0265625 0.030555555555555555
2 0.92265625 0.7201388888888889 0.053125 0.034722222222222224
2 0.917578125 0.6638888888888889 0.01484375 0.0
2 0.91875 0.6666666666666666 0.0171875 0.0
2 0.9296875 0.6652777777777777 0.0140625 0.0
1 0.88515625 0.6993055555555555 0.075 0.09305555555555556
2 0.8609375 0.7173611111111111 0.021875 0.029166666666666667
2 0.871484375 0.7034722222222223 0.01015625 0.001388888888888889
2 0.862890625 0.6784722222222223 0.02578125 0.029166666666666667
2 0.895703125 0.6833333333333333 0.02890625 0.030555555555555555
2 0.888671875 0.7222222222222222 0.04453125 0.03611111111111111
2 0.870703125 0.6805555555555556 0.01015625 0.030555555555555555
2 0.883203125 0.6652777777777777 0.01484375 0.0
2 0.876953125 0.68125 0.01328125 0.029166666666666667
2 0.89453125 0.6666666666666666 0.009375 0.0
1 0.94765625 0.7083333333333334 0.003125 0.08611111111111111
2 0.95 0.7451388888888889 0.0 0.0125
2 0.651953125 0.7215277777777778 0.01171875 0.03194444444444444
2 0.699609375 0.73125 0.04921875 0.0375
2 0.743359375 0.73125 0.03671875 0.03194444444444444
2 0.699609375 0.7006944444444444 0.04921875 0.034722222222222224
2 0.74296875 0.7 0.0375 0.030555555555555555
2 0.69921875 0.66875 0.0484375 0.034722222222222224
2 0.733984375 0.6673611111111111 0.05546875 0.034722222222222224
5 0.696875 0.9076388888888889 0.1140625 0.04583333333333333
5 0.697265625 0.9291666666666667 0.11484375 0.041666666666666664
5 0.697265625 0.9444444444444444 0.11484375 0.041666666666666664
5 0.697265625 0.9631944444444445 0.11484375 0.043055555555555555
5 0.697265625 0.9861111111111112 0.11484375 0.025
5 0.697265625 0.9770833333333333 0.11484375 0.043055555555555555
5 0.681640625 0.9951388888888889 0.08359375 0.006944444444444444
5 0.8046875 0.9326388888888889 0.1 0.04027777777777778
5 0.8046875 0.95 0.1 0.041666666666666664
5 0.805078125 0.9805555555555555 0.10078125 0.03611111111111111
5 0.805078125 0.9673611111111111 0.10078125 0.043055555555555555
5 0.773046875 0.9965277777777778 0.03515625 0.004166666666666667
5 0.80546875 0.9881944444444445 0.1 0.020833333333333332
5 0.7984375 0.9173611111111111 0.1125 0.0375
5 0.797265625 0.8965277777777778 0.11484375 0.043055555555555555
5 0.90234375 0.9201388888888888 0.096875 0.0375
5 0.903125 0.9361111111111111 0.0953125 0.03888888888888889
5 0.903515625 0.9694444444444444 0.09609375 0.041666666666666664
5 0.903515625 0.9534722222222223 0.09609375 0.04027777777777778
5 0.90390625 0.9888888888888889 0.0953125 0.019444444444444445
5 0.903125 0.98125 0.096875 0.034722222222222224
5 0.89765625 0.9048611111111111 0.10625 0.0375
5 0.89765625 0.8881944444444444 0.10625 0.034722222222222224
5 0.896875 0.7916666666666666 0.10625 0.030555555555555555
5 0.896875 0.8076388888888889 0.10625 0.03194444444444444
5 0.897265625 0.8423611111111111 0.10703125 0.03194444444444444
5 0.896875 0.8256944444444444 0.10625 0.03194444444444444
5 0.897265625 0.8736111111111111 0.10703125 0.03611111111111111
5 0.897265625 0.8569444444444444 0.10703125 0.03333333333333333
5 0.896875 0.7770833333333333 0.10625 0.029166666666666667
5 0.896875 0.7597222222222222 0.10625 0.030555555555555555
