5 0.21015625 0.7909722222222222 0.0453125 0.018055555555555554
2 0.712890625 0.9673611111111111 0.01484375 0.0625
5 0.540625 0.6611111111111111 0.0328125 0.008333333333333333
7 0.506640625 0.9597222222222223 0.07890625 0.041666666666666664
5 0.7046875 0.74375 0.0359375 0.015277777777777777
7 0.465625 0.9881944444444445 0.0875 0.020833333333333332
2 0.8984375 0.69375 0.0 0.02361111111111111
5 0.733984375 0.7118055555555556 0.03203125 0.0125
8 0.757421875 0.7104166666666667 0.00390625 0.015277777777777777
7 0.319921875 0.70625 0.00234375 0.009722222222222222
8 0.390625 0.7375 0.0265625 0.030555555555555555
2 0.874609375 0.73125 0.03828125 0.04027777777777778
5 0.089453125 0.7138888888888889 0.04296875 0.011111111111111112
5 0.4046875 0.7083333333333334 0.03125 0.008333333333333333
5 0.66796875 0.7395833333333334 0.0359375 0.0125
5 0.26328125 0.8076388888888889 0.059375 0.020833333333333332
8 0.6921875 0.8305555555555556 0.0578125 0.03888888888888889
8 0.3875 0.7013888888888888 0.04375 0.008333333333333333
5 0.26328125 0.7645833333333333 0.059375 0.018055555555555554
2 0.87734375 0.68125 0.034375 0.03194444444444444
2 0.786328125 0.6333333333333333 0.03671875 0.03333333333333333
5 0.01171875 0.7055555555555556 0.0078125 0.008333333333333333
5 0.540625 0.6458333333333334 0.0328125 0.008333333333333333
2 0.74921875 0.6583333333333333 0.0359375 0.030555555555555555
2 0.66484375 0.9118055555555555 0.1109375 0.09583333333333334
2 0.89765625 0.6972222222222222 0.0 0.022222222222222223
5 0.6765625 0.8298611111111112 0.0578125 0.02361111111111111
8 0.40390625 0.7236111111111111 0.0328125 0.027777777777777776
8 0.67734375 0.8340277777777778 0.0640625 0.029166666666666667
2 0.914453125 0.6506944444444445 0.01328125 0.001388888888888889
1 0.0640625 0.6541666666666667 0.0453125 0.08333333333333333
5 0.26328125 0.8243055555555555 0.059375 0.020833333333333332
2 0.80859375 0.6777777777777778 0.00625 0.03333333333333333
6 0.348828125 0.7284722222222222 0.05546875 0.07361111111111111
2 0.7859375 0.6861111111111111 0.0375 0.030555555555555555
5 0.26328125 0.7305555555555555 0.059375 0.016666666666666666
7 0.008203125 0.6548611111111111 0.00234375 0.006944444444444444
1 0.875 0.7118055555555556 0.04375 0.11527777777777778
5 0.26328125 0.7895833333333333 0.059375 0.018055555555555554
8 0.612890625 0.8638888888888889 0.01484375 0.016666666666666666
5 0.26328125 0.75625 0.059375 0.018055555555555554
7 0.056640625 0.64375 0.02890625 0.004166666666666667
5 0.1546875 0.8055555555555556 0.0 0.008333333333333333
8 0.39921875 0.7298611111111111 0.0421875 0.029166666666666667
5 0.496875 0.6493055555555556 0.034375 0.009722222222222222
5 0.26328125 0.7479166666666667 0.059375 0.018055555555555554
5 0.388671875 0.725 0.02421875 0.013888888888888888
3 0.499609375 0.8118055555555556 0.99921875 0.3736111111111111
8 0.38515625 0.7083333333333334 0.015625 0.008333333333333333
2 0.86640625 0.6722222222222223 0.0171875 0.002777777777777778
2 0.93203125 0.6520833333333333 0.015625 0.001388888888888889
8 0.650390625 0.76875 0.03984375 0.03194444444444444
5 0.496484375 0.6569444444444444 0.03515625 0.008333333333333333
1 0.922265625 0.7152777777777778 0.04296875 0.11666666666666667
6 0.328515625 0.7458333333333333 0.04140625 0.08055555555555556
5 0.0578125 0.7027777777777777 0.03125 0.011111111111111112
2 0.75 0.6305555555555555 0.0375 0.03333333333333333
8 0.76640625 0.78125 0.0421875 0.04027777777777778
2 0.91640625 0.6486111111111111 0.015625 0.002777777777777778
5 0.089453125 0.6958333333333333 0.04296875 0.011111111111111112
5 0.23125 0.7631944444444444 0.003125 0.004166666666666667
1 0.923828125 0.6513888888888889 0.03671875 0.03333333333333333
5 0.08984375 0.7027777777777777 0.0421875 0.011111111111111112
5 0.21015625 0.825 0.0453125 0.019444444444444445
8 0.378515625 0.7125 0.00234375 0.002777777777777778
4 0.075 0.6881944444444444 0.0015625 0.04027777777777778
2 0.7859375 0.6604166666666667 0.0375 0.03194444444444444
8 0.66796875 0.7527777777777778 0.040625 0.03333333333333333
8 0.094921875 0.8215277777777777 0.05234375 0.05416666666666667
5 0.416015625 0.7013888888888888 0.01953125 0.008333333333333333
2 0.921484375 0.7354166666666667 0.03671875 0.04027777777777778
5 0.154296875 0.7777777777777778 0.00078125 0.011111111111111112
5 0.0265625 0.7 0.0375 0.008333333333333333
5 0.26328125 0.7388888888888889 0.059375 0.016666666666666666
2 0.874609375 0.6458333333333334 0.01484375 0.002777777777777778
5 0.26328125 0.8166666666666667 0.059375 0.019444444444444445
8 0.231640625 0.7826388888888889 0.00234375 0.009722222222222222
5 0.383203125 0.70625 0.01328125 0.009722222222222222
5 0.26328125 0.7986111111111112 0.059375 0.019444444444444445
1 0.255078125 0.6229166666666667 0.05546875 0.07083333333333333
5 0.766015625 0.7666666666666667 0.03671875 0.019444444444444445
6 0.461328125 0.6381944444444444 0.03671875 0.05416666666666667
2 0.923828125 0.6708333333333333 0.03515625 0.005555555555555556
8 0.73671875 0.7201388888888889 0.0375 0.020833333333333332
2 0.922265625 0.6951388888888889 0.03671875 0.034722222222222224
1 0.269921875 0.6194444444444445 0.05390625 0.06944444444444445
4 0.230078125 0.7333333333333333 0.00546875 0.044444444444444446
5 0.790234375 0.7027777777777777 0.03828125 0.011111111111111112
1 0.881640625 0.6826388888888889 0.03828125 0.10138888888888889
2 0.941796875 0.9652777777777778 0.11484375 0.06666666666666667
5 0.234765625 0.7722222222222223 0.01015625 0.013888888888888888
5 0.540625 0.6541666666666667 0.0328125 0.008333333333333333
2 0.8796875 0.6576388888888889 0.03125 0.015277777777777777
0 0.580078125 0.6305555555555555 0.04296875 0.09444444444444444
5 0.21015625 0.8083333333333333 0.0453125 0.019444444444444445
5 0.690234375 0.8145833333333333 0.05390625 0.020833333333333332
5 0.005078125 0.8576388888888888 0.01015625 0.0125
2 0.871484375 0.6479166666666667 0.01171875 0.001388888888888889
5 0.3765625 0.7118055555555556 0.0 0.004166666666666667
5 0.780078125 0.7159722222222222 0.03984375 0.0125
2 0.74921875 0.68125 0.0359375 0.02638888888888889
8 0.72578125 0.7763888888888889 0.0421875 0.03888888888888889
4 0.045703125 0.8152777777777778 0.00703125 0.075
8 0.028515625 0.8909722222222223 0.05703125 0.059722222222222225
5 0.6515625 0.7527777777777778 0.0375 0.016666666666666666
2 0.64609375 0.9395833333333333 0.1171875 0.10416666666666667
5 0.154296875 0.7854166666666667 0.00078125 0.0125
5 0.21015625 0.7743055555555556 0.0453125 0.018055555555555554
5 0.1546875 0.8194444444444444 0.0 0.002777777777777778
2 0.696484375 0.9819444444444444 0.01640625 0.03333333333333333
5 0.725 0.71875 0.040625 0.0125
2 0.867578125 0.6694444444444444 0.01796875 0.002777777777777778
5 0.154296875 0.7694444444444445 0.00078125 0.011111111111111112
8 0.423828125 0.7145833333333333 0.03828125 0.02361111111111111
2 0.932421875 0.6736111111111112 0.01640625 0.002777777777777778
5 0.620703125 0.8638888888888889 0.02421875 0.019444444444444445
5 0.54140625 0.6375 0.034375 0.011111111111111112
8 0.725390625 0.7270833333333333 0.04453125 0.020833333333333332
2 0.932421875 0.6493055555555556 0.01484375 0.001388888888888889
2 0.68203125 0.8868055555555555 0.1046875 0.0875
7 0.00390625 0.8215277777777777 0.0078125 0.0125
5 0.540625 0.8743055555555556 0.059375 0.029166666666666667
8 0.791796875 0.7152777777777778 0.03984375 0.027777777777777776
2 0.89453125 0.7222222222222222 0.0 0.025
5 0.08984375 0.7076388888888889 0.0421875 0.009722222222222222
5 0.26328125 0.7027777777777777 0.059375 0.019444444444444445
5 0.26328125 0.7138888888888889 0.059375 0.016666666666666666
7 0.230078125 0.74375 0.02109375 0.0125
5 0.69375 0.7576388888888889 0.0296875 0.018055555555555554
2 0.947265625 0.9125 0.10390625 0.06944444444444445
8 0.756640625 0.7444444444444445 0.04609375 0.025
2 0.6140625 0.8388888888888889 0.0640625 0.06666666666666667
2 0.924609375 0.6458333333333334 0.03046875 0.002777777777777778
2 0.88828125 0.6493055555555556 0.0140625 0.001388888888888889
5 0.0578125 0.7097222222222223 0.03125 0.011111111111111112
5 0.26328125 0.7208333333333333 0.059375 0.016666666666666666
1 0.229296875 0.6173611111111111 0.04453125 0.06805555555555555
8 0.803125 0.7194444444444444 0.0046875 0.025
5 0.21015625 0.7819444444444444 0.0453125 0.019444444444444445
7 0.033984375 0.7166666666666667 0.04296875 0.013888888888888888
8 0.780859375 0.7284722222222222 0.04453125 0.029166666666666667
8 0.75859375 0.7083333333333334 0.0046875 0.013888888888888888
5 0.1546875 0.7965277777777777 0.0 0.006944444444444444
5 0.26328125 0.7729166666666667 0.059375 0.018055555555555554
5 0.397265625 0.7173611111111111 0.04140625 0.0125
8 0.704296875 0.7576388888888889 0.03828125 0.034722222222222224
5 0.1546875 0.8138888888888889 0.0 0.005555555555555556
6 0.489453125 0.675 0.03671875 0.058333333333333334
5 0.725 0.7604166666666666 0.0375 0.018055555555555554
1 0.105078125 0.6 0.03046875 0.05555555555555555
2 0.88515625 0.6840277777777778 0.0171875 0.029166666666666667
6 0.480859375 0.6819444444444445 0.02734375 0.06111111111111111
5 0.21015625 0.8166666666666667 0.0453125 0.019444444444444445
5 0.755859375 0.7368055555555556 0.04140625 0.0125
5 0.17265625 0.7576388888888889 0.0375 0.018055555555555554
1 0.201171875 0.6097222222222223 0.01640625 0.05277777777777778
8 0.008203125 0.8743055555555556 0.01328125 0.04027777777777778
5 0.774609375 0.7236111111111111 0.03828125 0.013888888888888888
7 0.1171875 0.7708333333333334 0.0078125 0.013888888888888888
1 0.1734375 0.6159722222222223 0.040625 0.06527777777777778
5 0.745703125 0.6986111111111111 0.03046875 0.011111111111111112
7 0.091796875 0.8840277777777777 0.06015625 0.03194444444444444
2 0.91328125 0.6756944444444445 0.0171875 0.004166666666666667
7 0.011328125 0.6493055555555556 0.00859375 0.009722222222222222
8 0.689453125 0.7722222222222223 0.04140625 0.03888888888888889
8 0.5953125 0.8909722222222223 0.0171875 0.034722222222222224
5 0.78515625 0.7076388888888889 0.0359375 0.009722222222222222
5 0.603515625 0.8833333333333333 0.02890625 0.022222222222222223
7 0.09296875 0.6402777777777777 0.0109375 0.002777777777777778
5 0.5609375 0.85625 0.05625 0.02638888888888889
5 0.7515625 0.7472222222222222 0.0421875 0.013888888888888888
1 0.21484375 0.6215277777777778 0.04375 0.06805555555555555
5 0.21015625 0.8 0.0453125 0.019444444444444445
0 0.444140625 0.7722222222222223 0.08828125 0.2
2 0.9140625 0.6736111111111112 0.0171875 0.005555555555555556
7 0.135546875 0.8604166666666667 0.03828125 0.02361111111111111
5 0.26328125 0.8333333333333334 0.059375 0.019444444444444445
8 0.776171875 0.7361111111111112 0.04140625 0.030555555555555555
2 0.687109375 0.9979166666666667 0.00078125 0.001388888888888889
2 0.555078125 0.8305555555555556 0.06796875 0.06388888888888888
2 0.883203125 0.6736111111111112 0.01484375 0.002777777777777778
5 0.496484375 0.6409722222222223 0.03515625 0.009722222222222222
8 0.559765625 0.8791666666666667 0.05859375 0.04722222222222222
8 0.234375 0.7854166666666667 0.0109375 0.009722222222222222
5 0.31953125 0.7201388888888889 0.0015625 0.006944444444444444
2 0.624609375 0.9569444444444445 0.12578125 0.08333333333333333
0 0.575 0.7069444444444445 0.0609375 0.15555555555555556
5 0.026171875 0.8708333333333333 0.05234375 0.030555555555555555
2 0.923046875 0.6604166666666667 0.03203125 0.015277777777777777
4 0.09921875 0.7944444444444444 0.0046875 0.06111111111111111
5 0.210546875 0.7638888888888888 0.04609375 0.022222222222222223
2 0.883203125 0.65625 0.03046875 0.029166666666666667
8 0.752734375 0.7576388888888889 0.04453125 0.034722222222222224
2 0.931640625 0.68125 0.01796875 0.0125
6 0.460546875 0.6881944444444444 0.03515625 0.05416666666666667
8 0.539453125 0.8979166666666667 0.06171875 0.04861111111111111
1 0.081640625 0.6555555555555556 0.06484375 0.08333333333333333
5 0.386328125 0.6993055555555555 0.03984375 0.0125
2 0.727734375 0.9479166666666666 0.01328125 0.0763888888888889
5 0.26328125 0.7819444444444444 0.059375 0.019444444444444445
8 0.654296875 0.7993055555555556 0.06640625 0.04027777777777778
2 0.890625 0.6597222222222222 0.015625 0.027777777777777776
2 0.873046875 0.6909722222222222 0.03515625 0.034722222222222224
5 0.7375 0.7034722222222223 0.0390625 0.009722222222222222
8 0.319921875 0.7347222222222223 0.00234375 0.019444444444444445
