3 0.499609375 0.8451388888888889 0.99921875 0.30694444444444446
4 0.5234375 0.7902777777777777 0.0109375 0.07222222222222222
4 0.596484375 0.825 0.00859375 0.08333333333333333
4 0.771875 0.8756944444444444 0.0109375 0.09861111111111111
4 0.86015625 0.9055555555555556 0.0171875 0.10833333333333334
4 0.945703125 0.9395833333333333 0.06484375 0.11805555555555555
4 0.069140625 0.8534722222222222 0.00546875 0.08194444444444444
4 0.126953125 0.8986111111111111 0.01171875 0.08055555555555556
4 0.23828125 0.9881944444444445 0.0046875 0.020833333333333332
8 0.93515625 0.9333333333333333 0.1109375 0.08888888888888889
5 0.284375 0.7173611111111111 0.053125 0.0125
5 0.284375 0.7173611111111111 0.053125 0.0125
5 0.284375 0.7173611111111111 0.053125 0.0125
5 0.284375 0.70625 0.053125 0.015277777777777777
5 0.284375 0.70625 0.053125 0.015277777777777777
5 0.284375 0.70625 0.053125 0.015277777777777777
5 0.284375 0.7263888888888889 0.053125 0.011111111111111112
5 0.284375 0.7263888888888889 0.053125 0.011111111111111112
5 0.284375 0.7263888888888889 0.053125 0.011111111111111112
5 0.346484375 0.7208333333333333 0.05078125 0.011111111111111112
5 0.346484375 0.7208333333333333 0.05078125 0.011111111111111112
5 0.346484375 0.7208333333333333 0.05078125 0.011111111111111112
5 0.346484375 0.7118055555555556 0.05078125 0.0125
5 0.346484375 0.7118055555555556 0.05078125 0.0125
5 0.346484375 0.7118055555555556 0.05078125 0.0125
5 0.346484375 0.7020833333333333 0.05078125 0.0125
5 0.346484375 0.7020833333333333 0.05078125 0.0125
5 0.346484375 0.7020833333333333 0.05078125 0.0125
5 0.346484375 0.6902777777777778 0.05078125 0.013888888888888888
5 0.346484375 0.6902777777777778 0.05078125 0.013888888888888888
5 0.346484375 0.6902777777777778 0.05078125 0.013888888888888888
6 0.53515625 0.7291666666666666 0.05625 0.05277777777777778
6 0.480859375 0.725 0.05078125 0.07222222222222222
6 0.5359375 0.6756944444444445 0.0578125 0.0763888888888889
6 0.509765625 0.725 0.04609375 0.06388888888888888
6 0.683984375 0.7784722222222222 0.00078125 0.08472222222222223
6 0.77109375 0.7902777777777777 0.009375 0.07777777777777778
7 0.818359375 0.9923611111111111 0.06953125 0.0125
7 0.56953125 0.8986111111111111 0.0625 0.044444444444444446
7 0.059375 0.9194444444444444 0.05 0.022222222222222223
7 0.413671875 0.7916666666666666 0.06171875 0.022222222222222223
7 0.54140625 0.8451388888888889 0.075 0.029166666666666667
6 0.305078125 0.9270833333333334 0.17421875 0.14305555555555555
6 0.068359375 0.9451388888888889 0.13671875 0.10694444444444444
6 0.1265625 0.8375 0.1078125 0.175
6 0.005078125 0.8534722222222222 0.01015625 0.1625
6 0.126171875 0.9527777777777777 0.10703125 0.09166666666666666
8 0.7859375 0.8631944444444445 0.0375 0.04861111111111111
5 0.785546875 0.8402777777777778 0.03828125 0.025
8 0.783203125 0.8777777777777778 0.03359375 0.05277777777777778
5 0.781640625 0.8520833333333333 0.03046875 0.02361111111111111
8 0.5734375 0.8048611111111111 0.0546875 0.043055555555555555
5 0.575 0.7854166666666667 0.0515625 0.018055555555555554
8 0.553515625 0.7951388888888888 0.06484375 0.04027777777777778
5 0.553515625 0.7770833333333333 0.05703125 0.018055555555555554
8 0.528515625 0.7875 0.06171875 0.03888888888888889
5 0.52890625 0.7701388888888889 0.05625 0.015277777777777777
8 0.50625 0.7784722222222222 0.0609375 0.0375
5 0.505859375 0.7618055555555555 0.05390625 0.015277777777777777
8 0.56328125 0.7805555555555556 0.021875 0.03888888888888889
5 0.577734375 0.7638888888888888 0.04609375 0.013888888888888888
8 0.55859375 0.7590277777777777 0.059375 0.009722222222222222
5 0.5578125 0.7569444444444444 0.053125 0.013888888888888888
8 0.58828125 0.7875 0.025 0.03888888888888889
5 0.58984375 0.7708333333333334 0.021875 0.013888888888888888
8 0.771875 0.7097222222222223 0.0015625 0.005555555555555556
5 0.7734375 0.7041666666666667 0.0140625 0.005555555555555556
5 0.76796875 0.7006944444444444 0.003125 0.001388888888888889
8 0.7734375 0.71875 0.003125 0.020833333333333332
5 0.776171875 0.7076388888888889 0.00390625 0.001388888888888889
8 0.771484375 0.7305555555555555 0.01015625 0.011111111111111112
5 0.772265625 0.7104166666666667 0.01171875 0.004166666666666667
8 0.772265625 0.7319444444444444 0.01171875 0.025
5 0.77265625 0.7180555555555556 0.0125 0.008333333333333333
8 0.9328125 0.7548611111111111 0.03125 0.015277777777777777
5 0.93125 0.7347222222222223 0.034375 0.005555555555555556
8 0.914453125 0.7555555555555555 0.05078125 0.03611111111111111
5 0.91484375 0.7402777777777778 0.046875 0.013888888888888888
8 0.8890625 0.7583333333333333 0.0578125 0.03611111111111111
5 0.88828125 0.7444444444444445 0.0515625 0.013888888888888888
8 0.875 0.7263888888888889 0.0296875 0.011111111111111112
5 0.87265625 0.7215277777777778 0.0296875 0.009722222222222222
8 0.9 0.7402777777777778 0.0453125 0.027777777777777776
5 0.896875 0.7277777777777777 0.0453125 0.011111111111111112
8 0.891015625 0.7479166666666667 0.02421875 0.029166666666666667
5 0.878515625 0.7319444444444444 0.04140625 0.011111111111111112
8 0.86640625 0.75 0.015625 0.027777777777777776
5 0.864453125 0.7368055555555556 0.01328125 0.009722222222222222
0 0.833203125 0.7090277777777778 0.11171875 0.16527777777777777
0 0.459765625 0.6715277777777777 0.05703125 0.12083333333333333
0 0.095703125 0.8909722222222223 0.19140625 0.2152777777777778
0 0.07265625 0.8770833333333333 0.1453125 0.24305555555555555
1 0.003125 0.7222222222222222 0.00625 0.1111111111111111
1 0.0 0.7652777777777777 0.0 0.008333333333333333
1 0.04140625 0.8868055555555555 0.0765625 0.2152777777777778
1 0.925390625 0.6534722222222222 0.06484375 0.0625
2 0.907421875 0.6381944444444444 0.02265625 0.015277777777777777
2 0.94140625 0.6409722222222223 0.0265625 0.015277777777777777
2 0.9421875 0.6798611111111111 0.025 0.009722222222222222
2 0.91328125 0.6395833333333333 0.0140625 0.015277777777777777
2 0.925390625 0.6319444444444444 0.00859375 0.0
2 0.925390625 0.6402777777777777 0.01640625 0.013888888888888888
2 0.9328125 0.6319444444444444 0.0046875 0.0
1 0.873046875 0.6604166666666667 0.06171875 0.07083333333333333
2 0.846875 0.6777777777777778 0.0046875 0.022222222222222223
2 0.85234375 0.6451388888888889 0.0171875 0.02361111111111111
2 0.888671875 0.6416666666666667 0.02578125 0.011111111111111112
2 0.8640625 0.6833333333333333 0.0125 0.0
2 0.860546875 0.6409722222222223 0.00546875 0.0125
2 0.86875 0.6347222222222222 0.0140625 0.0
2 0.86953125 0.6416666666666667 0.0140625 0.011111111111111112
2 0.883203125 0.6361111111111111 0.01171875 0.0
1 0.959375 0.6680555555555555 0.0453125 0.07222222222222222
2 0.948828125 0.6895833333333333 0.01796875 0.02638888888888889
2 0.95859375 0.6763888888888889 0.015625 0.0
2 0.951171875 0.6548611111111111 0.02265625 0.02638888888888889
2 0.9796875 0.6590277777777778 0.0046875 0.02638888888888889
2 0.967578125 0.6909722222222222 0.03046875 0.02638888888888889
2 0.96015625 0.65625 0.015625 0.02638888888888889
2 0.969921875 0.6430555555555556 0.01640625 0.0
2 0.971484375 0.6576388888888889 0.01328125 0.02638888888888889
2 0.9796875 0.6444444444444445 0.0046875 0.0
1 0.810546875 0.6652777777777777 0.06640625 0.07222222222222222
2 0.780859375 0.6722222222222223 0.00078125 0.0
2 0.791796875 0.6381944444444444 0.02421875 0.001388888888888889
2 0.79765625 0.6736111111111112 0.0125 0.002777777777777778
2 0.798046875 0.6395833333333333 0.01171875 0.001388888888888889
1 0.911328125 0.6833333333333333 0.07578125 0.09444444444444444
2 0.880078125 0.6847222222222222 0.00234375 0.0
2 0.8875 0.6472222222222223 0.021875 0.002777777777777778
2 0.930078125 0.6645833333333333 0.03203125 0.029166666666666667
2 0.919140625 0.7006944444444444 0.05546875 0.03194444444444444
2 0.899609375 0.6493055555555556 0.02109375 0.001388888888888889
2 0.9078125 0.6479166666666667 0.0109375 0.001388888888888889
2 0.914453125 0.6506944444444445 0.01015625 0.001388888888888889
2 0.91875 0.6486111111111111 0.0140625 0.0
1 0.78515625 0.6652777777777777 0.0375 0.06944444444444445
2 0.769140625 0.6736111111111112 0.00546875 0.0
2 0.77265625 0.6722222222222223 0.0125 0.0
2 0.77265625 0.6395833333333333 0.0125 0.001388888888888889
2 0.795703125 0.6548611111111111 0.01640625 0.02638888888888889
2 0.783984375 0.6868055555555556 0.03515625 0.02638888888888889
2 0.77109375 0.6527777777777778 0.009375 0.025
2 0.784375 0.6402777777777777 0.015625 0.0
2 0.779296875 0.6541666666666667 0.01015625 0.025
2 0.7953125 0.6416666666666667 0.0109375 0.0
1 0.884765625 0.6840277777777778 0.07578125 0.09305555555555556
2 0.86015625 0.6993055555555555 0.0203125 0.029166666666666667
2 0.869921875 0.6847222222222222 0.01640625 0.0
2 0.86484375 0.6625 0.03125 0.027777777777777776
2 0.903125 0.6659722222222222 0.0328125 0.029166666666666667
2 0.891015625 0.7027777777777777 0.05703125 0.03333333333333333
2 0.869921875 0.6638888888888889 0.01640625 0.027777777777777776
2 0.884765625 0.65 0.01171875 0.0
2 0.8828125 0.6652777777777777 0.0171875 0.027777777777777776
2 0.896875 0.6506944444444445 0.0109375 0.001388888888888889
2 0.58671875 0.6951388888888889 0.0265625 0.03194444444444444
2 0.60078125 0.6986111111111111 0.0 0.025
2 0.60078125 0.6722222222222223 0.0 0.025
2 0.60078125 0.6451388888888889 0.0 0.02638888888888889
5 0.853125 0.8298611111111112 0.090625 0.03194444444444444
5 0.853125 0.8458333333333333 0.090625 0.027777777777777776
5 0.853125 0.8583333333333333 0.090625 0.027777777777777776
5 0.853125 0.8715277777777778 0.090625 0.029166666666666667
5 0.853125 0.8986111111111111 0.090625 0.030555555555555555
5 0.853125 0.8854166666666666 0.090625 0.029166666666666667
5 0.853125 0.9243055555555556 0.090625 0.03194444444444444
5 0.853125 0.9104166666666667 0.090625 0.03194444444444444
5 0.92109375 0.8465277777777778 0.06875 0.02361111111111111
5 0.921484375 0.8590277777777777 0.06796875 0.02638888888888889
5 0.922265625 0.8861111111111111 0.06640625 0.025
5 0.92109375 0.8736111111111111 0.06875 0.025
5 0.92734375 0.9111111111111111 0.05625 0.025
5 0.92265625 0.8993055555555556 0.065625 0.02361111111111111
5 0.032421875 0.8868055555555555 0.03671875 0.03194444444444444
5 0.031640625 0.8923611111111112 0.02890625 0.0125
5 0.92109375 0.8340277777777778 0.06875 0.02638888888888889
5 0.911328125 0.81875 0.08828125 0.029166666666666667
5 0.97265625 0.8340277777777778 0.053125 0.02361111111111111
5 0.972265625 0.8451388888888889 0.05390625 0.02638888888888889
5 0.971875 0.8708333333333333 0.0546875 0.025
5 0.972265625 0.8583333333333333 0.05390625 0.025
5 0.977734375 0.8958333333333334 0.04296875 0.025
5 0.972265625 0.8826388888888889 0.05390625 0.02361111111111111
5 0.112890625 0.8770833333333333 0.05859375 0.018055555555555554
5 0.10625 0.8833333333333333 0.040625 0.008333333333333333
5 0.969921875 0.8222222222222222 0.05859375 0.025
5 0.9640625 0.8097222222222222 0.0703125 0.025
5 0.963671875 0.7381944444444445 0.07109375 0.020833333333333332
5 0.963671875 0.75 0.07109375 0.022222222222222223
5 0.9640625 0.775 0.0703125 0.022222222222222223
5 0.963671875 0.7625 0.07109375 0.022222222222222223
5 0.9640625 0.7986111111111112 0.0703125 0.025
5 0.9640625 0.7861111111111111 0.0703125 0.022222222222222223
5 0.11171875 0.8673611111111111 0.059375 0.02638888888888889
5 0.11328125 0.8541666666666666 0.0546875 0.027777777777777776
5 0.963671875 0.7270833333333333 0.07109375 0.020833333333333332
5 0.963671875 0.7138888888888889 0.07109375 0.022222222222222223
