3 0.499609375 0.8506944444444444 0.99921875 0.29583333333333334
4 0.340234375 0.8125 0.00859375 0.07222222222222222
4 0.3046875 0.8673611111111111 0.0203125 0.09305555555555556
4 0.306640625 0.9090277777777778 0.01171875 0.09583333333333334
4 0.28828125 0.9506944444444444 0.015625 0.09583333333333334
8 0.971484375 0.8708333333333333 0.05546875 0.044444444444444446
5 0.3875 0.6986111111111111 0.0375 0.008333333333333333
5 0.3875 0.6986111111111111 0.0375 0.008333333333333333
5 0.3875 0.6986111111111111 0.0375 0.008333333333333333
5 0.3875 0.6861111111111111 0.0375 0.013888888888888888
5 0.3875 0.6861111111111111 0.0375 0.013888888888888888
5 0.3875 0.6861111111111111 0.0375 0.013888888888888888
5 0.3875 0.7069444444444445 0.0375 0.008333333333333333
5 0.3875 0.7069444444444445 0.0375 0.008333333333333333
5 0.3875 0.7069444444444445 0.0375 0.008333333333333333
5 0.4546875 0.7048611111111112 0.04375 0.0125
5 0.4546875 0.7048611111111112 0.04375 0.0125
5 0.4546875 0.7048611111111112 0.04375 0.0125
5 0.4546875 0.6958333333333333 0.04375 0.013888888888888888
5 0.4546875 0.6958333333333333 0.04375 0.013888888888888888
5 0.4546875 0.6958333333333333 0.04375 0.013888888888888888
5 0.4546875 0.6868055555555556 0.04375 0.0125
5 0.4546875 0.6868055555555556 0.04375 0.0125
5 0.4546875 0.6868055555555556 0.04375 0.0125
5 0.4546875 0.6763888888888889 0.04375 0.013888888888888888
5 0.4546875 0.6763888888888889 0.04375 0.013888888888888888
5 0.4546875 0.6763888888888889 0.04375 0.013888888888888888
6 0.485546875 0.7569444444444444 0.03671875 0.07777777777777778
6 0.482421875 0.7298611111111111 0.03359375 0.0763888888888889
6 0.487109375 0.6868055555555556 0.03984375 0.08194444444444444
6 0.484375 0.7361111111111112 0.0296875 0.06944444444444445
6 0.4578125 0.8277777777777777 0.06875 0.10555555555555556
6 0.4796875 0.8590277777777777 0.0828125 0.12638888888888888
7 0.16875 0.9375 0.046875 0.05
7 0.315625 0.7958333333333333 0.0578125 0.019444444444444445
7 0.280078125 0.8736111111111111 0.06953125 0.027777777777777776
8 0.424609375 0.9430555555555555 0.05390625 0.07777777777777778
5 0.425 0.9215277777777777 0.0453125 0.0375
8 0.376953125 0.9479166666666666 0.00859375 0.06805555555555555
5 0.358984375 0.9166666666666666 0.04453125 0.025
8 0.39609375 0.8319444444444445 0.053125 0.04722222222222222
5 0.397265625 0.8152777777777778 0.05078125 0.016666666666666666
8 0.376953125 0.8 0.00390625 0.011111111111111112
5 0.4 0.7993055555555556 0.0453125 0.0125
8 0.378125 0.7951388888888888 0.003125 0.006944444444444444
5 0.40078125 0.7868055555555555 0.0453125 0.009722222222222222
8 0.4328125 0.7756944444444445 0.0046875 0.009722222222222222
5 0.411328125 0.775 0.04140625 0.011111111111111112
8 0.4953125 0.7868055555555555 0.003125 0.009722222222222222
5 0.49296875 0.7868055555555555 0.0015625 0.009722222222222222
8 0.470703125 0.7784722222222222 0.05234375 0.015277777777777777
5 0.469921875 0.775 0.04765625 0.011111111111111112
8 0.49765625 0.8118055555555556 0.0046875 0.034722222222222224
5 0.49453125 0.7993055555555556 0.0046875 0.0125
8 0.49609375 0.8319444444444445 0.0078125 0.04722222222222222
5 0.49453125 0.8152777777777778 0.0046875 0.016666666666666666
8 0.848828125 0.7513888888888889 0.01328125 0.03333333333333333
5 0.86484375 0.7354166666666667 0.0421875 0.006944444444444444
8 0.85625 0.7305555555555555 0.0515625 0.011111111111111112
5 0.855859375 0.7270833333333333 0.04609375 0.006944444444444444
8 0.88359375 0.7618055555555555 0.0546875 0.029166666666666667
5 0.883203125 0.7458333333333333 0.03203125 0.011111111111111112
8 0.89765625 0.7652777777777777 0.0578125 0.030555555555555555
5 0.896875 0.75625 0.053125 0.0125
8 0.804296875 0.7381944444444445 0.04921875 0.02638888888888889
5 0.808203125 0.7277777777777777 0.03671875 0.008333333333333333
8 0.81328125 0.7534722222222222 0.0453125 0.029166666666666667
5 0.81171875 0.7375 0.0421875 0.011111111111111112
8 0.82734375 0.7590277777777777 0.0546875 0.034722222222222224
5 0.8296875 0.7479166666666667 0.04375 0.006944444444444444
8 0.8390625 0.7673611111111112 0.05625 0.034722222222222224
5 0.835546875 0.75625 0.04453125 0.0125
8 0.95859375 0.8263888888888888 0.05625 0.05277777777777778
5 0.959765625 0.8097222222222222 0.05390625 0.022222222222222223
8 0.989453125 0.8159722222222222 0.01953125 0.03194444444444444
5 0.991015625 0.80625 0.01640625 0.015277777777777777
8 0.920703125 0.8298611111111112 0.05234375 0.04583333333333333
5 0.918359375 0.8111111111111111 0.04765625 0.022222222222222223
8 0.86640625 0.8263888888888888 0.05625 0.05277777777777778
5 0.86328125 0.8104166666666667 0.0453125 0.02361111111111111
8 0.923828125 0.7854166666666667 0.05859375 0.015277777777777777
5 0.922265625 0.7756944444444445 0.05546875 0.015277777777777777
8 0.942578125 0.79375 0.06796875 0.02361111111111111
5 0.9421875 0.7875 0.0609375 0.016666666666666666
8 0.89453125 0.8069444444444445 0.0546875 0.04722222222222222
5 0.893359375 0.7909722222222222 0.04765625 0.018055555555555554
8 0.846484375 0.8069444444444445 0.05234375 0.04722222222222222
5 0.848046875 0.7909722222222222 0.04140625 0.018055555555555554
0 0.853515625 0.8638888888888889 0.11484375 0.26944444444444443
0 0.761328125 0.7631944444444444 0.07265625 0.20972222222222223
0 0.541796875 0.6694444444444444 0.03828125 0.13055555555555556
1 0.069921875 0.6805555555555556 0.07890625 0.09722222222222222
1 0.05703125 0.6868055555555556 0.08125 0.09861111111111111
1 0.0171875 0.68125 0.034375 0.09583333333333334
1 0.0109375 0.6875 0.0203125 0.1
1 0.971875 0.6902777777777778 0.0546875 0.09722222222222222
2 0.95234375 0.6986111111111111 0.003125 0.0
2 0.96484375 0.6555555555555556 0.0359375 0.005555555555555556
2 0.984375 0.6763888888888889 0.0296875 0.030555555555555555
2 0.969140625 0.7145833333333333 0.02890625 0.034722222222222224
2 0.964453125 0.6583333333333333 0.01953125 0.005555555555555556
2 0.97890625 0.65625 0.015625 0.001388888888888889
2 0.96875 0.6729166666666667 0.0140625 0.029166666666666667
2 0.983203125 0.6583333333333333 0.00703125 0.0
1 0.938671875 0.6986111111111111 0.06015625 0.1111111111111111
2 0.91328125 0.7090277777777778 0.009375 0.03194444444444444
2 0.92421875 0.66875 0.03125 0.03194444444444444
2 0.945703125 0.6777777777777778 0.03984375 0.03333333333333333
2 0.938671875 0.7159722222222222 0.05390625 0.04027777777777778
2 0.92109375 0.6715277777777777 0.01875 0.03194444444444444
2 0.939453125 0.6569444444444444 0.01640625 0.002777777777777778
2 0.924609375 0.6743055555555556 0.01328125 0.03194444444444444
2 0.94296875 0.6583333333333333 0.015625 0.0
1 0.984375 0.7194444444444444 0.0296875 0.10833333333333334
2 0.9796875 0.7416666666666667 0.0140625 0.03611111111111111
2 0.986328125 0.6958333333333333 0.02578125 0.03611111111111111
2 0.990625 0.7472222222222222 0.0171875 0.03888888888888889
2 0.990625 0.6986111111111111 0.0171875 0.03333333333333333
2 0.998828125 0.7034722222222223 0.00078125 0.0375
2 0.961328125 0.9451388888888889 0.07578125 0.10138888888888889
2 0.719921875 0.7006944444444444 0.01015625 0.0375
2 0.747265625 0.7111111111111111 0.04453125 0.03888888888888889
2 0.79296875 0.7097222222222223 0.0390625 0.025
2 0.747265625 0.6805555555555556 0.04453125 0.03888888888888889
2 0.793359375 0.6840277777777778 0.03828125 0.03194444444444444
2 0.74765625 0.6506944444444445 0.0453125 0.0375
2 0.7890625 0.6506944444444445 0.046875 0.0375
5 0.352734375 0.9243055555555556 0.07890625 0.04027777777777778
5 0.352734375 0.9395833333333333 0.07890625 0.04027777777777778
5 0.352734375 0.9527777777777777 0.07890625 0.03888888888888889
5 0.352734375 0.9673611111111111 0.07890625 0.04027777777777778
5 0.360546875 0.9875 0.06328125 0.022222222222222223
5 0.352734375 0.9798611111111111 0.07890625 0.0375
5 0.362109375 0.9930555555555556 0.06015625 0.011111111111111112
5 0.4515625 0.9534722222222223 0.075 0.034722222222222224
5 0.4515625 0.9673611111111111 0.075 0.0375
5 0.4515625 0.9888888888888889 0.059375 0.019444444444444445
5 0.4515625 0.98125 0.075 0.034722222222222224
5 0.451953125 0.9923611111111111 0.05703125 0.0125
5 0.4515625 0.9388888888888889 0.075 0.03611111111111111
5 0.4515625 0.9222222222222223 0.075 0.03888888888888889
5 0.560546875 0.9513888888888888 0.07734375 0.03611111111111111
5 0.560546875 0.9652777777777778 0.07734375 0.03888888888888889
5 0.55703125 0.9868055555555556 0.0703125 0.02361111111111111
5 0.560546875 0.9798611111111111 0.07734375 0.0375
5 0.569921875 0.9986111111111111 0.01953125 0.0
5 0.55234375 0.9916666666666667 0.0609375 0.013888888888888888
5 0.560546875 0.9375 0.07734375 0.03611111111111111
5 0.560546875 0.9229166666666667 0.07734375 0.034722222222222224
5 0.560546875 0.8381944444444445 0.07734375 0.03194444444444444
5 0.560546875 0.8527777777777777 0.07734375 0.03333333333333333
5 0.560546875 0.8819444444444444 0.07734375 0.03333333333333333
5 0.560546875 0.8666666666666667 0.07734375 0.03333333333333333
5 0.560546875 0.9097222222222222 0.07734375 0.03611111111111111
5 0.560546875 0.8958333333333334 0.07734375 0.03333333333333333
5 0.560546875 0.8243055555555555 0.07734375 0.03194444444444444
5 0.560546875 0.8090277777777778 0.07734375 0.03194444444444444
