3 0.20078125 0.9395833333333333 0.025 0.11805555555555555
6 0.19609375 0.8388888888888889 0.00625 0.03333333333333333
6 0.025390625 0.7840277777777778 0.00390625 0.006944444444444444
8 0.194140625 0.8659722222222223 0.00546875 0.02638888888888889
8 0.20078125 0.8548611111111111 0.0015625 0.004166666666666667
8 0.196484375 0.8680555555555556 0.01015625 0.030555555555555555
5 0.201953125 0.8402777777777778 0.00078125 0.005555555555555556
8 0.196875 0.8597222222222223 0.0109375 0.030555555555555555
5 0.197265625 0.8340277777777778 0.01015625 0.018055555555555554
0 0.0765625 0.7090277777777778 0.1125 0.15694444444444444
1 0.026953125 0.7770833333333333 0.00234375 0.004166666666666667
1 0.1203125 0.49930555555555556 0.240625 0.9986111111111111
2 0.607421875 0.49930555555555556 0.78359375 0.9986111111111111
5 0.196875 0.8569444444444444 0.0 0.0
5 0.194921875 0.8548611111111111 0.00390625 0.004166666666666667
