5 0.387109375 0.9083333333333333 0.07265625 0.03611111111111111
5 0.27421875 0.9583333333333334 0.1125 0.04722222222222222
2 0.782421875 0.7868055555555555 0.02421875 0.04027777777777778
5 0.9296875 0.8215277777777777 0.021875 0.015277777777777777
1 0.988671875 0.7395833333333334 0.00390625 0.0875
5 0.5953125 0.7291666666666666 0.125 0.025
6 0.48046875 0.7888888888888889 0.0375 0.06388888888888888
5 0.420703125 0.9604166666666667 0.12109375 0.04027777777777778
5 0.362890625 0.8361111111111111 0.06171875 0.016666666666666666
8 0.33828125 0.8229166666666666 0.0015625 0.001388888888888889
5 0.5890625 0.9875 0.1125 0.022222222222222223
1 0.00859375 0.7527777777777778 0.0171875 0.11388888888888889
2 0.762109375 0.78125 0.01484375 0.0375
8 0.363671875 0.8444444444444444 0.05703125 0.013888888888888888
5 0.5953125 0.6847222222222222 0.125 0.022222222222222223
5 0.91875 0.8027777777777778 0.0484375 0.011111111111111112
2 0.8515625 0.7138888888888889 0.05 0.03611111111111111
2 0.872265625 0.74375 0.00859375 0.020833333333333332
5 0.59609375 0.9090277777777778 0.1265625 0.04027777777777778
5 0.89765625 0.7861111111111111 0.0125 0.002777777777777778
5 0.5953125 0.7527777777777778 0.125 0.027777777777777776
6 0.48203125 0.7986111111111112 0.0453125 0.09444444444444444
5 0.42109375 0.9354166666666667 0.1203125 0.04027777777777778
5 0.420703125 0.9777777777777777 0.12109375 0.041666666666666664
5 0.421484375 0.9888888888888889 0.09453125 0.019444444444444445
5 0.371875 0.7805555555555556 0.0453125 0.011111111111111112
5 0.596484375 0.9770833333333333 0.12734375 0.043055555555555555
8 0.91328125 0.8270833333333333 0.0125 0.004166666666666667
6 0.441796875 0.8305555555555556 0.09453125 0.11944444444444445
5 0.371875 0.8104166666666667 0.0453125 0.004166666666666667
4 0.02109375 0.9590277777777778 0.0421875 0.07916666666666666
5 0.371484375 0.8166666666666667 0.04453125 0.005555555555555556
5 0.490234375 0.8104166666666667 0.00078125 0.004166666666666667
5 0.27421875 0.9784722222222222 0.1125 0.04027777777777778
5 0.365234375 0.8236111111111111 0.05703125 0.005555555555555556
8 0.494140625 0.8152777777777778 0.00390625 0.008333333333333333
7 0.262890625 0.8409722222222222 0.07734375 0.018055555555555554
6 0.47734375 0.7791666666666667 0.0390625 0.075
6 0.483984375 0.7125 0.05078125 0.09444444444444444
8 0.89921875 0.8236111111111111 0.0 0.0
5 0.595703125 0.7993055555555556 0.12578125 0.03194444444444444
8 0.4953125 0.8590277777777777 0.009375 0.05694444444444444
7 0.033984375 0.9451388888888889 0.06328125 0.05416666666666667
0 0.9703125 0.8048611111111111 0.0578125 0.3875
5 0.595703125 0.84375 0.12578125 0.034722222222222224
5 0.916796875 0.7979166666666667 0.04921875 0.009722222222222222
5 0.42109375 0.8645833333333334 0.1203125 0.0375
5 0.59609375 0.8875 0.1265625 0.03888888888888889
6 0.47265625 0.8597222222222223 0.1203125 0.16111111111111112
5 0.275 0.9104166666666667 0.1125 0.043055555555555555
5 0.284375 0.9118055555555555 0.0453125 0.02638888888888889
5 0.59609375 0.95625 0.1265625 0.04583333333333333
5 0.42109375 0.8888888888888888 0.1203125 0.03888888888888889
2 0.79765625 0.75 0.05625 0.03888888888888889
4 0.166015625 0.91875 0.02421875 0.1375
5 0.446484375 0.75625 0.05078125 0.0125
8 0.21171875 0.9847222222222223 0.1171875 0.027777777777777776
5 0.595703125 0.7756944444444445 0.12578125 0.029166666666666667
5 0.42109375 0.7736111111111111 0.0 0.0
3 0.496875 0.8951388888888889 0.99375 0.20694444444444443
8 0.9328125 0.7930555555555555 0.01875 0.005555555555555556
8 0.3625 0.8638888888888889 0.0625 0.05
2 0.798046875 0.7138888888888889 0.05703125 0.03611111111111111
5 0.275 0.8895833333333333 0.1125 0.04027777777777778
8 0.916015625 0.7888888888888889 0.01953125 0.005555555555555556
5 0.42109375 0.9125 0.1203125 0.03611111111111111
5 0.934765625 0.7923611111111111 0.01640625 0.006944444444444444
5 0.27421875 0.9347222222222222 0.1125 0.044444444444444446
5 0.372265625 0.7680555555555556 0.04453125 0.011111111111111112
5 0.59609375 0.9326388888888889 0.1265625 0.043055555555555555
5 0.5953125 0.7090277777777778 0.125 0.02361111111111111
5 0.595703125 0.8194444444444444 0.12578125 0.03333333333333333
7 0.192578125 0.8951388888888889 0.07578125 0.029166666666666667
8 0.283203125 0.95625 0.04765625 0.04861111111111111
5 0.371875 0.7909722222222222 0.0453125 0.009722222222222222
8 0.49375 0.8180555555555555 0.003125 0.002777777777777778
4 0.11640625 0.9409722222222222 0.0046875 0.11527777777777778
5 0.58984375 0.9986111111111111 0.075 0.0
0 0.854296875 0.7673611111111112 0.11953125 0.25416666666666665
8 0.384765625 0.9416666666666667 0.08203125 0.09722222222222222
0 0.55 0.73125 0.0453125 0.1486111111111111
5 0.278515625 0.9888888888888889 0.10390625 0.019444444444444445
8 0.9171875 0.8152777777777778 0.05 0.03333333333333333
4 0.233203125 0.8284722222222223 0.02734375 0.043055555555555555
5 0.9328125 0.7881944444444444 0.046875 0.006944444444444444
5 0.446484375 0.7680555555555556 0.05078125 0.011111111111111112
8 0.929296875 0.8395833333333333 0.02734375 0.04583333333333333
8 0.9171875 0.8215277777777777 0.0484375 0.043055555555555555
5 0.492578125 0.8236111111111111 0.00546875 0.005555555555555556
5 0.59609375 0.8645833333333334 0.1265625 0.0375
5 0.492578125 0.8361111111111111 0.00546875 0.016666666666666666
8 0.498046875 0.8291666666666667 0.00390625 0.013888888888888888
1 0.01796875 0.75 0.03125 0.1111111111111111
5 0.90625 0.79375 0.0296875 0.009722222222222222
5 0.490234375 0.8166666666666667 0.00078125 0.005555555555555556
5 0.275 0.8659722222222223 0.1125 0.0375
