1 0.24140625 0.6430555555555556 0.040625 0.04722222222222222
2 0.69296875 0.7194444444444444 0.0375 0.04722222222222222
2 0.9859375 0.6402777777777777 0.0015625 0.025
5 0.242578125 0.7270833333333333 0.03203125 0.004166666666666667
1 0.133984375 0.6354166666666666 0.05390625 0.03194444444444444
1 0.187890625 0.6458333333333334 0.04453125 0.05277777777777778
5 0.00234375 0.7388888888888889 0.0015625 0.013888888888888888
2 0.904296875 0.6743055555555556 0.03203125 0.02638888888888889
2 0.73671875 0.63125 0.0203125 0.02361111111111111
0 0.54765625 0.6590277777777778 0.0328125 0.16805555555555557
5 0.34453125 0.63125 0.0546875 0.006944444444444444
2 0.910546875 0.6611111111111111 0.01015625 0.0
4 0.038671875 0.6972222222222222 0.02890625 0.030555555555555555
5 0.687109375 0.6909722222222222 0.02578125 0.006944444444444444
2 0.90234375 0.6423611111111112 0.0015625 0.02638888888888889
8 0.24609375 0.7131944444444445 0.0 0.018055555555555554
5 0.233203125 0.7055555555555556 0.04765625 0.008333333333333333
5 0.07265625 0.6847222222222222 0.0015625 0.005555555555555556
5 0.727734375 0.7152777777777778 0.04453125 0.002777777777777778
4 0.275 0.6652777777777777 0.0078125 0.002777777777777778
5 0.41640625 0.6868055555555556 0.0078125 0.006944444444444444
8 0.7390625 0.7076388888888889 0.0140625 0.001388888888888889
8 0.4625 0.6861111111111111 0.0015625 0.011111111111111112
0 0.114453125 0.7361111111111112 0.22890625 0.525
4 0.124609375 0.6888888888888889 0.00390625 0.016666666666666666
7 0.612890625 0.7868055555555555 0.09140625 0.02638888888888889
5 0.285546875 0.6722222222222223 0.05546875 0.008333333333333333
2 0.8640625 0.6673611111111111 0.028125 0.0125
8 0.302734375 0.7138888888888889 0.04140625 0.030555555555555555
5 0.34453125 0.6402777777777777 0.0546875 0.008333333333333333
1 0.919921875 0.6652777777777777 0.04453125 0.09444444444444444
1 0.14296875 0.6388888888888888 0.04375 0.03888888888888889
7 0.647265625 0.7590277777777777 0.07578125 0.020833333333333332
0 0.001171875 0.6666666666666666 0.00234375 0.275
5 0.285546875 0.73125 0.05546875 0.0125
5 0.67890625 0.7180555555555556 0.009375 0.011111111111111112
8 0.6625 0.7340277777777777 0.0484375 0.0375
6 0.26015625 0.8951388888888889 0.31875 0.20694444444444443
2 0.876953125 0.6423611111111112 0.03203125 0.02638888888888889
2 0.88203125 0.6277777777777778 0.0140625 0.0
2 0.765625 0.63125 0.03125 0.02361111111111111
5 0.73828125 0.6833333333333333 0.021875 0.005555555555555556
2 0.8046875 0.6680555555555555 0.0921875 0.002777777777777778
5 0.34375 0.7326388888888888 0.0546875 0.0125
5 0.34453125 0.6493055555555556 0.0546875 0.006944444444444444
8 0.728515625 0.6833333333333333 0.00234375 0.0
2 0.748828125 0.6708333333333333 0.00234375 0.008333333333333333
5 0.34375 0.7236111111111111 0.0546875 0.011111111111111112
4 0.00234375 0.6868055555555556 0.003125 0.04861111111111111
5 0.34453125 0.6145833333333334 0.0546875 0.006944444444444444
6 0.655859375 0.9020833333333333 0.26015625 0.19305555555555556
2 0.73671875 0.6555555555555556 0.0203125 0.025
2 0.865234375 0.6361111111111111 0.01484375 0.016666666666666666
5 0.285546875 0.6979166666666666 0.05546875 0.009722222222222222
6 0.5421875 0.8291666666666667 0.13125 0.23055555555555557
6 0.74375 0.8006944444444445 0.115625 0.16805555555555557
8 0.4140625 0.7034722222222223 0.0015625 0.006944444444444444
2 0.80390625 0.7666666666666667 0.10625 0.06388888888888888
6 0.379296875 0.6881944444444444 0.03984375 0.06805555555555555
8 0.715234375 0.9576388888888889 0.21796875 0.08194444444444444
5 0.34375 0.7076388888888889 0.0546875 0.009722222222222222
5 0.24609375 0.6965277777777777 0.0 0.001388888888888889
2 0.803125 0.7048611111111112 0.10625 0.06527777777777778
4 0.20703125 0.6861111111111111 0.009375 0.030555555555555555
7 0.634375 0.7701388888888889 0.0828125 0.02361111111111111
5 0.69296875 0.6881944444444444 0.0296875 0.006944444444444444
8 0.74765625 0.6881944444444444 0.0046875 0.009722222222222222
7 0.25546875 0.7388888888888889 0.05625 0.019444444444444445
8 0.6625 0.7319444444444444 0.0484375 0.03611111111111111
6 0.4734375 0.6756944444444445 0.0234375 0.05416666666666667
8 0.7390625 0.7097222222222223 0.0140625 0.0
2 0.84921875 0.6465277777777778 0.0 0.009722222222222222
6 0.391796875 0.6840277777777778 0.03984375 0.0625
2 0.80546875 0.6659722222222222 0.0875 0.001388888888888889
5 0.344140625 0.6993055555555555 0.05546875 0.009722222222222222
8 0.70390625 0.6923611111111111 0.0046875 0.006944444444444444
2 0.98828125 0.6402777777777777 0.0015625 0.025
5 0.34453125 0.6736111111111112 0.0546875 0.008333333333333333
5 0.731640625 0.90625 0.17265625 0.043055555555555555
2 0.983984375 0.6395833333333333 0.00234375 0.02361111111111111
2 0.766015625 0.6555555555555556 0.03046875 0.025
6 0.47421875 0.6263888888888889 0.025 0.05277777777777778
2 0.915625 0.6409722222222223 0.0328125 0.02638888888888889
2 0.99453125 0.6402777777777777 0.009375 0.025
8 0.734375 0.94375 0.1890625 0.10694444444444444
1 0.056640625 0.65 0.03046875 0.06111111111111111
2 0.8578125 0.6784722222222223 0.0 0.02638888888888889
2 0.751171875 0.6715277777777777 0.00078125 0.004166666666666667
5 0.231640625 0.6805555555555556 0.05078125 0.008333333333333333
5 0.34453125 0.6569444444444444 0.0546875 0.008333333333333333
6 0.0015625 0.7208333333333333 0.003125 0.08333333333333333
2 0.8859375 0.6652777777777777 0.00625 0.0
8 0.728125 0.7416666666666667 0.04375 0.030555555555555555
5 0.34453125 0.6819444444444445 0.0546875 0.008333333333333333
5 0.7125 0.9493055555555555 0.1984375 0.0763888888888889
7 0.030078125 0.6784722222222223 0.00390625 0.006944444444444444
1 0.225 0.6520833333333333 0.05 0.06527777777777778
2 0.919921875 0.68125 0.03828125 0.029166666666666667
5 0.285546875 0.68125 0.05546875 0.009722222222222222
8 0.416015625 0.6972222222222222 0.00859375 0.019444444444444445
2 0.737109375 0.6715277777777777 0.01953125 0.006944444444444444
5 0.73828125 0.6805555555555556 0.021875 0.005555555555555556
5 0.285546875 0.7229166666666667 0.05546875 0.009722222222222222
5 0.68046875 0.7138888888888889 0.0125 0.008333333333333333
8 0.728515625 0.6847222222222222 0.00234375 0.0
0 0.565625 0.6416666666666667 0.0359375 0.09444444444444444
5 0.34453125 0.6895833333333333 0.0546875 0.009722222222222222
7 0.592578125 0.8020833333333334 0.10234375 0.029166666666666667
8 0.00234375 0.7583333333333333 0.0 0.022222222222222223
8 0.512109375 0.9430555555555555 0.18515625 0.1111111111111111
1 0.904296875 0.6604166666666667 0.03828125 0.08472222222222223
5 0.73046875 0.7118055555555556 0.0390625 0.004166666666666667
5 0.73828125 0.6763888888888889 0.021875 0.0
5 0.240625 0.7215277777777778 0.0328125 0.009722222222222222
7 0.04296875 0.6784722222222223 0.0234375 0.006944444444444444
5 0.415625 0.6798611111111111 0.0078125 0.001388888888888889
5 0.03203125 0.6923611111111111 0.0109375 0.001388888888888889
5 0.285546875 0.6888888888888889 0.05546875 0.008333333333333333
2 0.89375 0.6625 0.0140625 0.002777777777777778
8 0.748046875 0.6965277777777777 0.00390625 0.004166666666666667
6 0.483984375 0.6694444444444444 0.01640625 0.03888888888888889
3 0.499609375 0.8388888888888889 0.99921875 0.3194444444444444
5 0.285546875 0.70625 0.05546875 0.009722222222222222
8 0.730078125 0.7298611111111111 0.03984375 0.001388888888888889
1 0.0734375 0.6548611111111111 0.0625 0.07083333333333333
5 0.475390625 0.6673611111111111 0.02265625 0.006944444444444444
5 0.34375 0.7166666666666667 0.0546875 0.011111111111111112
5 0.285546875 0.7152777777777778 0.05546875 0.011111111111111112
2 0.80390625 0.6708333333333333 0.0984375 0.002777777777777778
5 0.4171875 0.6833333333333333 0.00625 0.005555555555555556
2 0.876171875 0.6805555555555556 0.03515625 0.030555555555555555
5 0.062890625 0.7013888888888888 0.00546875 0.005555555555555556
8 0.462890625 0.9548611111111112 0.21796875 0.0875
1 0.990234375 0.6611111111111111 0.01796875 0.08611111111111111
2 0.87265625 0.6409722222222223 0.03125 0.02638888888888889
2 0.63203125 0.71875 0.0515625 0.04583333333333333
5 0.231640625 0.6881944444444444 0.05078125 0.009722222222222222
5 0.240234375 0.7138888888888889 0.03359375 0.011111111111111112
5 0.476171875 0.6819444444444445 0.02421875 0.005555555555555556
8 0.4171875 0.7013888888888888 0.0015625 0.002777777777777778
1 0.87578125 0.6645833333333333 0.040625 0.09305555555555556
6 0.47734375 0.6736111111111112 0.0296875 0.05277777777777778
5 0.74765625 0.6923611111111111 0.0046875 0.006944444444444444
5 0.34453125 0.6229166666666667 0.0546875 0.006944444444444444
5 0.34453125 0.60625 0.0546875 0.006944444444444444
5 0.460546875 0.9263888888888889 0.19609375 0.06388888888888888
2 0.920703125 0.6430555555555556 0.03515625 0.027777777777777776
5 0.31484375 0.6979166666666666 0.0171875 0.006944444444444444
5 0.526171875 0.8902777777777777 0.12890625 0.05555555555555555
5 0.722265625 0.6923611111111111 0.03046875 0.006944444444444444
7 0.044140625 0.7006944444444444 0.03515625 0.0125
8 0.709375 0.6965277777777777 0.05625 0.009722222222222222
2 0.9078125 0.6784722222222223 0.015625 0.02638888888888889
7 0.572265625 0.8354166666666667 0.08203125 0.0375
2 0.84921875 0.6340277777777777 0.0 0.0125
8 0.745703125 0.6875 0.00078125 0.0
5 0.231640625 0.6972222222222222 0.05078125 0.008333333333333333
8 0.41640625 0.7 0.0078125 0.025
7 0.524609375 0.8520833333333333 0.12578125 0.02361111111111111
4 0.248046875 0.6666666666666666 0.00078125 0.0
1 0.049609375 0.6520833333333333 0.04921875 0.06527777777777778
8 0.721484375 0.6944444444444444 0.03203125 0.005555555555555556
5 0.476171875 0.6743055555555556 0.02421875 0.006944444444444444
2 0.908203125 0.6409722222222223 0.01484375 0.02638888888888889
5 0.732421875 0.6868055555555556 0.01015625 0.001388888888888889
5 0.34453125 0.6652777777777777 0.0546875 0.008333333333333333
2 0.84921875 0.6631944444444444 0.0 0.004166666666666667
8 0.688671875 0.6923611111111111 0.02734375 0.006944444444444444
2 0.992578125 0.6756944444444445 0.01328125 0.02638888888888889
2 0.896484375 0.6527777777777778 0.00546875 0.0
5 0.233984375 0.6722222222222223 0.05546875 0.008333333333333333
2 0.8953125 0.6395833333333333 0.0078125 0.02361111111111111
5 0.048828125 0.6951388888888889 0.03359375 0.006944444444444444
2 0.984375 0.6743055555555556 0.0015625 0.02361111111111111
5 0.73984375 0.7041666666666667 0.0203125 0.008333333333333333
2 0.854296875 0.6402777777777777 0.00546875 0.025
7 0.237890625 0.7465277777777778 0.02109375 0.018055555555555554
2 0.88203125 0.6555555555555556 0.0078125 0.0
1 0.86484375 0.6597222222222222 0.0359375 0.08333333333333333
5 0.41640625 0.6847222222222222 0.0078125 0.005555555555555556
0 0.60390625 0.6493055555555556 0.034375 0.12916666666666668
2 0.91953125 0.6652777777777777 0.00625 0.0
5 0.738671875 0.70625 0.02265625 0.006944444444444444
2 0.86640625 0.6430555555555556 0.015625 0.025
5 0.73828125 0.6819444444444445 0.021875 0.005555555555555556
1 0.18046875 0.6520833333333333 0.0546875 0.06527777777777778
