3 0.499609375 0.9597222222222223 0.99921875 0.07777777777777778
5 0.106640625 0.9708333333333333 0.09921875 0.025
5 0.106640625 0.9708333333333333 0.09921875 0.025
5 0.106640625 0.9708333333333333 0.09921875 0.025
5 0.10703125 0.9479166666666666 0.1 0.029166666666666667
5 0.10703125 0.9479166666666666 0.1 0.029166666666666667
5 0.10703125 0.9479166666666666 0.1 0.029166666666666667
5 0.10625 0.9875 0.1 0.022222222222222223
5 0.10625 0.9875 0.1 0.022222222222222223
5 0.10625 0.9875 0.1 0.022222222222222223
5 0.22890625 0.9777777777777777 0.0890625 0.022222222222222223
5 0.22890625 0.9777777777777777 0.0890625 0.022222222222222223
5 0.22890625 0.9777777777777777 0.0890625 0.022222222222222223
5 0.229296875 0.9611111111111111 0.08828125 0.022222222222222223
5 0.229296875 0.9611111111111111 0.08828125 0.022222222222222223
5 0.229296875 0.9611111111111111 0.08828125 0.022222222222222223
5 0.2296875 0.9423611111111111 0.0890625 0.02361111111111111
5 0.2296875 0.9423611111111111 0.0890625 0.02361111111111111
5 0.2296875 0.9423611111111111 0.0890625 0.02361111111111111
5 0.230078125 0.9222222222222223 0.08828125 0.025
5 0.230078125 0.9222222222222223 0.08828125 0.025
5 0.230078125 0.9222222222222223 0.08828125 0.025
6 0.577734375 0.9680555555555556 0.13671875 0.06111111111111111
6 0.458984375 0.9541666666666667 0.10859375 0.08888888888888889
6 0.579296875 0.875 0.14140625 0.18333333333333332
6 0.523828125 0.9590277777777778 0.09453125 0.07916666666666666
8 0.99765625 0.95 0.003125 0.0
8 0.9734375 0.9708333333333333 0.046875 0.04722222222222222
5 0.974609375 0.94375 0.04921875 0.0125
8 0.9609375 0.9729166666666667 0.0203125 0.04861111111111111
5 0.95859375 0.9479166666666666 0.0171875 0.006944444444444444
8 0.975 0.9805555555555555 0.0484375 0.03611111111111111
5 0.974609375 0.9597222222222223 0.04921875 0.019444444444444445
8 0.99140625 0.98125 0.015625 0.034722222222222224
5 0.994140625 0.9666666666666667 0.01015625 0.013888888888888888
0 0.4453125 0.8819444444444444 0.115625 0.23333333333333334
1 0.98125 0.8777777777777778 0.0359375 0.11944444444444445
2 0.984765625 0.9159722222222222 0.02890625 0.043055555555555555
2 0.99453125 0.8944444444444445 0.009375 0.0
2 0.983984375 0.8569444444444444 0.03046875 0.044444444444444446
2 0.99609375 0.9166666666666666 0.00625 0.03888888888888889
2 0.99453125 0.8583333333333333 0.009375 0.044444444444444446
2 0.671484375 0.9347222222222222 0.04921875 0.058333333333333334
2 0.74453125 0.9451388888888889 0.096875 0.059722222222222225
2 0.81796875 0.9430555555555555 0.0515625 0.05277777777777778
2 0.74375 0.8944444444444445 0.096875 0.05555555555555555
2 0.816796875 0.8944444444444445 0.05078125 0.05
2 0.742578125 0.8458333333333333 0.09609375 0.05277777777777778
2 0.803125 0.84375 0.0765625 0.05138888888888889
