3 0.499609375 0.8263888888888888 0.99921875 0.34444444444444444
4 0.17265625 0.69375 0.0015625 0.018055555555555554
4 0.119921875 0.6902777777777778 0.00859375 0.002777777777777778
4 0.066796875 0.7284722222222222 0.00859375 0.059722222222222225
4 0.00703125 0.7368055555555556 0.0140625 0.06527777777777778
4 0.0984375 0.6673611111111111 0.0015625 0.020833333333333332
4 0.007421875 0.6875 0.01484375 0.044444444444444446
8 0.062890625 0.7472222222222222 0.06484375 0.041666666666666664
8 0.584765625 0.75 0.06796875 0.04722222222222222
5 0.5171875 0.6652777777777777 0.034375 0.005555555555555556
5 0.5171875 0.6652777777777777 0.034375 0.005555555555555556
5 0.5171875 0.6652777777777777 0.034375 0.005555555555555556
5 0.5171875 0.6576388888888889 0.034375 0.009722222222222222
5 0.5171875 0.6576388888888889 0.034375 0.009722222222222222
5 0.5171875 0.6576388888888889 0.034375 0.009722222222222222
5 0.508203125 0.6722222222222223 0.01484375 0.005555555555555556
5 0.508203125 0.6722222222222223 0.01484375 0.005555555555555556
5 0.508203125 0.6722222222222223 0.01484375 0.005555555555555556
5 0.55546875 0.6597222222222222 0.0203125 0.005555555555555556
5 0.55546875 0.6597222222222222 0.0203125 0.005555555555555556
5 0.55546875 0.6597222222222222 0.0203125 0.005555555555555556
5 0.555859375 0.6520833333333333 0.02109375 0.006944444444444444
5 0.555859375 0.6520833333333333 0.02109375 0.006944444444444444
5 0.555859375 0.6520833333333333 0.02109375 0.006944444444444444
6 0.458203125 0.6805555555555556 0.02890625 0.05555555555555555
6 0.49296875 0.6729166666666667 0.0359375 0.05416666666666667
6 0.458984375 0.63125 0.03046875 0.05416666666666667
6 0.4734375 0.6763888888888889 0.0390625 0.05555555555555555
6 0.325390625 0.6979166666666666 0.05234375 0.06527777777777778
6 0.296484375 0.7055555555555556 0.03515625 0.06944444444444445
7 0.091796875 0.7722222222222223 0.06015625 0.022222222222222223
7 0.03359375 0.7833333333333333 0.0625 0.025
7 0.30625 0.8513888888888889 0.084375 0.03333333333333333
7 0.34453125 0.8298611111111112 0.040625 0.02638888888888889
7 0.13515625 0.9125 0.1 0.044444444444444446
7 0.216015625 0.8854166666666666 0.09296875 0.034722222222222224
7 0.015234375 0.9708333333333333 0.03046875 0.044444444444444446
7 0.11953125 0.7263888888888889 0.03125 0.008333333333333333
7 0.057421875 0.6965277777777777 0.03828125 0.0125
7 0.2421875 0.7159722222222222 0.025 0.0125
7 0.115625 0.6590277777777778 0.0265625 0.006944444444444444
7 0.131640625 0.65625 0.01015625 0.006944444444444444
7 0.050390625 0.6652777777777777 0.02890625 0.008333333333333333
7 0.078515625 0.6618055555555555 0.02890625 0.006944444444444444
8 0.230859375 0.7333333333333333 0.00234375 0.022222222222222223
5 0.230859375 0.7180555555555556 0.00234375 0.005555555555555556
8 0.173828125 0.7291666666666666 0.00078125 0.008333333333333333
5 0.1796875 0.7166666666666667 0.0125 0.002777777777777778
5 0.357421875 0.6902777777777778 0.01015625 0.002777777777777778
5 0.356640625 0.6868055555555556 0.00859375 0.004166666666666667
8 0.40234375 0.6847222222222222 0.0 0.0
5 0.371484375 0.6826388888888889 0.01796875 0.001388888888888889
8 0.42890625 0.6965277777777777 0.0015625 0.006944444444444444
5 0.416015625 0.6881944444444444 0.02734375 0.006944444444444444
5 0.3625 0.6930555555555555 0.0 0.0
8 0.77109375 0.7090277777777778 0.040625 0.02638888888888889
5 0.767578125 0.6958333333333333 0.04140625 0.008333333333333333
8 0.79296875 0.7048611111111112 0.0171875 0.02638888888888889
5 0.778515625 0.6930555555555555 0.03984375 0.008333333333333333
8 0.7609375 0.7125 0.0453125 0.027777777777777776
5 0.76015625 0.7 0.0421875 0.008333333333333333
8 0.75 0.7166666666666667 0.0453125 0.027777777777777776
5 0.7484375 0.7041666666666667 0.0421875 0.008333333333333333
8 0.7515625 0.6916666666666667 0.0109375 0.005555555555555556
5 0.734375 0.6902777777777778 0.0390625 0.008333333333333333
8 0.7421875 0.6958333333333333 0.0078125 0.005555555555555556
5 0.723046875 0.6930555555555555 0.03984375 0.008333333333333333
8 0.71875 0.7 0.021875 0.002777777777777778
5 0.7125 0.6965277777777777 0.0375 0.006944444444444444
8 0.699609375 0.70625 0.04140625 0.0125
5 0.700390625 0.7006944444444444 0.03984375 0.009722222222222222
8 0.679296875 0.7368055555555556 0.03984375 0.034722222222222224
5 0.678125 0.7229166666666667 0.0375 0.0125
8 0.7140625 0.7409722222222223 0.046875 0.034722222222222224
5 0.7140625 0.7256944444444444 0.0421875 0.0125
8 0.641015625 0.7361111111111112 0.04453125 0.030555555555555555
5 0.6421875 0.7201388888888889 0.0421875 0.0125
8 0.60703125 0.7291666666666666 0.046875 0.027777777777777776
5 0.606640625 0.7173611111111111 0.04140625 0.0125
8 0.721875 0.725 0.0484375 0.030555555555555555
5 0.72109375 0.7111111111111111 0.04375 0.011111111111111112
8 0.711328125 0.7298611111111111 0.05078125 0.03194444444444444
5 0.710546875 0.7145833333333333 0.04609375 0.009722222222222222
8 0.666015625 0.7263888888888889 0.04296875 0.030555555555555555
5 0.665234375 0.7125 0.03984375 0.008333333333333333
8 0.630078125 0.725 0.04140625 0.030555555555555555
5 0.630859375 0.7104166666666667 0.03984375 0.009722222222222222
8 0.6046875 0.775 0.0296875 0.041666666666666664
5 0.60234375 0.7576388888888889 0.025 0.015277777777777777
8 0.616796875 0.7666666666666667 0.04609375 0.03888888888888889
5 0.612890625 0.7493055555555556 0.04609375 0.015277777777777777
0 0.8875 0.8333333333333334 0.2234375 0.33055555555555555
0 0.3640625 0.7 0.1 0.17777777777777778
0 0.538671875 0.6680555555555555 0.06015625 0.13333333333333333
0 0.591796875 0.6402777777777777 0.05078125 0.1
1 0.30703125 0.6375 0.0515625 0.06111111111111111
1 0.291015625 0.6381944444444444 0.05234375 0.0625
1 0.262109375 0.6354166666666666 0.03828125 0.0625
1 0.250390625 0.6381944444444444 0.05078125 0.0625
1 0.240234375 0.6340277777777777 0.02734375 0.059722222222222225
1 0.228515625 0.6361111111111111 0.00390625 0.05277777777777778
1 0.17734375 0.6256944444444444 0.0171875 0.05138888888888889
1 0.1125 0.6513888888888889 0.0625 0.07222222222222222
1 0.0890625 0.6493055555555556 0.0625 0.07083333333333333
1 0.005078125 0.6638888888888889 0.01015625 0.08055555555555556
1 0.99609375 0.6993055555555555 0.00625 0.10972222222222222
2 0.997265625 0.6694444444444444 0.00390625 0.027777777777777776
2 0.99765625 0.7173611111111111 0.003125 0.034722222222222224
2 0.998828125 0.6541666666666667 0.00078125 0.0
1 0.916015625 0.6770833333333334 0.04609375 0.09861111111111111
2 0.936328125 0.6965277777777777 0.00234375 0.0125
2 0.925 0.6520833333333333 0.0234375 0.029166666666666667
2 0.912109375 0.6555555555555556 0.03515625 0.030555555555555555
2 0.926171875 0.6993055555555555 0.01796875 0.020833333333333332
2 0.909375 0.6388888888888888 0.0171875 0.0
2 0.928125 0.6534722222222222 0.0140625 0.029166666666666667
2 0.90625 0.6402777777777777 0.015625 0.0
2 0.9234375 0.6541666666666667 0.0171875 0.027777777777777776
1 0.89375 0.6916666666666667 0.053125 0.1111111111111111
2 0.886328125 0.6888888888888889 0.00703125 0.0
2 0.915234375 0.7055555555555556 0.00703125 0.030555555555555555
2 0.903125 0.6604166666666667 0.0296875 0.02638888888888889
2 0.889453125 0.6673611111111111 0.03984375 0.03194444444444444
2 0.89921875 0.7090277777777778 0.0328125 0.0375
2 0.88515625 0.6486111111111111 0.015625 0.0
2 0.912109375 0.6625 0.00703125 0.025
2 0.883203125 0.65 0.01953125 0.0
2 0.903125 0.6631944444444444 0.01875 0.02638888888888889
1 0.8734375 0.6361111111111111 0.046875 0.019444444444444445
2 0.883203125 0.6381944444444444 0.02265625 0.004166666666666667
2 0.86875 0.64375 0.034375 0.009722222222222222
2 0.865625 0.6854166666666667 0.003125 0.001388888888888889
2 0.867578125 0.6375 0.01640625 0.0
2 0.884375 0.6416666666666667 0.015625 0.008333333333333333
2 0.865234375 0.6388888888888888 0.01171875 0.0
2 0.88046875 0.6423611111111112 0.0171875 0.006944444444444444
1 0.846875 0.6875 0.053125 0.10555555555555556
2 0.841015625 0.6861111111111111 0.01015625 0.0
2 0.8640625 0.6875 0.00625 0.0
2 0.86171875 0.6479166666666667 0.0203125 0.004166666666666667
2 0.841796875 0.6645833333333333 0.03828125 0.03194444444444444
2 0.844921875 0.7055555555555556 0.04453125 0.03611111111111111
2 0.842578125 0.6472222222222223 0.01328125 0.0
2 0.85859375 0.6604166666666667 0.0171875 0.02638888888888889
2 0.837109375 0.6479166666666667 0.01484375 0.001388888888888889
2 0.855078125 0.6611111111111111 0.01953125 0.025
2 0.816015625 0.8576388888888888 0.03828125 0.07361111111111111
2 0.7296875 0.8972222222222223 0.1328125 0.08611111111111111
2 0.7296875 0.8222222222222222 0.1328125 0.09444444444444444
2 0.7765625 0.7930555555555555 0.1171875 0.08055555555555556
2 0.5359375 0.7673611111111112 0.10625 0.07083333333333333
2 0.46875 0.7916666666666666 0.11875 0.08055555555555556
2 0.51015625 0.85625 0.0359375 0.07361111111111111
2 0.575 0.825 0.028125 0.06388888888888888
2 0.50390625 0.7791666666666667 0.1125 0.075
2 0.428515625 0.8048611111111111 0.12578125 0.0875
2 0.428515625 0.8736111111111111 0.12578125 0.07777777777777778
2 0.544140625 0.8395833333333333 0.03203125 0.06805555555555555
2 0.469921875 0.7423611111111111 0.05234375 0.015277777777777777
2 0.817578125 0.6840277777777778 0.01171875 0.029166666666666667
2 0.753125 0.6826388888888889 0.0296875 0.018055555555555554
2 0.78984375 0.6888888888888889 0.0421875 0.030555555555555555
2 0.753125 0.6611111111111111 0.0296875 0.027777777777777776
2 0.78984375 0.6618055555555555 0.0421875 0.029166666666666667
2 0.755078125 0.6340277777777777 0.03515625 0.029166666666666667
2 0.78984375 0.6347222222222222 0.0421875 0.030555555555555555
5 0.12578125 0.6979166666666666 0.0546875 0.0125
5 0.12109375 0.7069444444444445 0.0453125 0.011111111111111112
5 0.12109375 0.7131944444444445 0.0453125 0.0125
5 0.12109375 0.7215277777777778 0.0453125 0.0125
5 0.12109375 0.7375 0.0453125 0.013888888888888888
5 0.12109375 0.7291666666666666 0.0453125 0.013888888888888888
5 0.12109375 0.7527777777777778 0.0453125 0.013888888888888888
5 0.12109375 0.7451388888888889 0.0453125 0.0125
5 0.05546875 0.6868055555555556 0.0390625 0.006944444444444444
5 0.053125 0.6930555555555555 0.034375 0.005555555555555556
5 0.1609375 0.7173611111111111 0.05 0.0125
5 0.1609375 0.725 0.05 0.013888888888888888
5 0.1609375 0.7416666666666667 0.05 0.013888888888888888
5 0.1609375 0.7333333333333333 0.05 0.013888888888888888
5 0.1578125 0.7569444444444444 0.04375 0.013888888888888888
5 0.1578125 0.7486111111111111 0.04375 0.013888888888888888
5 0.078515625 0.6888888888888889 0.03359375 0.008333333333333333
5 0.085546875 0.6958333333333333 0.01953125 0.005555555555555556
5 0.1609375 0.7090277777777778 0.05 0.0125
5 0.161328125 0.7006944444444444 0.04921875 0.0125
5 0.208984375 0.7201388888888889 0.05703125 0.009722222222222222
5 0.208984375 0.7291666666666666 0.05703125 0.011111111111111112
5 0.208984375 0.7458333333333333 0.05703125 0.011111111111111112
5 0.208984375 0.7375 0.05703125 0.011111111111111112
5 0.208984375 0.7618055555555555 0.05703125 0.009722222222222222
5 0.208984375 0.7534722222222222 0.05703125 0.009722222222222222
5 0.11015625 0.6916666666666667 0.0390625 0.005555555555555556
5 0.09765625 0.6986111111111111 0.015625 0.005555555555555556
5 0.208984375 0.7131944444444445 0.05703125 0.009722222222222222
5 0.208984375 0.7048611111111112 0.05703125 0.009722222222222222
5 0.208984375 0.6555555555555556 0.05703125 0.008333333333333333
5 0.208984375 0.6638888888888889 0.05703125 0.008333333333333333
5 0.208984375 0.6819444444444445 0.05703125 0.008333333333333333
5 0.208984375 0.6736111111111112 0.05703125 0.008333333333333333
5 0.208984375 0.6972222222222222 0.05703125 0.008333333333333333
5 0.208984375 0.6888888888888889 0.05703125 0.008333333333333333
5 0.11015625 0.6881944444444444 0.0390625 0.006944444444444444
5 0.109765625 0.68125 0.03984375 0.006944444444444444
5 0.208984375 0.6486111111111111 0.05703125 0.008333333333333333
5 0.209375 0.6402777777777777 0.05625 0.008333333333333333
