3 0.499609375 0.8263888888888888 0.99921875 0.34444444444444444
4 0.418359375 0.7472222222222222 0.00703125 0.05555555555555555
4 0.426953125 0.7847222222222222 0.02578125 0.06666666666666667
4 0.446875 0.8097222222222222 0.0078125 0.06666666666666667
4 0.448046875 0.8340277777777778 0.02890625 0.0763888888888889
4 0.4734375 0.8666666666666667 0.009375 0.07777777777777778
4 0.47734375 0.9 0.0359375 0.09166666666666666
4 0.51015625 0.9458333333333333 0.0125 0.09444444444444444
4 0.528515625 0.9611111111111111 0.01484375 0.075
4 0.0640625 0.7652777777777777 0.009375 0.058333333333333334
4 0.035546875 0.8131944444444444 0.01640625 0.0763888888888889
4 0.0171875 0.8361111111111111 0.0109375 0.07222222222222222
4 0.003515625 0.8722222222222222 0.00703125 0.08333333333333333
8 0.5171875 0.89375 0.05 0.06527777777777778
8 0.884765625 0.7652777777777777 0.04140625 0.025
5 0.379296875 0.6611111111111111 0.03828125 0.011111111111111112
5 0.379296875 0.6611111111111111 0.03828125 0.011111111111111112
5 0.379296875 0.6611111111111111 0.03828125 0.011111111111111112
5 0.379296875 0.6520833333333333 0.03828125 0.0125
5 0.379296875 0.6520833333333333 0.03828125 0.0125
5 0.379296875 0.6520833333333333 0.03828125 0.0125
5 0.379296875 0.66875 0.03828125 0.009722222222222222
5 0.379296875 0.66875 0.03828125 0.009722222222222222
5 0.379296875 0.66875 0.03828125 0.009722222222222222
5 0.433203125 0.6659722222222222 0.03828125 0.009722222222222222
5 0.433203125 0.6659722222222222 0.03828125 0.009722222222222222
5 0.433203125 0.6659722222222222 0.03828125 0.009722222222222222
5 0.433203125 0.6590277777777778 0.03828125 0.009722222222222222
5 0.433203125 0.6590277777777778 0.03828125 0.009722222222222222
5 0.433203125 0.6590277777777778 0.03828125 0.009722222222222222
5 0.433203125 0.6513888888888889 0.03828125 0.011111111111111112
5 0.433203125 0.6513888888888889 0.03828125 0.011111111111111112
5 0.433203125 0.6513888888888889 0.03828125 0.011111111111111112
5 0.433203125 0.6423611111111112 0.03828125 0.009722222222222222
5 0.433203125 0.6423611111111112 0.03828125 0.009722222222222222
5 0.433203125 0.6423611111111112 0.03828125 0.009722222222222222
6 0.50078125 0.6923611111111111 0.034375 0.04027777777777778
6 0.48515625 0.6833333333333333 0.0296875 0.06111111111111111
6 0.501171875 0.65 0.03515625 0.06388888888888888
6 0.490234375 0.6875 0.02734375 0.05277777777777778
6 0.51953125 0.7534722222222222 0.0546875 0.07916666666666666
6 0.549609375 0.7645833333333333 0.06328125 0.07361111111111111
7 0.633984375 0.9159722222222222 0.07578125 0.03194444444444444
7 0.661328125 0.9527777777777777 0.07109375 0.03333333333333333
7 0.3671875 0.9395833333333333 0.0390625 0.04861111111111111
7 0.049609375 0.9930555555555556 0.04140625 0.011111111111111112
7 0.348046875 0.8361111111111111 0.03046875 0.03333333333333333
7 0.0421875 0.80625 0.0625 0.020833333333333332
7 0.375 0.7388888888888889 0.0453125 0.016666666666666666
7 0.39375 0.7916666666666666 0.053125 0.019444444444444445
8 0.63671875 0.9680555555555556 0.0703125 0.06111111111111111
5 0.639453125 0.9583333333333334 0.06484375 0.044444444444444446
8 0.575390625 0.9708333333333333 0.07109375 0.05555555555555555
5 0.576171875 0.9652777777777778 0.06328125 0.044444444444444446
8 0.5296875 0.8201388888888889 0.0359375 0.03194444444444444
5 0.541796875 0.8111111111111111 0.01171875 0.022222222222222223
8 0.4890625 0.8319444444444445 0.0453125 0.05
5 0.4828125 0.8159722222222222 0.0265625 0.02361111111111111
8 0.465625 0.7597222222222222 0.046875 0.03611111111111111
5 0.465234375 0.7472222222222222 0.04296875 0.013888888888888888
8 0.4609375 0.75 0.0453125 0.03333333333333333
5 0.458203125 0.7368055555555556 0.03671875 0.009722222222222222
8 0.453125 0.7416666666666667 0.040625 0.03333333333333333
5 0.454296875 0.7291666666666666 0.03984375 0.011111111111111112
8 0.45078125 0.7333333333333333 0.0421875 0.030555555555555555
5 0.447265625 0.7201388888888889 0.03359375 0.009722222222222222
8 0.487109375 0.7395833333333334 0.00859375 0.03194444444444444
5 0.487890625 0.7277777777777777 0.00859375 0.011111111111111112
8 0.48359375 0.7305555555555555 0.0015625 0.016666666666666666
5 0.493359375 0.7180555555555556 0.02109375 0.008333333333333333
8 0.490625 0.7402777777777778 0.003125 0.016666666666666666
5 0.49140625 0.7340277777777777 0.0015625 0.006944444444444444
8 0.778515625 0.6909722222222222 0.03671875 0.02638888888888889
5 0.780078125 0.6805555555555556 0.03671875 0.008333333333333333
8 0.769140625 0.6784722222222223 0.03984375 0.0125
5 0.76875 0.675 0.0359375 0.008333333333333333
8 0.7796875 0.6965277777777777 0.015625 0.02638888888888889
5 0.7875 0.6861111111111111 0.0265625 0.008333333333333333
8 0.802734375 0.7006944444444444 0.03671875 0.020833333333333332
5 0.805859375 0.6930555555555555 0.03828125 0.008333333333333333
8 0.749609375 0.6763888888888889 0.00078125 0.0
8 0.75625 0.7041666666666667 0.0015625 0.0
5 0.7484375 0.6798611111111111 0.0203125 0.004166666666666667
8 0.756640625 0.7 0.03359375 0.022222222222222223
5 0.755078125 0.6868055555555556 0.03203125 0.006944444444444444
8 0.768359375 0.7076388888888889 0.03671875 0.02361111111111111
5 0.76640625 0.69375 0.034375 0.009722222222222222
8 0.863671875 0.7395833333333334 0.04453125 0.034722222222222224
5 0.863671875 0.7277777777777777 0.03984375 0.013888888888888888
8 0.890625 0.7381944444444445 0.0296875 0.034722222222222224
5 0.89140625 0.7263888888888889 0.028125 0.013888888888888888
8 0.849609375 0.7458333333333333 0.01484375 0.025
5 0.83203125 0.7277777777777777 0.034375 0.011111111111111112
8 0.792578125 0.7381944444444445 0.02890625 0.02638888888888889
5 0.794140625 0.7305555555555555 0.02890625 0.013888888888888888
8 0.826171875 0.7138888888888889 0.04296875 0.022222222222222223
5 0.826953125 0.7055555555555556 0.03984375 0.011111111111111112
8 0.846875 0.725 0.0484375 0.027777777777777776
5 0.850390625 0.7138888888888889 0.03515625 0.011111111111111112
8 0.8140625 0.71875 0.0421875 0.0125
5 0.809765625 0.7166666666666667 0.02890625 0.011111111111111112
8 0.78046875 0.7305555555555555 0.040625 0.03333333333333333
5 0.7796875 0.7180555555555556 0.0359375 0.013888888888888888
8 0.994140625 0.8020833333333334 0.01015625 0.018055555555555554
5 0.987109375 0.7847222222222222 0.02421875 0.016666666666666666
8 0.990625 0.7875 0.009375 0.025
5 0.9640625 0.7708333333333334 0.0546875 0.011111111111111112
8 0.989453125 0.8513888888888889 0.01953125 0.03888888888888889
5 0.991015625 0.8388888888888889 0.01640625 0.016666666666666666
8 0.980859375 0.8458333333333333 0.01171875 0.03333333333333333
5 0.987109375 0.8229166666666666 0.02421875 0.020833333333333332
0 0.83125 0.7701388888888889 0.096875 0.2013888888888889
0 0.72890625 0.6979166666666666 0.0671875 0.15138888888888888
0 0.515625 0.6347222222222222 0.0359375 0.10555555555555556
0 0.329296875 0.9569444444444445 0.10078125 0.08333333333333333
1 0.1109375 0.6548611111111111 0.0640625 0.08472222222222223
1 0.10625 0.6604166666666667 0.065625 0.0875
1 0.04296875 0.6555555555555556 0.0671875 0.08333333333333333
1 0.037109375 0.6638888888888889 0.06953125 0.08888888888888889
1 0.00546875 0.6513888888888889 0.0109375 0.06944444444444445
1 0.0015625 0.6569444444444444 0.003125 0.07222222222222222
1 0.023828125 0.7222222222222222 0.04765625 0.11666666666666667
1 0.000390625 0.775 0.00078125 0.10833333333333334
1 0.990234375 0.6048611111111111 0.01640625 0.006944444444444444
2 0.9796875 0.6597222222222222 0.0078125 0.002777777777777778
2 0.987890625 0.61875 0.02265625 0.018055555555555554
2 0.984765625 0.6611111111111111 0.00078125 0.0
2 0.991796875 0.6194444444444445 0.01484375 0.016666666666666666
2 0.998046875 0.6111111111111112 0.00234375 0.0
2 0.995703125 0.6201388888888889 0.00703125 0.0125
1 0.924609375 0.6194444444444445 0.03828125 0.022222222222222223
2 0.90625 0.6284722222222222 0.0 0.004166666666666667
2 0.940625 0.6270833333333333 0.00625 0.020833333333333332
2 0.939453125 0.6138888888888889 0.00390625 0.0
2 0.937890625 0.6166666666666667 0.00078125 0.0
2 0.940625 0.6159722222222223 0.00625 0.001388888888888889
1 0.9875 0.6590277777777778 0.0234375 0.07916666666666666
2 0.98515625 0.6756944444444445 0.01875 0.02638888888888889
2 0.9875 0.6409722222222223 0.0234375 0.02638888888888889
2 0.99140625 0.6791666666666667 0.015625 0.027777777777777776
2 0.99140625 0.64375 0.015625 0.02638888888888889
2 0.998046875 0.6305555555555555 0.00234375 0.0
2 0.995703125 0.6458333333333334 0.00703125 0.025
1 0.855859375 0.6430555555555556 0.05390625 0.075
2 0.843359375 0.6159722222222223 0.02421875 0.004166666666666667
2 0.865625 0.6319444444444444 0.0296875 0.025
2 0.851953125 0.6618055555555555 0.02734375 0.02638888888888889
2 0.8453125 0.6173611111111111 0.015625 0.004166666666666667
2 0.858984375 0.6159722222222223 0.01484375 0.001388888888888889
2 0.849609375 0.6291666666666667 0.01171875 0.022222222222222223
1 0.91953125 0.66875 0.0484375 0.08194444444444444
2 0.90078125 0.6333333333333333 0.0109375 0.002777777777777778
2 0.940625 0.6493055555555556 0.00625 0.02361111111111111
2 0.924609375 0.6861111111111111 0.03828125 0.030555555555555555
2 0.905859375 0.6354166666666666 0.00078125 0.004166666666666667
2 0.93828125 0.6375 0.0015625 0.0
1 0.82421875 0.6479166666666667 0.053125 0.08472222222222223
2 0.805078125 0.6569444444444444 0.01015625 0.022222222222222223
2 0.813671875 0.6256944444444444 0.02734375 0.02361111111111111
2 0.8328125 0.6326388888888889 0.0296875 0.02361111111111111
2 0.828125 0.6631944444444444 0.040625 0.029166666666666667
2 0.815234375 0.6277777777777778 0.01484375 0.022222222222222223
2 0.825 0.6173611111111111 0.0125 0.001388888888888889
2 0.8203125 0.63125 0.00625 0.02361111111111111
2 0.83203125 0.6180555555555556 0.0078125 0.0
1 0.88046875 0.6673611111111111 0.05 0.09027777777777778
2 0.865625 0.6805555555555556 0.015625 0.027777777777777776
2 0.872265625 0.6458333333333334 0.02734375 0.027777777777777776
2 0.893359375 0.6527777777777778 0.02578125 0.027777777777777776
2 0.885546875 0.6861111111111111 0.03984375 0.03333333333333333
2 0.874609375 0.6479166666666667 0.01796875 0.02638888888888889
2 0.88828125 0.6354166666666666 0.0171875 0.001388888888888889
2 0.879296875 0.6506944444444445 0.01328125 0.02638888888888889
2 0.89609375 0.6375 0.0015625 0.0
2 0.9625 0.8034722222222223 0.0515625 0.05694444444444444
2 0.89921875 0.8090277777777778 0.0765625 0.0625
2 0.651171875 0.65625 0.01171875 0.029166666666666667
2 0.67734375 0.6638888888888889 0.0390625 0.030555555555555555
2 0.710546875 0.6590277777777778 0.02734375 0.015277777777777777
2 0.67734375 0.6395833333333333 0.0390625 0.029166666666666667
2 0.7125 0.6409722222222223 0.03125 0.02361111111111111
2 0.67734375 0.6159722222222223 0.0390625 0.029166666666666667
2 0.708984375 0.6145833333333334 0.03984375 0.029166666666666667
5 0.51328125 0.8097222222222222 0.05625 0.025
5 0.51328125 0.8201388888888889 0.05625 0.02361111111111111
5 0.51328125 0.8305555555555556 0.05625 0.022222222222222223
5 0.51328125 0.8395833333333333 0.05625 0.02361111111111111
5 0.51328125 0.8597222222222223 0.05625 0.025
5 0.51328125 0.8493055555555555 0.05625 0.02361111111111111
5 0.51328125 0.8791666666666667 0.05625 0.025
5 0.51328125 0.86875 0.05625 0.02361111111111111
5 0.0015625 0.7847222222222222 0.0015625 0.008333333333333333
5 0.001953125 0.79375 0.00234375 0.009722222222222222
5 0.57734375 0.8256944444444444 0.0578125 0.020833333333333332
5 0.57734375 0.8354166666666667 0.0578125 0.02361111111111111
5 0.57734375 0.8548611111111111 0.0578125 0.02361111111111111
5 0.57734375 0.8451388888888889 0.0578125 0.02361111111111111
5 0.57734375 0.8743055555555556 0.0578125 0.02361111111111111
5 0.57734375 0.8645833333333334 0.0578125 0.02361111111111111
5 0.033203125 0.7868055555555555 0.04921875 0.018055555555555554
5 0.034765625 0.7958333333333333 0.04921875 0.019444444444444445
5 0.57734375 0.8166666666666667 0.0578125 0.022222222222222223
5 0.57734375 0.8055555555555556 0.0578125 0.025
5 0.64453125 0.8208333333333333 0.0546875 0.022222222222222223
5 0.64453125 0.8305555555555556 0.0546875 0.022222222222222223
5 0.64453125 0.8506944444444444 0.0546875 0.02361111111111111
5 0.64453125 0.8402777777777778 0.0546875 0.022222222222222223
5 0.64453125 0.86875 0.0546875 0.02361111111111111
5 0.64453125 0.8590277777777777 0.0546875 0.02361111111111111
5 0.09609375 0.7840277777777778 0.046875 0.018055555555555554
5 0.097265625 0.7916666666666666 0.04609375 0.019444444444444445
5 0.64453125 0.8125 0.0546875 0.022222222222222223
5 0.64453125 0.8027777777777778 0.0546875 0.022222222222222223
5 0.644921875 0.7458333333333333 0.05390625 0.019444444444444445
5 0.644921875 0.7555555555555555 0.05390625 0.019444444444444445
5 0.64453125 0.7756944444444445 0.0546875 0.020833333333333332
5 0.644921875 0.7659722222222223 0.05390625 0.020833333333333332
5 0.64453125 0.79375 0.0546875 0.020833333333333332
5 0.64453125 0.7847222222222222 0.0546875 0.019444444444444445
5 0.09609375 0.7770833333333333 0.046875 0.018055555555555554
5 0.097265625 0.7694444444444445 0.04609375 0.019444444444444445
5 0.644921875 0.7368055555555556 0.05390625 0.020833333333333332
5 0.644921875 0.7270833333333333 0.05390625 0.020833333333333332
