3 0.499609375 0.8298611111111112 0.99921875 0.3375
4 0.141015625 0.7395833333333334 0.01484375 0.0625
4 0.008984375 0.7326388888888888 0.01328125 0.0125
8 0.522265625 0.8125 0.08671875 0.04722222222222222
5 0.55 0.6868055555555556 0.0375 0.009722222222222222
5 0.55 0.6868055555555556 0.0375 0.009722222222222222
5 0.55 0.6868055555555556 0.0375 0.009722222222222222
5 0.547265625 0.6777777777777778 0.04296875 0.011111111111111112
5 0.547265625 0.6777777777777778 0.04296875 0.011111111111111112
5 0.547265625 0.6777777777777778 0.04296875 0.011111111111111112
5 0.550390625 0.6944444444444444 0.03671875 0.008333333333333333
5 0.550390625 0.6944444444444444 0.03671875 0.008333333333333333
5 0.550390625 0.6944444444444444 0.03671875 0.008333333333333333
5 0.5796875 0.6979166666666666 0.0109375 0.006944444444444444
5 0.5796875 0.6979166666666666 0.0109375 0.006944444444444444
5 0.5796875 0.6979166666666666 0.0109375 0.006944444444444444
5 0.579296875 0.6902777777777778 0.01015625 0.008333333333333333
5 0.579296875 0.6902777777777778 0.01015625 0.008333333333333333
5 0.579296875 0.6902777777777778 0.01015625 0.008333333333333333
5 0.5796875 0.6819444444444445 0.0109375 0.008333333333333333
5 0.5796875 0.6819444444444445 0.0109375 0.008333333333333333
5 0.5796875 0.6819444444444445 0.0109375 0.008333333333333333
5 0.580078125 0.6715277777777777 0.01171875 0.009722222222222222
5 0.580078125 0.6715277777777777 0.01171875 0.009722222222222222
5 0.580078125 0.6715277777777777 0.01171875 0.009722222222222222
6 0.43671875 0.7111111111111111 0.0515625 0.06666666666666667
6 0.496484375 0.6868055555555556 0.03671875 0.0375
6 0.43671875 0.6534722222222222 0.0515625 0.06527777777777778
6 0.466015625 0.70625 0.04921875 0.06527777777777778
6 0.265234375 0.7222222222222222 0.06015625 0.05277777777777778
6 0.227734375 0.7263888888888889 0.02578125 0.044444444444444446
7 0.017578125 0.9826388888888888 0.03515625 0.03194444444444444
7 0.01484375 0.7201388888888889 0.0296875 0.015277777777777777
7 0.160546875 0.7520833333333333 0.02890625 0.018055555555555554
7 0.126953125 0.6701388888888888 0.02890625 0.006944444444444444
7 0.15703125 0.6680555555555555 0.028125 0.008333333333333333
7 0.0578125 0.6763888888888889 0.003125 0.0
7 0.086328125 0.675 0.01796875 0.002777777777777778
8 0.115625 0.78125 0.0453125 0.043055555555555555
5 0.113671875 0.7631944444444444 0.04140625 0.015277777777777777
5 0.098046875 0.7541666666666667 0.01015625 0.002777777777777778
8 0.297265625 0.7319444444444444 0.00234375 0.005555555555555556
5 0.29609375 0.7277777777777777 0.0015625 0.002777777777777778
8 0.31328125 0.7354166666666667 0.0328125 0.02361111111111111
5 0.310546875 0.7243055555555555 0.03046875 0.009722222222222222
8 0.341015625 0.73125 0.02109375 0.02361111111111111
5 0.326953125 0.7194444444444444 0.04296875 0.008333333333333333
8 0.3546875 0.7229166666666667 0.046875 0.015277777777777777
5 0.353125 0.7152777777777778 0.04375 0.008333333333333333
8 0.365234375 0.7402777777777778 0.04765625 0.030555555555555555
5 0.362890625 0.725 0.04609375 0.011111111111111112
8 0.38984375 0.7347222222222223 0.05 0.030555555555555555
5 0.389453125 0.7208333333333333 0.04453125 0.011111111111111112
8 0.340625 0.7444444444444445 0.0515625 0.03333333333333333
5 0.33984375 0.7298611111111111 0.046875 0.0125
8 0.316796875 0.75 0.04140625 0.03333333333333333
5 0.31484375 0.7354166666666667 0.0390625 0.0125
8 0.80546875 0.7576388888888889 0.0515625 0.034722222222222224
5 0.801953125 0.7416666666666667 0.05234375 0.013888888888888888
8 0.819921875 0.7513888888888889 0.05546875 0.03333333333333333
5 0.81875 0.7368055555555556 0.05 0.0125
8 0.791796875 0.7638888888888888 0.05546875 0.03611111111111111
5 0.788671875 0.7472222222222222 0.05390625 0.013888888888888888
8 0.77109375 0.7701388888888889 0.059375 0.0375
5 0.76953125 0.7534722222222222 0.0546875 0.015277777777777777
8 0.76796875 0.7333333333333333 0.053125 0.008333333333333333
5 0.766796875 0.7305555555555555 0.04921875 0.011111111111111112
8 0.769140625 0.7506944444444444 0.01640625 0.03194444444444444
5 0.748828125 0.7361111111111112 0.05078125 0.011111111111111112
8 0.735546875 0.74375 0.05703125 0.009722222222222222
5 0.734375 0.7409722222222223 0.0515625 0.0125
8 0.715625 0.7534722222222222 0.059375 0.018055555555555554
5 0.71484375 0.7465277777777778 0.053125 0.015277777777777777
8 0.65859375 0.8020833333333334 0.0609375 0.04583333333333333
5 0.657421875 0.7833333333333333 0.05703125 0.019444444444444445
8 0.702734375 0.8076388888888889 0.06484375 0.043055555555555555
5 0.70234375 0.7895833333333333 0.0578125 0.020833333333333332
8 0.617578125 0.7958333333333333 0.06171875 0.044444444444444446
5 0.618359375 0.7777777777777778 0.05546875 0.019444444444444445
8 0.577734375 0.7895833333333333 0.06171875 0.043055555555555555
5 0.577734375 0.7715277777777778 0.05546875 0.018055555555555554
8 0.729296875 0.7819444444444444 0.06328125 0.03888888888888889
5 0.728515625 0.7645833333333333 0.05703125 0.015277777777777777
8 0.71015625 0.7909722222222222 0.065625 0.04027777777777778
5 0.709375 0.7722222222222223 0.059375 0.016666666666666666
8 0.65625 0.7833333333333333 0.05625 0.03888888888888889
5 0.6546875 0.7659722222222223 0.053125 0.015277777777777777
8 0.615234375 0.7777777777777778 0.05859375 0.03888888888888889
5 0.609765625 0.7618055555555555 0.04140625 0.015277777777777777
8 0.501953125 0.8666666666666667 0.07890625 0.05555555555555555
5 0.49921875 0.8402777777777778 0.0734375 0.027777777777777776
8 0.536328125 0.8520833333333333 0.08203125 0.05416666666666667
5 0.535546875 0.8284722222222223 0.07421875 0.02638888888888889
8 0.437109375 0.8972222222222223 0.01015625 0.05277777777777778
5 0.43359375 0.875 0.003125 0.013888888888888888
0 0.77109375 0.9104166666666667 0.3 0.1763888888888889
0 0.23515625 0.7555555555555555 0.1515625 0.225
0 0.49609375 0.7131944444444445 0.1015625 0.1763888888888889
0 0.61796875 0.6625 0.065625 0.11666666666666667
1 0.321875 0.6506944444444445 0.0546875 0.07083333333333333
1 0.30234375 0.6527777777777778 0.05625 0.07222222222222222
1 0.28203125 0.6486111111111111 0.053125 0.06944444444444445
1 0.267578125 0.6493055555555556 0.04296875 0.07083333333333333
1 0.2453125 0.6458333333333334 0.0515625 0.06666666666666667
1 0.2328125 0.6458333333333334 0.0359375 0.06666666666666667
1 0.1953125 0.6368055555555555 0.0484375 0.059722222222222225
1 0.0875 0.6680555555555555 0.06875 0.08055555555555556
1 0.06484375 0.6666666666666666 0.0703125 0.08055555555555556
1 0.979296875 0.7166666666666667 0.03984375 0.11944444444444445
2 0.98828125 0.6715277777777777 0.021875 0.001388888888888889
2 0.98046875 0.69375 0.0375 0.0375
2 0.988671875 0.7416666666666667 0.02109375 0.044444444444444446
2 0.9859375 0.6722222222222223 0.0140625 0.0
2 0.9796875 0.6743055555555556 0.0203125 0.001388888888888889
2 0.994921875 0.6756944444444445 0.00859375 0.001388888888888889
1 0.950390625 0.7458333333333333 0.07578125 0.14722222222222223
2 0.97890625 0.7631944444444444 0.0125 0.043055555555555555
2 0.96015625 0.7076388888888889 0.05 0.043055555555555555
2 0.941796875 0.7159722222222222 0.05234375 0.04583333333333333
2 0.94765625 0.7694444444444445 0.0640625 0.05277777777777778
2 0.943359375 0.6895833333333333 0.02265625 0.001388888888888889
2 0.967578125 0.7118055555555556 0.02421875 0.043055555555555555
2 0.935546875 0.6923611111111111 0.02265625 0.001388888888888889
2 0.960546875 0.7145833333333333 0.02578125 0.043055555555555555
1 0.937890625 0.6701388888888888 0.06484375 0.03194444444444444
2 0.946484375 0.6708333333333333 0.04296875 0.008333333333333333
2 0.930859375 0.6805555555555556 0.04453125 0.016666666666666666
2 0.938671875 0.6694444444444444 0.01015625 0.0
2 0.95390625 0.6777777777777778 0.01875 0.016666666666666666
2 0.925 0.6715277777777777 0.01875 0.001388888888888889
2 0.946484375 0.6791666666666667 0.02265625 0.013888888888888888
1 0.891015625 0.7395833333333334 0.07578125 0.14305555555555555
2 0.918359375 0.7416666666666667 0.01484375 0.008333333333333333
2 0.90234375 0.6868055555555556 0.046875 0.009722222222222222
2 0.88125 0.7111111111111111 0.05 0.044444444444444446
2 0.887890625 0.7625 0.06328125 0.05
2 0.88515625 0.6854166666666667 0.021875 0.001388888888888889
2 0.908203125 0.6902777777777778 0.02265625 0.008333333333333333
2 0.876171875 0.6881944444444444 0.02109375 0.001388888888888889
2 0.899609375 0.7097222222222223 0.02421875 0.041666666666666664
2 0.744921875 0.9986111111111111 0.00078125 0.0
2 0.521484375 0.9673611111111111 0.19765625 0.0625
2 0.6546875 0.9395833333333333 0.18125 0.11805555555555555
2 0.357421875 0.8833333333333333 0.14765625 0.11388888888888889
2 0.2140625 0.93125 0.1671875 0.13472222222222222
2 0.25703125 0.9861111111111112 0.08125 0.025
2 0.400390625 0.9590277777777778 0.06171875 0.07916666666666666
2 0.291015625 0.90625 0.15703125 0.12361111111111112
2 0.125390625 0.9423611111111111 0.18046875 0.1125
2 0.33359375 0.9715277777777778 0.0703125 0.05416666666666667
2 0.41484375 0.8451388888888889 0.0953125 0.07083333333333333
2 0.36640625 0.8159722222222222 0.1046875 0.03194444444444444
2 0.79609375 0.7194444444444444 0.040625 0.025
2 0.848046875 0.7291666666666666 0.04765625 0.03611111111111111
2 0.79609375 0.6930555555555555 0.040625 0.03333333333333333
2 0.848046875 0.6944444444444444 0.04765625 0.03611111111111111
2 0.801953125 0.6590277777777778 0.05234375 0.0375
2 0.848046875 0.6618055555555555 0.04765625 0.0375
5 0.015625 0.7388888888888889 0.03125 0.016666666666666666
5 0.003515625 0.7513888888888889 0.00703125 0.008333333333333333
5 0.003515625 0.7583333333333333 0.00703125 0.013888888888888888
5 0.003515625 0.7701388888888889 0.00703125 0.009722222222222222
5 0.003515625 0.7888888888888889 0.00703125 0.008333333333333333
5 0.003515625 0.7798611111111111 0.00703125 0.009722222222222222
5 0.00703125 0.8041666666666667 0.0 0.0
5 0.003515625 0.7944444444444444 0.00703125 0.005555555555555556
5 0.015625 0.7076388888888889 0.03125 0.009722222222222222
5 0.012890625 0.7125 0.02578125 0.002777777777777778
5 0.024609375 0.7659722222222223 0.04765625 0.015277777777777777
5 0.024609375 0.7763888888888889 0.04765625 0.016666666666666666
5 0.024609375 0.7958333333333333 0.04765625 0.016666666666666666
5 0.024609375 0.7861111111111111 0.04765625 0.016666666666666666
5 0.02421875 0.8145833333333333 0.0484375 0.018055555555555554
5 0.02421875 0.8055555555555556 0.0484375 0.016666666666666666
5 0.0265625 0.7118055555555556 0.009375 0.006944444444444444
5 0.02890625 0.71875 0.0046875 0.006944444444444444
5 0.024609375 0.7576388888888889 0.04765625 0.015277777777777777
5 0.024609375 0.7458333333333333 0.04765625 0.019444444444444445
5 0.07578125 0.7736111111111111 0.06875 0.019444444444444445
5 0.07578125 0.7833333333333333 0.06875 0.019444444444444445
5 0.07578125 0.8048611111111111 0.06875 0.020833333333333332
5 0.07578125 0.7944444444444444 0.06875 0.019444444444444445
5 0.075390625 0.8236111111111111 0.06953125 0.022222222222222223
5 0.07578125 0.8131944444444444 0.06875 0.020833333333333332
5 0.07578125 0.7645833333333333 0.06875 0.018055555555555554
5 0.07578125 0.7548611111111111 0.06875 0.018055555555555554
5 0.07578125 0.6944444444444444 0.06875 0.016666666666666666
5 0.07578125 0.7055555555555556 0.06875 0.016666666666666666
5 0.07578125 0.7263888888888889 0.06875 0.016666666666666666
5 0.07578125 0.7159722222222222 0.06875 0.015277777777777777
5 0.07578125 0.7458333333333333 0.06875 0.016666666666666666
5 0.07578125 0.7347222222222223 0.06875 0.016666666666666666
5 0.05625 0.7055555555555556 0.0 0.0
5 0.07578125 0.6861111111111111 0.06875 0.013888888888888888
5 0.07578125 0.6756944444444445 0.06875 0.015277777777777777
