3 0.503125 0.8277777777777777 0.9921875 0.3416666666666667
4 0.235546875 0.7784722222222222 0.00234375 0.04027777777777778
4 0.103515625 0.7576388888888889 0.02734375 0.018055555555555554
4 0.020703125 0.7798611111111111 0.00703125 0.06527777777777778
4 0.251953125 0.7173611111111111 0.02421875 0.04861111111111111
4 0.207421875 0.7159722222222222 0.00703125 0.04861111111111111
4 0.151953125 0.7131944444444445 0.01328125 0.04861111111111111
4 0.10390625 0.7111111111111111 0.00625 0.04722222222222222
4 0.0453125 0.7090277777777778 0.0234375 0.04583333333333333
4 0.0078125 0.7291666666666666 0.0 0.0
8 0.54375 0.6729166666666667 0.0265625 0.018055555555555554
8 0.45 0.6569444444444444 0.0015625 0.005555555555555556
5 0.5359375 0.6493055555555556 0.03125 0.006944444444444444
5 0.5359375 0.6493055555555556 0.03125 0.006944444444444444
5 0.5359375 0.6493055555555556 0.03125 0.006944444444444444
5 0.5359375 0.6423611111111112 0.03125 0.006944444444444444
5 0.5359375 0.6423611111111112 0.03125 0.006944444444444444
5 0.5359375 0.6423611111111112 0.03125 0.006944444444444444
5 0.5359375 0.6548611111111111 0.03125 0.006944444444444444
5 0.5359375 0.6548611111111111 0.03125 0.006944444444444444
5 0.5359375 0.6548611111111111 0.03125 0.006944444444444444
5 0.51171875 0.6569444444444444 0.015625 0.005555555555555556
5 0.51171875 0.6569444444444444 0.015625 0.005555555555555556
5 0.51171875 0.6569444444444444 0.015625 0.005555555555555556
5 0.51171875 0.65 0.015625 0.005555555555555556
5 0.51171875 0.65 0.015625 0.005555555555555556
5 0.51171875 0.65 0.015625 0.005555555555555556
5 0.51171875 0.6444444444444445 0.015625 0.005555555555555556
5 0.51171875 0.6444444444444445 0.015625 0.005555555555555556
5 0.51171875 0.6444444444444445 0.015625 0.005555555555555556
5 0.513671875 0.6368055555555555 0.01953125 0.006944444444444444
5 0.513671875 0.6368055555555555 0.01953125 0.006944444444444444
5 0.513671875 0.6368055555555555 0.01953125 0.006944444444444444
6 0.454296875 0.6423611111111112 0.01015625 0.0375
6 0.4578125 0.6409722222222223 0.0078125 0.0375
5 0.89921875 0.8493055555555555 0.015625 0.034722222222222224
5 0.89921875 0.8493055555555555 0.015625 0.034722222222222224
5 0.89921875 0.8493055555555555 0.015625 0.034722222222222224
5 0.91796875 0.8326388888888889 0.053125 0.034722222222222224
5 0.91796875 0.8326388888888889 0.053125 0.034722222222222224
5 0.91796875 0.8326388888888889 0.053125 0.034722222222222224
5 0.89921875 0.8645833333333334 0.015625 0.034722222222222224
5 0.89921875 0.8645833333333334 0.015625 0.034722222222222224
5 0.89921875 0.8645833333333334 0.015625 0.034722222222222224
5 0.941796875 0.9027777777777778 0.06796875 0.041666666666666664
5 0.941796875 0.9027777777777778 0.06796875 0.041666666666666664
5 0.941796875 0.9027777777777778 0.06796875 0.041666666666666664
5 0.941796875 0.8854166666666666 0.06796875 0.043055555555555555
5 0.941796875 0.8854166666666666 0.06796875 0.043055555555555555
5 0.941796875 0.8854166666666666 0.06796875 0.043055555555555555
5 0.941796875 0.8673611111111111 0.06796875 0.043055555555555555
5 0.941796875 0.8673611111111111 0.06796875 0.043055555555555555
5 0.941796875 0.8673611111111111 0.06796875 0.043055555555555555
5 0.941796875 0.8479166666666667 0.06796875 0.04027777777777778
5 0.941796875 0.8479166666666667 0.06796875 0.04027777777777778
5 0.941796875 0.8479166666666667 0.06796875 0.04027777777777778
6 0.375 0.8361111111111111 0.08125 0.10833333333333334
6 0.528125 0.84375 0.0578125 0.11527777777777778
6 0.37578125 0.7465277777777778 0.08125 0.10694444444444444
6 0.4328125 0.8368055555555556 0.05625 0.10972222222222222
6 0.10703125 0.8083333333333333 0.075 0.10555555555555556
6 0.0296875 0.8041666666666667 0.0453125 0.09722222222222222
7 0.063671875 0.7840277777777778 0.01015625 0.0125
7 0.3203125 0.7368055555555556 0.028125 0.018055555555555554
7 0.394140625 0.8159722222222222 0.03203125 0.02638888888888889
7 0.16953125 0.8027777777777778 0.046875 0.025
7 0.71171875 0.7 0.0171875 0.011111111111111112
7 0.755859375 0.7027777777777777 0.01484375 0.013888888888888888
7 0.61015625 0.6965277777777777 0.0171875 0.0125
7 0.653515625 0.6979166666666666 0.01796875 0.0125
7 0.28046875 0.6861111111111111 0.0265625 0.011111111111111112
7 0.24375 0.6847222222222222 0.0265625 0.011111111111111112
7 0.330859375 0.6875 0.02578125 0.011111111111111112
6 0.050390625 0.6923611111111111 0.04453125 0.05416666666666667
6 0.02734375 0.6993055555555555 0.0390625 0.05694444444444444
6 0.02734375 0.6493055555555556 0.0390625 0.05694444444444444
6 0.05234375 0.6451388888888889 0.0484375 0.05416666666666667
6 0.1703125 0.6534722222222222 0.05 0.059722222222222225
6 0.19609375 0.6486111111111111 0.0484375 0.05555555555555555
6 0.1703125 0.70625 0.05 0.059722222222222225
6 0.195703125 0.6979166666666666 0.04765625 0.05694444444444444
6 0.175 0.6527777777777778 0.0296875 0.03611111111111111
6 0.159375 0.6520833333333333 0.0109375 0.029166666666666667
8 0.00859375 0.7909722222222222 0.0015625 0.018055555555555554
8 0.196875 0.8229166666666666 0.0625 0.04861111111111111
5 0.196875 0.8048611111111111 0.05625 0.020833333333333332
8 0.242578125 0.8256944444444444 0.06171875 0.04861111111111111
5 0.242578125 0.8083333333333333 0.05546875 0.022222222222222223
8 0.284765625 0.8277777777777777 0.06171875 0.05
5 0.284765625 0.8097222222222222 0.05390625 0.022222222222222223
8 0.33046875 0.8340277777777778 0.05625 0.04027777777777778
5 0.33203125 0.8138888888888889 0.053125 0.022222222222222223
8 0.251953125 0.8472222222222222 0.06640625 0.05555555555555555
5 0.251953125 0.8284722222222223 0.05859375 0.02361111111111111
8 0.301953125 0.8513888888888889 0.06484375 0.05555555555555555
5 0.301953125 0.8319444444444445 0.05703125 0.025
8 0.207421875 0.8451388888888889 0.06796875 0.05416666666666667
5 0.207421875 0.8256944444444444 0.06015625 0.02361111111111111
8 0.159375 0.8409722222222222 0.06875 0.05416666666666667
5 0.159375 0.8229166666666666 0.0609375 0.02361111111111111
0 0.027734375 0.8520833333333333 0.04140625 0.2708333333333333
0 0.775390625 0.8326388888888889 0.19609375 0.2625
0 0.091796875 0.6680555555555555 0.05390625 0.11666666666666667
0 0.138671875 0.6701388888888888 0.06328125 0.11805555555555555
1 0.7953125 0.7138888888888889 0.0453125 0.11388888888888889
1 0.754296875 0.7125 0.04296875 0.1111111111111111
1 0.788671875 0.6958333333333333 0.04140625 0.09444444444444444
1 0.75 0.6951388888888889 0.0375 0.09305555555555556
1 0.78359375 0.6902777777777778 0.0375 0.09722222222222222
1 0.746484375 0.6840277777777778 0.03515625 0.08472222222222223
1 0.83125 0.6694444444444444 0.0609375 0.08055555555555556
1 0.43515625 0.6944444444444444 0.0515625 0.09444444444444444
1 0.44140625 0.6888888888888889 0.0390625 0.09166666666666666
1 0.2796875 0.6840277777777778 0.071875 0.09027777777777778
1 0.26328125 0.6902777777777778 0.075 0.09444444444444444
1 0.137109375 0.6555555555555556 0.05234375 0.06944444444444445
2 0.118359375 0.6430555555555556 0.01015625 0.022222222222222223
2 0.15546875 0.6381944444444444 0.0109375 0.020833333333333332
2 0.1578125 0.6645833333333333 0.00625 0.0125
2 0.14765625 0.6423611111111112 0.0015625 0.018055555555555554
2 0.12265625 0.6305555555555555 0.0015625 0.0
2 0.15078125 0.6361111111111111 0.00625 0.013888888888888888
1 0.071484375 0.6569444444444444 0.04609375 0.06666666666666667
2 0.06171875 0.6756944444444445 0.0078125 0.0125
2 0.053125 0.6743055555555556 0.0078125 0.015277777777777777
2 0.061328125 0.6409722222222223 0.02578125 0.020833333333333332
2 0.085546875 0.6277777777777778 0.01640625 0.002777777777777778
2 0.078515625 0.6576388888888889 0.02890625 0.001388888888888889
2 0.077734375 0.6388888888888888 0.01015625 0.019444444444444445
2 0.06171875 0.6291666666666667 0.0109375 0.0
2 0.08359375 0.6291666666666667 0.0125 0.002777777777777778
2 0.073828125 0.6277777777777778 0.00078125 0.0
1 0.099609375 0.6381944444444444 0.04140625 0.0375
2 0.107421875 0.6611111111111111 0.00078125 0.0
2 0.09140625 0.6611111111111111 0.003125 0.0
2 0.0953125 0.6416666666666667 0.028125 0.022222222222222223
2 0.1140625 0.6277777777777778 0.01875 0.0
2 0.1109375 0.6597222222222222 0.0078125 0.002777777777777778
2 0.1125 0.6347222222222222 0.0046875 0.008333333333333333
2 0.1015625 0.6291666666666667 0.00625 0.0
2 0.1140625 0.6298611111111111 0.0140625 0.001388888888888889
2 0.105859375 0.6291666666666667 0.00078125 0.0
2 0.7609375 0.9083333333333333 0.165625 0.05277777777777778
2 0.75859375 0.9604166666666667 0.1859375 0.0763888888888889
5 0.4171875 0.6840277777777778 0.0265625 0.006944444444444444
5 0.4171875 0.6791666666666667 0.0265625 0.005555555555555556
5 0.41015625 0.66875 0.0125 0.006944444444444444
5 0.416796875 0.6756944444444445 0.02578125 0.004166666666666667
5 0.391796875 0.725 0.02734375 0.011111111111111112
5 0.3953125 0.7326388888888888 0.009375 0.006944444444444444
5 0.38515625 0.7333333333333333 0.0140625 0.011111111111111112
5 0.383984375 0.7395833333333334 0.01171875 0.009722222222222222
5 0.348046875 0.7423611111111111 0.02109375 0.006944444444444444
5 0.345703125 0.7520833333333333 0.02578125 0.006944444444444444
5 0.348046875 0.7368055555555556 0.02109375 0.009722222222222222
5 0.345703125 0.7298611111111111 0.02578125 0.0125
