3 0.42421875 0.8590277777777777 0.8484375 0.2791666666666667
4 0.06328125 0.7777777777777778 0.01875 0.019444444444444445
8 0.1375 0.9104166666666667 0.0796875 0.09027777777777778
5 0.715234375 0.7409722222222223 0.01328125 0.009722222222222222
5 0.715234375 0.7409722222222223 0.01328125 0.009722222222222222
5 0.715234375 0.7409722222222223 0.01328125 0.009722222222222222
5 0.71328125 0.7305555555555555 0.0171875 0.011111111111111112
5 0.71328125 0.7305555555555555 0.0171875 0.011111111111111112
5 0.71328125 0.7305555555555555 0.0171875 0.011111111111111112
5 0.71328125 0.7201388888888889 0.0171875 0.0125
5 0.71328125 0.7201388888888889 0.0171875 0.0125
5 0.71328125 0.7201388888888889 0.0171875 0.0125
5 0.71328125 0.7131944444444445 0.0171875 0.004166666666666667
5 0.71328125 0.7131944444444445 0.0171875 0.004166666666666667
5 0.71328125 0.7131944444444445 0.0171875 0.004166666666666667
6 0.405078125 0.7604166666666666 0.06015625 0.04861111111111111
6 0.492578125 0.7513888888888889 0.04453125 0.044444444444444446
6 0.45390625 0.7555555555555555 0.059375 0.04722222222222222
6 0.158203125 0.7819444444444444 0.04609375 0.04722222222222222
6 0.07734375 0.7909722222222222 0.075 0.05416666666666667
7 0.007421875 0.7736111111111111 0.01484375 0.002777777777777778
7 0.11953125 0.7701388888888889 0.025 0.015277777777777777
8 0.20546875 0.7708333333333334 0.0421875 0.03333333333333333
5 0.20625 0.7569444444444444 0.034375 0.005555555555555556
8 0.242578125 0.76875 0.03046875 0.029166666666666667
5 0.245703125 0.7541666666666667 0.02734375 0.005555555555555556
8 0.3078125 0.7548611111111111 0.0046875 0.0125
5 0.319921875 0.7458333333333333 0.02265625 0.002777777777777778
8 0.302734375 0.7645833333333333 0.00078125 0.001388888888888889
5 0.308203125 0.7569444444444444 0.01171875 0.013888888888888888
8 0.3625 0.7569444444444444 0.0 0.0
5 0.328125 0.7493055555555556 0.00625 0.004166666666666667
8 0.24921875 0.7756944444444445 0.0203125 0.04027777777777778
5 0.25 0.7604166666666666 0.01875 0.015277777777777777
8 0.217578125 0.7784722222222222 0.04453125 0.043055555555555555
5 0.216796875 0.7638888888888888 0.03984375 0.016666666666666666
8 0.67109375 0.8555555555555555 0.04375 0.044444444444444446
5 0.674609375 0.8395833333333333 0.04453125 0.02361111111111111
8 0.637890625 0.8701388888888889 0.07578125 0.059722222222222225
5 0.63515625 0.8479166666666667 0.065625 0.029166666666666667
8 0.664453125 0.8305555555555556 0.03515625 0.041666666666666664
5 0.662109375 0.8145833333333333 0.02421875 0.018055555555555554
8 0.6421875 0.8423611111111111 0.06875 0.05416666666666667
5 0.6421875 0.8222222222222222 0.0625 0.025
8 0.59453125 0.8472222222222222 0.0703125 0.05277777777777778
5 0.59375 0.8284722222222223 0.0625 0.020833333333333332
8 0.375390625 0.9034722222222222 0.08828125 0.0625
5 0.376171875 0.8770833333333333 0.07890625 0.029166666666666667
8 0.398046875 0.9236111111111112 0.09296875 0.06666666666666667
5 0.3984375 0.8958333333333334 0.084375 0.03333333333333333
8 0.353125 0.8875 0.0828125 0.058333333333333334
5 0.354296875 0.8625 0.07578125 0.027777777777777776
8 0.338671875 0.8722222222222222 0.07265625 0.05277777777777778
5 0.337109375 0.8472222222222222 0.06953125 0.025
8 0.5375 0.8826388888888889 0.0796875 0.0625
5 0.5359375 0.8597222222222223 0.0703125 0.030555555555555555
8 0.47890625 0.89375 0.071875 0.06527777777777778
5 0.48046875 0.86875 0.06875 0.03194444444444444
8 0.435546875 0.86875 0.08203125 0.04027777777777778
5 0.436328125 0.8520833333333333 0.07421875 0.02638888888888889
8 0.4140625 0.8576388888888888 0.078125 0.04861111111111111
5 0.41484375 0.8375 0.0703125 0.025
8 0.00703125 0.9583333333333334 0.0140625 0.08055555555555556
5 0.004296875 0.9354166666666667 0.00859375 0.0375
8 0.063671875 0.9520833333333333 0.07109375 0.09027777777777778
5 0.0625 0.9270833333333334 0.0625 0.043055555555555555
0 0.291015625 0.8055555555555556 0.15859375 0.12777777777777777
0 0.675 0.7416666666666667 0.09375 0.058333333333333334
1 0.984765625 0.91875 0.02890625 0.1597222222222222
2 0.992578125 0.83125 0.01328125 0.004166666666666667
2 0.984765625 0.8986111111111111 0.02578125 0.08888888888888889
2 0.9859375 0.9763888888888889 0.0265625 0.044444444444444446
2 0.984765625 0.8381944444444445 0.02890625 0.0125
2 0.996484375 0.8458333333333333 0.00546875 0.002777777777777778
2 0.980078125 0.8444444444444444 0.01640625 0.008333333333333333
2 0.985546875 0.8916666666666667 0.02734375 0.09166666666666666
1 0.976171875 0.7944444444444444 0.01328125 0.07777777777777778
2 0.99609375 0.75625 0.00625 0.001388888888888889
2 0.984375 0.7993055555555556 0.0296875 0.0625
2 0.986328125 0.7597222222222222 0.02578125 0.005555555555555556
2 0.998828125 0.7638888888888888 0.00078125 0.0
2 0.98203125 0.7625 0.025 0.005555555555555556
2 0.99140625 0.7673611111111112 0.015625 0.006944444444444444
1 0.78515625 0.8770833333333333 0.1265625 0.24027777777777778
2 0.84296875 0.8736111111111111 0.0109375 0.005555555555555556
2 0.828515625 0.7861111111111111 0.03984375 0.013888888888888888
2 0.77109375 0.8298611111111112 0.0609375 0.07916666666666666
2 0.79453125 0.9027777777777778 0.1078125 0.06111111111111111
2 0.805078125 0.7875 0.04765625 0.008333333333333333
2 0.82734375 0.8256944444444444 0.0421875 0.07083333333333333
2 0.77890625 0.7909722222222222 0.04375 0.009722222222222222
2 0.803515625 0.8291666666666667 0.04921875 0.07222222222222222
1 0.984375 0.7430555555555556 0.0296875 0.022222222222222223
2 0.9828125 0.7513888888888889 0.0265625 0.011111111111111112
2 0.973046875 0.7548611111111111 0.00703125 0.006944444444444444
1 0.744921875 0.8444444444444444 0.15390625 0.2
2 0.78359375 0.7743055555555556 0.0640625 0.018055555555555554
2 0.707421875 0.8104166666666667 0.06640625 0.07361111111111111
2 0.7140625 0.8895833333333333 0.0796875 0.07916666666666666
2 0.754296875 0.7715277777777778 0.02734375 0.006944444444444444
2 0.76953125 0.7805555555555556 0.04375 0.013888888888888888
2 0.72109375 0.7743055555555556 0.040625 0.006944444444444444
2 0.74296875 0.7833333333333333 0.0453125 0.013888888888888888
2 0.0015625 0.9145833333333333 0.003125 0.05416666666666667
2 0.846875 0.7826388888888889 0.003125 0.001388888888888889
2 0.83984375 0.7597222222222222 0.0171875 0.044444444444444446
2 0.839453125 0.7194444444444444 0.01640625 0.03888888888888889
