3 0.499609375 0.8548611111111111 0.99921875 0.2875
4 0.462890625 0.7013888888888888 0.00234375 0.05
4 0.502734375 0.7111111111111111 0.03203125 0.06666666666666667
4 0.544921875 0.7145833333333333 0.01015625 0.07083333333333333
4 0.567578125 0.71875 0.03671875 0.0763888888888889
4 0.621484375 0.7236111111111111 0.01171875 0.08333333333333333
4 0.65390625 0.7284722222222222 0.0453125 0.09027777777777778
4 0.080859375 0.7305555555555555 0.00078125 0.0
4 0.11953125 0.9048611111111111 0.2390625 0.1875
4 0.079296875 0.7576388888888889 0.00390625 0.001388888888888889
4 0.0796875 0.7625 0.003125 0.002777777777777778
4 0.080078125 0.7715277777777778 0.00078125 0.004166666666666667
4 0.08046875 0.7819444444444444 0.0 0.0
4 0.108984375 0.6986111111111111 0.00234375 0.0
4 0.05859375 0.7715277777777778 0.04375 0.14305555555555555
4 0.119140625 0.8305555555555556 0.01796875 0.23055555555555557
4 0.158984375 0.8638888888888889 0.06328125 0.26944444444444443
8 0.67578125 0.7430555555555556 0.0703125 0.05
8 0.97578125 0.7 0.0 0.0
5 0.34296875 0.7006944444444444 0.04375 0.006944444444444444
5 0.34296875 0.7006944444444444 0.04375 0.006944444444444444
5 0.34296875 0.7006944444444444 0.04375 0.006944444444444444
5 0.343359375 0.6923611111111111 0.04296875 0.006944444444444444
5 0.343359375 0.6923611111111111 0.04296875 0.006944444444444444
5 0.343359375 0.6923611111111111 0.04296875 0.006944444444444444
5 0.34296875 0.7090277777777778 0.04375 0.006944444444444444
5 0.34296875 0.7090277777777778 0.04375 0.006944444444444444
5 0.34296875 0.7090277777777778 0.04375 0.006944444444444444
5 0.398828125 0.7076388888888889 0.04296875 0.006944444444444444
5 0.398828125 0.7076388888888889 0.04296875 0.006944444444444444
5 0.398828125 0.7076388888888889 0.04296875 0.006944444444444444
5 0.398828125 0.7006944444444444 0.04296875 0.006944444444444444
5 0.398828125 0.7006944444444444 0.04296875 0.006944444444444444
5 0.398828125 0.7006944444444444 0.04296875 0.006944444444444444
5 0.398828125 0.6923611111111111 0.04296875 0.006944444444444444
5 0.398828125 0.6923611111111111 0.04296875 0.006944444444444444
5 0.398828125 0.6923611111111111 0.04296875 0.006944444444444444
5 0.398828125 0.6833333333333333 0.04296875 0.008333333333333333
5 0.398828125 0.6833333333333333 0.04296875 0.008333333333333333
5 0.398828125 0.6833333333333333 0.04296875 0.008333333333333333
6 0.514453125 0.6930555555555555 0.04140625 0.058333333333333334
6 0.483203125 0.6923611111111111 0.03828125 0.05694444444444444
6 0.514453125 0.6388888888888888 0.04140625 0.06111111111111111
6 0.498046875 0.6923611111111111 0.03828125 0.05694444444444444
6 0.576171875 0.7020833333333333 0.05859375 0.07361111111111111
6 0.62421875 0.7034722222222223 0.065625 0.0763888888888889
7 0.544921875 0.7659722222222223 0.06484375 0.02638888888888889
7 0.2453125 0.7833333333333333 0.0625 0.022222222222222223
7 0.441015625 0.74375 0.04609375 0.020833333333333332
7 0.060546875 0.7402777777777778 0.04140625 0.016666666666666666
7 0.39453125 0.7229166666666667 0.0515625 0.0125
7 0.45703125 0.7340277777777777 0.0578125 0.015277777777777777
6 0.05703125 0.8361111111111111 0.1140625 0.325
6 0.0609375 0.45625 0.121875 0.5458333333333333
6 0.037890625 0.7590277777777777 0.06015625 0.11805555555555555
6 0.03671875 0.5875 0.0734375 0.11944444444444445
6 0.042578125 0.6055555555555555 0.04921875 0.08333333333333333
6 0.048828125 0.7326388888888888 0.03203125 0.06527777777777778
8 0.958203125 0.7770833333333333 0.08203125 0.059722222222222225
5 0.958984375 0.7472222222222222 0.08046875 0.016666666666666666
8 0.978125 0.7805555555555556 0.0421875 0.06388888888888888
5 0.98125 0.7534722222222222 0.0359375 0.018055555555555554
8 0.633984375 0.7256944444444444 0.04921875 0.004166666666666667
5 0.6375 0.7125 0.0421875 0.002777777777777778
8 0.59140625 0.7333333333333333 0.0546875 0.03888888888888889
5 0.59375 0.7159722222222222 0.05 0.009722222222222222
8 0.510546875 0.7201388888888889 0.04921875 0.03194444444444444
5 0.51171875 0.70625 0.046875 0.006944444444444444
8 0.4984375 0.7180555555555556 0.05 0.030555555555555555
5 0.498828125 0.7048611111111112 0.04609375 0.006944444444444444
8 0.4859375 0.7166666666666667 0.05 0.027777777777777776
5 0.48515625 0.7034722222222223 0.040625 0.006944444444444444
8 0.47265625 0.7145833333333333 0.04375 0.02638888888888889
5 0.47109375 0.7020833333333333 0.0375 0.006944444444444444
8 0.529296875 0.7180555555555556 0.03515625 0.025
5 0.525390625 0.7006944444444444 0.01953125 0.001388888888888889
8 0.506640625 0.7208333333333333 0.00703125 0.013888888888888888
5 0.51796875 0.6993055555555555 0.034375 0.001388888888888889
8 0.53203125 0.7236111111111111 0.0 0.002777777777777778
5 0.53359375 0.7013888888888888 0.003125 0.0
0 0.92109375 0.6625 0.0953125 0.17222222222222222
0 0.7390625 0.625 0.015625 0.041666666666666664
0 0.494140625 0.6597222222222222 0.04296875 0.10277777777777777
0 0.79453125 0.6604166666666667 0.246875 0.45416666666666666
0 0.008203125 0.7861111111111111 0.01640625 0.16944444444444445
0 0.0171875 0.6527777777777778 0.034375 0.26666666666666666
0 0.023046875 0.6541666666666667 0.02578125 0.2388888888888889
1 0.13828125 0.7069444444444445 0.146875 0.31666666666666665
1 0.259375 0.7104166666666667 0.1546875 0.31527777777777777
1 0.04140625 0.7055555555555556 0.0109375 0.0
1 0.03671875 0.6715277777777777 0.021875 0.0763888888888889
1 0.031640625 0.6763888888888889 0.01796875 0.09722222222222222
1 0.031640625 0.6826388888888889 0.01796875 0.14305555555555555
1 0.962109375 0.6569444444444444 0.04609375 0.03888888888888889
2 0.970703125 0.6763888888888889 0.02421875 0.0
2 0.941015625 0.6513888888888889 0.00390625 0.008333333333333333
1 0.87578125 0.6402777777777777 0.021875 0.002777777777777778
1 0.971484375 0.6666666666666666 0.05546875 0.06388888888888888
2 0.946875 0.65 0.0015625 0.011111111111111112
2 0.987890625 0.65625 0.02265625 0.02361111111111111
2 0.97890625 0.6888888888888889 0.040625 0.022222222222222223
2 0.96171875 0.65625 0.0078125 0.02361111111111111
2 0.971484375 0.65625 0.01015625 0.02361111111111111
1 0.85 0.6395833333333333 0.009375 0.004166666666666667
1 0.905078125 0.6402777777777777 0.06640625 0.011111111111111112
1 0.86953125 0.6375 0.0484375 0.008333333333333333
2 0.89296875 0.64375 0.0015625 0.001388888888888889
2 0.987890625 0.7 0.02265625 0.0
2 0.979296875 0.7208333333333333 0.03984375 0.03888888888888889
2 0.617578125 0.6930555555555555 0.00234375 0.002777777777777778
2 0.65859375 0.6986111111111111 0.0 0.011111111111111112
2 0.685546875 0.7006944444444444 0.01328125 0.020833333333333332
2 0.651953125 0.6736111111111112 0.03984375 0.022222222222222223
2 0.6875 0.6729166666666667 0.0296875 0.020833333333333332
2 0.651953125 0.6493055555555556 0.03984375 0.02361111111111111
2 0.6875 0.6493055555555556 0.0296875 0.02361111111111111
5 0.644140625 0.68125 0.06796875 0.009722222222222222
5 0.644140625 0.6923611111111111 0.06796875 0.009722222222222222
5 0.644140625 0.7020833333333333 0.06796875 0.009722222222222222
5 0.644140625 0.7125 0.06796875 0.011111111111111112
5 0.644140625 0.7347222222222223 0.06796875 0.011111111111111112
5 0.644140625 0.7236111111111111 0.06796875 0.011111111111111112
5 0.643359375 0.7541666666666667 0.06640625 0.013888888888888888
5 0.644140625 0.74375 0.06796875 0.0125
5 0.696875 0.7020833333333333 0.0359375 0.009722222222222222
5 0.69296875 0.7118055555555556 0.0421875 0.009722222222222222
5 0.691796875 0.7340277777777777 0.03984375 0.009722222222222222
5 0.692578125 0.7222222222222222 0.04140625 0.011111111111111112
5 0.697265625 0.7534722222222222 0.02578125 0.009722222222222222
5 0.69140625 0.7423611111111111 0.0390625 0.0125
5 0.053515625 0.7305555555555555 0.03984375 0.002777777777777778
5 0.05234375 0.7430555555555556 0.015625 0.008333333333333333
5 0.696875 0.6923611111111111 0.0375 0.009722222222222222
5 0.69375 0.68125 0.0453125 0.009722222222222222
5 0.12890625 0.73125 0.03125 0.009722222222222222
5 0.1296875 0.7409722222222223 0.0328125 0.009722222222222222
5 0.762109375 0.6215277777777778 0.05234375 0.009722222222222222
5 0.762109375 0.6326388888888889 0.05234375 0.009722222222222222
5 0.762109375 0.6423611111111112 0.05234375 0.009722222222222222
5 0.12890625 0.7243055555555555 0.03125 0.009722222222222222
5 0.12734375 0.7145833333333333 0.0390625 0.009722222222222222
5 0.76171875 0.6125 0.0515625 0.008333333333333333
5 0.76171875 0.6034722222222222 0.0515625 0.009722222222222222
