3 0.499609375 0.8270833333333333 0.99921875 0.34305555555555556
4 0.252734375 0.8222222222222222 0.00078125 0.002777777777777778
4 0.14375 0.8159722222222222 0.0140625 0.0375
4 0.01015625 0.8680555555555556 0.015625 0.022222222222222223
8 0.758984375 0.9423611111111111 0.07578125 0.06527777777777778
5 0.482421875 0.6819444444444445 0.04609375 0.011111111111111112
5 0.482421875 0.6819444444444445 0.04609375 0.011111111111111112
5 0.482421875 0.6819444444444445 0.04609375 0.011111111111111112
5 0.482421875 0.6729166666666667 0.04609375 0.015277777777777777
5 0.482421875 0.6729166666666667 0.04609375 0.015277777777777777
5 0.482421875 0.6729166666666667 0.04609375 0.015277777777777777
5 0.4828125 0.6916666666666667 0.0453125 0.013888888888888888
5 0.4828125 0.6916666666666667 0.0453125 0.013888888888888888
5 0.4828125 0.6916666666666667 0.0453125 0.013888888888888888
5 0.542578125 0.6965277777777777 0.04609375 0.0125
5 0.542578125 0.6965277777777777 0.04609375 0.0125
5 0.542578125 0.6965277777777777 0.04609375 0.0125
5 0.542578125 0.6881944444444444 0.04609375 0.0125
5 0.542578125 0.6881944444444444 0.04609375 0.0125
5 0.542578125 0.6881944444444444 0.04609375 0.0125
5 0.542578125 0.6784722222222223 0.04609375 0.0125
5 0.542578125 0.6784722222222223 0.04609375 0.0125
5 0.542578125 0.6784722222222223 0.04609375 0.0125
5 0.542578125 0.6673611111111111 0.04609375 0.015277777777777777
5 0.542578125 0.6673611111111111 0.04609375 0.015277777777777777
5 0.542578125 0.6673611111111111 0.04609375 0.015277777777777777
6 0.44921875 0.7513888888888889 0.0515625 0.08333333333333333
6 0.487109375 0.725 0.04453125 0.07777777777777778
6 0.450390625 0.6854166666666667 0.05390625 0.08194444444444444
6 0.46953125 0.7354166666666667 0.0484375 0.07916666666666666
6 0.308203125 0.8201388888888889 0.07734375 0.10694444444444444
6 0.28046875 0.8527777777777777 0.0609375 0.12222222222222222
7 0.02109375 0.8736111111111111 0.0421875 0.022222222222222223
7 0.290234375 0.7708333333333334 0.04921875 0.016666666666666666
7 0.13125 0.8402777777777778 0.00625 0.016666666666666666
8 0.1421875 0.9236111111111112 0.046875 0.019444444444444445
5 0.1328125 0.9097222222222222 0.003125 0.013888888888888888
8 0.13359375 0.9083333333333333 0.0015625 0.03888888888888889
5 0.115234375 0.8888888888888888 0.03984375 0.025
8 0.267578125 0.8222222222222222 0.00390625 0.027777777777777776
5 0.267578125 0.8027777777777778 0.00390625 0.008333333333333333
8 0.34765625 0.7875 0.0015625 0.005555555555555556
8 0.355859375 0.7861111111111111 0.01796875 0.025
5 0.334765625 0.7756944444444445 0.05234375 0.018055555555555554
8 0.356640625 0.7694444444444445 0.05859375 0.016666666666666666
5 0.355859375 0.7645833333333333 0.05234375 0.018055555555555554
8 0.389453125 0.8 0.06171875 0.041666666666666664
5 0.388671875 0.7826388888888889 0.05546875 0.018055555555555554
8 0.409765625 0.7875 0.05859375 0.03888888888888889
5 0.40859375 0.7715277777777778 0.053125 0.018055555555555554
8 0.376171875 0.8131944444444444 0.05703125 0.043055555555555555
5 0.373828125 0.7951388888888888 0.05390625 0.020833333333333332
8 0.365234375 0.8270833333333333 0.03515625 0.04583333333333333
5 0.362890625 0.8104166666666667 0.03203125 0.020833333333333332
8 0.9046875 0.7805555555555556 0.0078125 0.019444444444444445
5 0.884375 0.7722222222222223 0.0421875 0.013888888888888888
8 0.891796875 0.7701388888888889 0.03671875 0.020833333333333332
5 0.885546875 0.7625 0.04296875 0.013888888888888888
8 0.88671875 0.7951388888888888 0.046875 0.02638888888888889
5 0.884765625 0.7847222222222222 0.04296875 0.016666666666666666
8 0.878515625 0.8166666666666667 0.05859375 0.044444444444444446
5 0.878125 0.7993055555555556 0.053125 0.020833333333333332
8 0.84765625 0.7694444444444445 0.0015625 0.011111111111111112
5 0.8234375 0.75 0.0046875 0.0
5 0.828515625 0.7701388888888889 0.01484375 0.004166666666666667
8 0.808984375 0.7944444444444444 0.03984375 0.03333333333333333
5 0.81328125 0.7784722222222222 0.0453125 0.0125
8 0.808984375 0.80625 0.05390625 0.04861111111111111
5 0.81015625 0.7909722222222222 0.0515625 0.020833333333333332
8 0.845703125 0.8868055555555555 0.04921875 0.05694444444444444
5 0.844140625 0.86875 0.04609375 0.03194444444444444
8 0.904296875 0.8958333333333334 0.05234375 0.06944444444444445
5 0.90390625 0.8770833333333333 0.0453125 0.034722222222222224
8 0.7859375 0.875 0.021875 0.05277777777777778
5 0.7859375 0.8625 0.021875 0.030555555555555555
8 0.73515625 0.8729166666666667 0.046875 0.06527777777777778
5 0.73515625 0.8548611111111111 0.046875 0.03194444444444444
8 0.87265625 0.8347222222222223 0.0515625 0.030555555555555555
5 0.870703125 0.8229166666666666 0.04765625 0.018055555555555554
8 0.873828125 0.8569444444444444 0.05390625 0.044444444444444446
5 0.871875 0.8423611111111111 0.05 0.02361111111111111
8 0.803515625 0.8513888888888889 0.05078125 0.05277777777777778
5 0.802734375 0.8368055555555556 0.04453125 0.02638888888888889
8 0.75 0.84375 0.0515625 0.05138888888888889
5 0.74296875 0.8298611111111112 0.03125 0.02638888888888889
8 0.790625 0.9944444444444445 0.0015625 0.005555555555555556
5 0.812890625 0.9944444444444445 0.04453125 0.008333333333333333
8 0.837890625 0.9861111111111112 0.08984375 0.025
5 0.83671875 0.9826388888888888 0.08125 0.03194444444444444
0 0.473046875 0.8819444444444444 0.11015625 0.23333333333333334
0 0.626171875 0.7902777777777777 0.07421875 0.2222222222222222
0 0.58359375 0.6680555555555555 0.0296875 0.13333333333333333
1 0.203125 0.6472222222222223 0.0671875 0.08611111111111111
1 0.183984375 0.6527777777777778 0.06953125 0.08888888888888889
1 0.148046875 0.64375 0.06640625 0.08472222222222223
1 0.127734375 0.6506944444444445 0.06796875 0.08472222222222223
1 0.094921875 0.6402777777777777 0.06640625 0.07777777777777778
1 0.0734375 0.6451388888888889 0.0671875 0.08194444444444444
1 0.022265625 0.6215277777777778 0.03828125 0.07083333333333333
1 0.9859375 0.7354166666666667 0.0265625 0.13194444444444445
2 0.976171875 0.7451388888888889 0.00078125 0.03194444444444444
2 0.987890625 0.6986111111111111 0.02265625 0.03333333333333333
2 0.990625 0.7131944444444445 0.0171875 0.0375
2 0.984765625 0.7569444444444444 0.01484375 0.04722222222222222
2 0.987890625 0.7027777777777777 0.02109375 0.03333333333333333
2 0.998828125 0.6881944444444444 0.00078125 0.001388888888888889
2 0.9890625 0.70625 0.0203125 0.034722222222222224
1 0.994140625 0.7826388888888889 0.01015625 0.15694444444444444
2 0.99296875 0.7916666666666666 0.0015625 0.03611111111111111
2 0.99609375 0.7388888888888889 0.00625 0.041666666666666664
2 0.9953125 0.8013888888888889 0.003125 0.04722222222222222
2 0.996875 0.7430555555555556 0.0046875 0.03888888888888889
2 0.996875 0.7513888888888889 0.0015625 0.044444444444444446
2 0.743359375 0.9840277777777777 0.06484375 0.029166666666666667
2 0.63203125 0.9777777777777777 0.084375 0.041666666666666664
2 0.835546875 0.7166666666666667 0.00234375 0.03888888888888889
2 0.882421875 0.7201388888888889 0.00234375 0.04027777777777778
2 0.8125 0.7305555555555555 0.04375 0.041666666666666664
2 0.863671875 0.7319444444444444 0.03359375 0.03611111111111111
2 0.812890625 0.6979166666666666 0.04296875 0.043055555555555555
2 0.8640625 0.7027777777777777 0.0328125 0.041666666666666664
2 0.812890625 0.6645833333333333 0.04296875 0.043055555555555555
2 0.864453125 0.6680555555555555 0.03359375 0.044444444444444446
5 0.0375 0.8951388888888889 0.075 0.04027777777777778
5 0.034765625 0.9111111111111111 0.06953125 0.03611111111111111
5 0.0265625 0.9215277777777777 0.053125 0.0375
5 0.026171875 0.9340277777777778 0.05234375 0.04027777777777778
5 0.0265625 0.9645833333333333 0.053125 0.03194444444444444
5 0.0265625 0.9472222222222222 0.053125 0.03888888888888889
5 0.026171875 0.98125 0.05234375 0.034722222222222224
5 0.026171875 0.9722222222222222 0.05234375 0.03888888888888889
5 0.09375 0.9347222222222222 0.08125 0.03888888888888889
5 0.09375 0.9472222222222222 0.08125 0.041666666666666664
5 0.098828125 0.9736111111111111 0.09140625 0.041666666666666664
5 0.094140625 0.9604166666666667 0.08203125 0.04027777777777778
5 0.098828125 0.9895833333333334 0.09140625 0.018055555555555554
5 0.098828125 0.9819444444444444 0.09140625 0.03333333333333333
5 0.09375 0.9208333333333333 0.08125 0.041666666666666664
5 0.09375 0.9069444444444444 0.08125 0.041666666666666664
5 0.181640625 0.9486111111111111 0.09296875 0.041666666666666664
5 0.181640625 0.9638888888888889 0.09296875 0.03888888888888889
5 0.182421875 0.9840277777777777 0.09296875 0.029166666666666667
5 0.182421875 0.9763888888888889 0.09296875 0.041666666666666664
5 0.221484375 0.9972222222222222 0.01484375 0.002777777777777778
5 0.1875 0.9909722222222223 0.0828125 0.015277777777777777
5 0.181640625 0.9381944444444444 0.09296875 0.0375
5 0.181640625 0.9236111111111112 0.09296875 0.03888888888888889
5 0.181640625 0.8444444444444444 0.09296875 0.03333333333333333
5 0.181640625 0.8590277777777777 0.09296875 0.034722222222222224
5 0.181640625 0.8847222222222222 0.09296875 0.03888888888888889
5 0.181640625 0.8729166666666667 0.09296875 0.034722222222222224
5 0.181640625 0.9118055555555555 0.09296875 0.0375
5 0.181640625 0.8979166666666667 0.09296875 0.0375
5 0.181640625 0.8326388888888889 0.09296875 0.03194444444444444
5 0.181640625 0.8159722222222222 0.09296875 0.0375
