4 0.133203125 0.7923611111111111 0.00234375 0.03194444444444444
5 0.141015625 0.8340277777777778 0.00234375 0.006944444444444444
5 0.14140625 0.8125 0.0015625 0.0
1 0.56953125 0.7388888888888889 0.034375 0.08888888888888889
5 0.884765625 0.875 0.08046875 0.030555555555555555
1 0.23046875 0.775 0.053125 0.08055555555555556
8 0.225 0.9465277777777777 0.04375 0.07083333333333333
5 0.006640625 0.9576388888888889 0.01328125 0.02638888888888889
6 0.511328125 0.9305555555555556 0.09921875 0.1361111111111111
8 0.009375 0.9729166666666667 0.01875 0.05138888888888889
1 0.015625 0.7680555555555556 0.03125 0.11388888888888889
5 0.88515625 0.9118055555555555 0.08125 0.03194444444444444
6 0.278125 0.6784722222222223 0.0046875 0.0375
5 0.020703125 0.9319444444444445 0.04140625 0.030555555555555555
5 0.053515625 0.9611111111111111 0.07421875 0.03888888888888889
8 0.126171875 0.9513888888888888 0.03515625 0.07222222222222222
5 0.20703125 0.7222222222222222 0.00625 0.005555555555555556
5 0.128125 0.9270833333333334 0.03125 0.029166666666666667
5 0.22265625 0.9229166666666667 0.040625 0.029166666666666667
8 0.2203125 0.9680555555555556 0.0359375 0.06111111111111111
1 0.591796875 0.7243055555555555 0.06484375 0.08472222222222223
5 0.117578125 0.7458333333333333 0.03203125 0.008333333333333333
8 0.023046875 0.9555555555555556 0.04609375 0.075
5 0.227734375 0.7125 0.03359375 0.008333333333333333
5 0.07890625 0.9298611111111111 0.0671875 0.03194444444444444
8 0.26328125 0.7430555555555556 0.0296875 0.019444444444444445
1 0.541015625 0.7465277777777778 0.05078125 0.10416666666666667
5 0.117578125 0.7576388888888889 0.03203125 0.009722222222222222
5 0.115234375 0.8180555555555555 0.04765625 0.016666666666666666
5 0.2078125 0.70625 0.0078125 0.006944444444444444
8 0.05390625 0.9715277777777778 0.084375 0.05416666666666667
8 0.079296875 0.9541666666666667 0.07578125 0.075
5 0.9578125 0.9506944444444444 0.0828125 0.043055555555555555
6 0.41796875 0.9326388888888889 0.096875 0.13194444444444445
5 0.227734375 0.7194444444444444 0.03359375 0.008333333333333333
5 0.21796875 0.9534722222222223 0.03125 0.034722222222222224
5 0.117578125 0.8347222222222223 0.04765625 0.016666666666666666
1 0.23046875 0.7659722222222223 0.053125 0.07361111111111111
5 0.20703125 0.7145833333333333 0.00625 0.006944444444444444
5 0.957421875 0.8902777777777777 0.08359375 0.041666666666666664
5 0.884765625 0.8965277777777778 0.08046875 0.03194444444444444
5 0.9578125 0.9319444444444445 0.0828125 0.044444444444444446
3 0.499609375 0.8638888888888889 0.99921875 0.26944444444444443
7 0.248046875 0.9201388888888888 0.01640625 0.0375
0 0.84140625 0.8694444444444445 0.1734375 0.25833333333333336
1 0.60078125 0.7472222222222222 0.0578125 0.09444444444444444
5 0.22734375 0.725 0.034375 0.005555555555555556
1 0.63359375 0.7673611111111112 0.05 0.12083333333333333
6 0.278125 0.70625 0.0046875 0.0375
8 0.114453125 0.9708333333333333 0.05859375 0.05555555555555555
5 0.141015625 0.8215277777777777 0.00234375 0.015277777777777777
7 0.364453125 0.7652777777777777 0.01796875 0.013888888888888888
6 0.31953125 0.9416666666666667 0.096875 0.11388888888888889
5 0.116796875 0.9576388888888889 0.05390625 0.0375
5 0.117578125 0.7513888888888889 0.03203125 0.008333333333333333
5 0.117578125 0.7631944444444444 0.03203125 0.009722222222222222
5 0.115234375 0.8451388888888889 0.04765625 0.015277777777777777
7 0.013671875 0.7722222222222223 0.02734375 0.013888888888888888
1 0.559765625 0.75625 0.05390625 0.1125
5 0.11796875 0.8263888888888888 0.046875 0.016666666666666666
4 0.045703125 0.9083333333333333 0.00703125 0.09166666666666666
5 0.206640625 0.7270833333333333 0.00546875 0.001388888888888889
5 0.957421875 0.9125 0.08359375 0.041666666666666664
7 0.47265625 0.7625 0.01875 0.013888888888888888
6 0.3203125 0.8270833333333333 0.096875 0.14027777777777778
7 0.063671875 0.83125 0.03828125 0.02361111111111111
1 0.009375 0.7756944444444445 0.01875 0.12083333333333333
5 0.13125 0.8083333333333333 0.0265625 0.008333333333333333
7 0.41171875 0.7638888888888888 0.0203125 0.013888888888888888
7 0.519921875 0.7625 0.02265625 0.013888888888888888
1 0.584765625 0.76875 0.06171875 0.12083333333333333
