3 0.512890625 0.8506944444444444 0.97265625 0.29583333333333334
4 0.141796875 0.7659722222222223 0.00234375 0.009722222222222222
8 0.27734375 0.9770833333333333 0.140625 0.043055555555555555
5 0.61171875 0.75 0.0421875 0.013888888888888888
5 0.61171875 0.75 0.0421875 0.013888888888888888
5 0.61171875 0.75 0.0421875 0.013888888888888888
5 0.612109375 0.7375 0.04296875 0.016666666666666666
5 0.612109375 0.7375 0.04296875 0.016666666666666666
5 0.612109375 0.7375 0.04296875 0.016666666666666666
5 0.611328125 0.7597222222222222 0.04140625 0.013888888888888888
5 0.611328125 0.7597222222222222 0.04140625 0.013888888888888888
5 0.611328125 0.7597222222222222 0.04140625 0.013888888888888888
6 0.398828125 0.7715277777777778 0.07265625 0.05694444444444444
6 0.49375 0.7701388888888889 0.0671875 0.08194444444444444
6 0.399609375 0.7097222222222223 0.07421875 0.09166666666666666
6 0.43984375 0.7736111111111111 0.0515625 0.08055555555555556
6 0.1140625 0.8201388888888889 0.0734375 0.11527777777777778
6 0.04609375 0.8305555555555556 0.0375 0.10833333333333334
7 0.258203125 0.7951388888888888 0.04609375 0.015277777777777777
7 0.040234375 0.8326388888888889 0.02421875 0.02638888888888889
7 0.169140625 0.7118055555555556 0.02890625 0.009722222222222222
7 0.20625 0.7104166666666667 0.028125 0.009722222222222222
7 0.065234375 0.71875 0.01015625 0.009722222222222222
7 0.1203125 0.7159722222222222 0.0203125 0.009722222222222222
8 0.169140625 0.8298611111111112 0.03828125 0.043055555555555555
5 0.166796875 0.8083333333333333 0.03359375 0.019444444444444445
8 0.205859375 0.8215277777777777 0.06171875 0.04583333333333333
5 0.20546875 0.8020833333333334 0.0546875 0.018055555555555554
8 0.24609375 0.8125 0.0609375 0.03888888888888889
5 0.2453125 0.7958333333333333 0.0546875 0.016666666666666666
8 0.291015625 0.8090277777777778 0.06015625 0.043055555555555555
5 0.28984375 0.7902777777777777 0.053125 0.016666666666666666
8 0.279296875 0.8263888888888888 0.06484375 0.04722222222222222
5 0.278515625 0.8069444444444445 0.05703125 0.019444444444444445
8 0.311328125 0.8194444444444444 0.03515625 0.044444444444444446
5 0.31875 0.8 0.0453125 0.019444444444444445
8 0.238671875 0.8326388888888889 0.06640625 0.04861111111111111
5 0.237890625 0.8131944444444444 0.05859375 0.020833333333333332
8 0.1875 0.8409722222222222 0.0671875 0.05138888888888889
5 0.18671875 0.8201388888888889 0.059375 0.020833333333333332
8 0.888671875 0.8944444444444445 0.09140625 0.06388888888888888
5 0.8890625 0.8673611111111111 0.0875 0.029166666666666667
8 0.923828125 0.8736111111111111 0.08828125 0.041666666666666664
5 0.91171875 0.8555555555555555 0.0578125 0.022222222222222223
8 0.860546875 0.9055555555555556 0.09921875 0.06666666666666667
5 0.858984375 0.8784722222222222 0.08984375 0.03194444444444444
8 0.82734375 0.9215277777777777 0.0859375 0.06527777777777778
5 0.823828125 0.8902777777777777 0.07890625 0.03333333333333333
8 0.84921875 0.8472222222222222 0.0875 0.019444444444444445
5 0.84765625 0.8416666666666667 0.078125 0.025
8 0.820703125 0.8604166666666667 0.07265625 0.020833333333333332
5 0.817578125 0.8513888888888889 0.06640625 0.027777777777777776
8 0.781640625 0.8833333333333333 0.09140625 0.05555555555555555
5 0.780078125 0.8611111111111112 0.08203125 0.027777777777777776
8 0.739453125 0.8902777777777777 0.09453125 0.05
5 0.731640625 0.8708333333333333 0.07109375 0.030555555555555555
8 0.56796875 0.9715277777777778 0.1171875 0.05416666666666667
5 0.56796875 0.95 0.1046875 0.044444444444444446
8 0.629296875 0.9826388888888888 0.12421875 0.03194444444444444
5 0.6296875 0.9729166666666667 0.1109375 0.04861111111111111
8 0.515234375 0.9569444444444445 0.11171875 0.058333333333333334
5 0.516015625 0.9326388888888889 0.10078125 0.04027777777777778
8 0.46640625 0.9465277777777777 0.10625 0.07361111111111111
5 0.4671875 0.9152777777777777 0.0953125 0.03333333333333333
8 0.72890625 0.9430555555555555 0.1078125 0.075
5 0.72734375 0.9131944444444444 0.096875 0.0375
8 0.68203125 0.9597222222222223 0.1125 0.07777777777777778
5 0.680078125 0.9291666666666667 0.10078125 0.041666666666666664
8 0.5984375 0.93125 0.1046875 0.04583333333333333
5 0.5984375 0.9125 0.09375 0.03611111111111111
8 0.5546875 0.9173611111111111 0.0859375 0.05138888888888889
5 0.550390625 0.8958333333333334 0.08515625 0.03333333333333333
0 0.36640625 0.8138888888888889 0.1890625 0.28055555555555556
0 0.683984375 0.7243055555555555 0.10234375 0.1625
1 0.365625 0.6944444444444444 0.0609375 0.08611111111111111
1 0.3375 0.6979166666666666 0.0625 0.09027777777777778
1 0.326171875 0.6888888888888889 0.05859375 0.07777777777777778
1 0.298828125 0.6930555555555555 0.05859375 0.08611111111111111
1 0.2875 0.6875 0.0375 0.08055555555555556
1 0.2640625 0.6895833333333333 0.05625 0.08194444444444444
1 0.258203125 0.6756944444444445 0.05703125 0.07083333333333333
1 0.0609375 0.7131944444444445 0.0640625 0.09583333333333334
1 0.05 0.7041666666666667 0.0421875 0.08333333333333333
1 0.966796875 0.8868055555555555 0.06484375 0.22361111111111112
2 0.996875 0.7861111111111111 0.0046875 0.0
2 0.969921875 0.8361111111111111 0.05859375 0.08055555555555556
2 0.9703125 0.9319444444444445 0.0578125 0.09444444444444444
2 0.989453125 0.7902777777777777 0.01953125 0.005555555555555556
2 0.9796875 0.7958333333333333 0.0390625 0.008333333333333333
2 0.99921875 0.8013888888888889 0.0 0.0
2 0.04921875 0.9833333333333333 0.0453125 0.030555555555555555
2 0.909375 0.8236111111111111 0.046875 0.04722222222222222
2 0.916015625 0.7791666666666667 0.06015625 0.05277777777777778
2 0.973046875 0.7798611111111111 0.05234375 0.0375
2 0.930078125 0.7284722222222222 0.08984375 0.05694444444444444
2 0.97265625 0.7347222222222223 0.053125 0.06111111111111111
