3 0.499609375 0.8444444444444444 0.99921875 0.30833333333333335
4 0.254296875 0.7923611111111111 0.00234375 0.0375
4 0.16015625 0.8597222222222223 0.021875 0.08888888888888889
4 0.03125 0.9013888888888889 0.0203125 0.041666666666666664
8 0.8828125 0.9451388888888889 0.1015625 0.07916666666666666
5 0.45546875 0.7006944444444444 0.0421875 0.0125
5 0.45546875 0.7006944444444444 0.0421875 0.0125
5 0.45546875 0.7006944444444444 0.0421875 0.0125
5 0.45546875 0.6916666666666667 0.0421875 0.013888888888888888
5 0.45546875 0.6916666666666667 0.0421875 0.013888888888888888
5 0.45546875 0.6916666666666667 0.0421875 0.013888888888888888
5 0.45546875 0.7097222222222223 0.0421875 0.011111111111111112
5 0.45546875 0.7097222222222223 0.0421875 0.011111111111111112
5 0.45546875 0.7097222222222223 0.0421875 0.011111111111111112
5 0.518359375 0.7131944444444445 0.04453125 0.0125
5 0.518359375 0.7131944444444445 0.04453125 0.0125
5 0.518359375 0.7131944444444445 0.04453125 0.0125
5 0.5171875 0.7041666666666667 0.046875 0.013888888888888888
5 0.5171875 0.7041666666666667 0.046875 0.013888888888888888
5 0.5171875 0.7041666666666667 0.046875 0.013888888888888888
5 0.5171875 0.6951388888888889 0.046875 0.0125
5 0.5171875 0.6951388888888889 0.046875 0.0125
5 0.5171875 0.6951388888888889 0.046875 0.0125
5 0.5171875 0.6833333333333333 0.046875 0.013888888888888888
5 0.5171875 0.6833333333333333 0.046875 0.013888888888888888
5 0.5171875 0.6833333333333333 0.046875 0.013888888888888888
6 0.45625 0.7638888888888888 0.05 0.08888888888888889
6 0.483984375 0.7381944444444445 0.04453125 0.07916666666666666
6 0.4578125 0.6944444444444444 0.053125 0.08611111111111111
6 0.471875 0.7506944444444444 0.046875 0.08472222222222223
6 0.33671875 0.8354166666666667 0.0828125 0.11527777777777778
6 0.32890625 0.8659722222222223 0.0609375 0.12638888888888888
7 0.018359375 0.9152777777777777 0.03671875 0.044444444444444446
7 0.280078125 0.7944444444444444 0.06015625 0.019444444444444445
7 0.17109375 0.8666666666666667 0.06875 0.030555555555555555
8 0.206640625 0.9451388888888889 0.03203125 0.0763888888888889
5 0.2 0.9222222222222223 0.046875 0.03333333333333333
8 0.149609375 0.9243055555555556 0.06015625 0.0375
5 0.147265625 0.9111111111111111 0.05546875 0.019444444444444445
5 0.346875 0.7861111111111111 0.046875 0.005555555555555556
8 0.361328125 0.7847222222222222 0.06171875 0.016666666666666666
5 0.36015625 0.7798611111111111 0.05625 0.015277777777777777
8 0.421875 0.8152777777777778 0.03125 0.044444444444444446
5 0.40625 0.7965277777777777 0.0546875 0.015277777777777777
8 0.421484375 0.8020833333333334 0.06171875 0.043055555555555555
5 0.420703125 0.7854166666666667 0.05546875 0.018055555555555554
8 0.402734375 0.8277777777777777 0.04765625 0.04722222222222222
5 0.40078125 0.8090277777777778 0.04375 0.018055555555555554
8 0.394140625 0.8430555555555556 0.03046875 0.05
5 0.3921875 0.825 0.0265625 0.019444444444444445
8 0.882421875 0.7868055555555555 0.00859375 0.04027777777777778
5 0.90390625 0.7715277777777778 0.046875 0.0125
8 0.901953125 0.76875 0.05078125 0.02361111111111111
5 0.902734375 0.7611111111111111 0.04921875 0.011111111111111112
8 0.91328125 0.7895833333333333 0.059375 0.02638888888888889
5 0.9125 0.7819444444444444 0.053125 0.013888888888888888
8 0.9171875 0.8013888888888889 0.0609375 0.027777777777777776
5 0.916796875 0.7965277777777777 0.05546875 0.018055555555555554
8 0.840625 0.7590277777777777 0.0515625 0.0125
5 0.83984375 0.7583333333333333 0.046875 0.011111111111111112
8 0.841796875 0.7840277777777778 0.05390625 0.043055555555555555
5 0.840625 0.7680555555555556 0.0484375 0.011111111111111112
8 0.845703125 0.7895833333333333 0.05546875 0.034722222222222224
5 0.844921875 0.7777777777777778 0.05078125 0.013888888888888888
8 0.846875 0.8041666666666667 0.0578125 0.041666666666666664
5 0.846484375 0.7916666666666666 0.05234375 0.019444444444444445
8 0.92109375 0.8819444444444444 0.053125 0.06666666666666667
5 0.920703125 0.8631944444444445 0.04765625 0.03194444444444444
8 0.978515625 0.8868055555555555 0.04140625 0.06527777777777778
5 0.97890625 0.8673611111111111 0.040625 0.029166666666666667
8 0.86640625 0.8784722222222222 0.05 0.06527777777777778
5 0.865625 0.8597222222222223 0.04375 0.030555555555555555
8 0.804296875 0.8729166666666667 0.04921875 0.06527777777777778
5 0.80390625 0.8541666666666666 0.0421875 0.030555555555555555
8 0.91640625 0.8368055555555556 0.0625 0.05138888888888889
5 0.91640625 0.8173611111111111 0.0578125 0.015277777777777777
8 0.9296875 0.8534722222222222 0.0734375 0.05416666666666667
5 0.92890625 0.8361111111111111 0.065625 0.022222222222222223
8 0.86484375 0.8527777777777777 0.046875 0.058333333333333334
5 0.8640625 0.8347222222222223 0.040625 0.025
8 0.80625 0.8472222222222222 0.0453125 0.05555555555555555
5 0.805859375 0.8298611111111112 0.03984375 0.02361111111111111
8 0.9375 0.9909722222222223 0.0046875 0.015277777777777777
5 0.969140625 0.9902777777777778 0.06015625 0.016666666666666666
8 0.963671875 0.9756944444444444 0.07109375 0.04583333333333333
5 0.965234375 0.9694444444444444 0.06796875 0.03611111111111111
0 0.60078125 0.8756944444444444 0.096875 0.24583333333333332
0 0.684375 0.7916666666666666 0.0640625 0.2388888888888889
0 0.5828125 0.6798611111111111 0.046875 0.1375
1 0.151171875 0.6715277777777777 0.06953125 0.09027777777777778
1 0.13046875 0.6770833333333334 0.0765625 0.09305555555555556
1 0.08828125 0.6618055555555555 0.0625 0.0763888888888889
1 0.06328125 0.6743055555555556 0.0734375 0.09305555555555556
1 0.028515625 0.6666666666666666 0.05703125 0.08888888888888889
1 0.020703125 0.6729166666666667 0.04140625 0.09027777777777778
1 0.990234375 0.7333333333333333 0.01796875 0.13055555555555556
2 0.984375 0.7423611111111111 0.0 0.03194444444444444
2 0.984765625 0.6965277777777777 0.00078125 0.03194444444444444
2 0.88203125 0.98125 0.0890625 0.034722222222222224
2 0.779296875 0.9763888888888889 0.08515625 0.044444444444444446
2 0.83671875 0.7243055555555555 0.0015625 0.0375
2 0.811328125 0.7416666666666667 0.03984375 0.03333333333333333
2 0.859375 0.7395833333333334 0.0421875 0.04583333333333333
2 0.81171875 0.7076388888888889 0.0390625 0.034722222222222224
2 0.859375 0.7055555555555556 0.0421875 0.044444444444444446
2 0.81171875 0.6701388888888888 0.0390625 0.043055555555555555
2 0.859375 0.6715277777777777 0.0421875 0.043055555555555555
5 0.06640625 0.9201388888888888 0.1046875 0.043055555555555555
5 0.066796875 0.9375 0.10390625 0.03888888888888889
5 0.065234375 0.9513888888888888 0.10078125 0.03888888888888889
5 0.066015625 0.9659722222222222 0.10234375 0.04027777777777778
5 0.06640625 0.9875 0.103125 0.022222222222222223
5 0.065234375 0.9798611111111111 0.10078125 0.0375
5 0.079296875 0.9916666666666667 0.07421875 0.013888888888888888
5 0.15625 0.9597222222222223 0.103125 0.041666666666666664
5 0.15625 0.9756944444444444 0.103125 0.043055555555555555
5 0.164453125 0.9888888888888889 0.08671875 0.019444444444444445
5 0.15625 0.9840277777777777 0.103125 0.029166666666666667
5 0.2015625 0.9979166666666667 0.0125 0.001388888888888889
5 0.15625 0.9465277777777777 0.103125 0.04027777777777778
5 0.15625 0.9284722222222223 0.103125 0.04583333333333333
5 0.259765625 0.9715277777777778 0.10078125 0.043055555555555555
5 0.259765625 0.9819444444444444 0.10078125 0.03333333333333333
5 0.276953125 0.9972222222222222 0.06640625 0.002777777777777778
5 0.265234375 0.9895833333333334 0.08984375 0.018055555555555554
5 0.259765625 0.9569444444444445 0.10078125 0.041666666666666664
5 0.259765625 0.9416666666666667 0.10078125 0.041666666666666664
5 0.259765625 0.8506944444444444 0.10078125 0.034722222222222224
5 0.259765625 0.8659722222222223 0.10078125 0.0375
5 0.259765625 0.8986111111111111 0.10078125 0.03888888888888889
5 0.259765625 0.8819444444444444 0.10078125 0.03888888888888889
5 0.259765625 0.9277777777777778 0.10078125 0.041666666666666664
5 0.259765625 0.9118055555555555 0.10078125 0.04027777777777778
5 0.259765625 0.8368055555555556 0.10078125 0.034722222222222224
5 0.259765625 0.8194444444444444 0.10078125 0.03888888888888889
