3 0.499609375 0.83125 0.99921875 0.3347222222222222
4 0.43671875 0.75 0.0078125 0.058333333333333334
4 0.46015625 0.7826388888888889 0.0296875 0.06805555555555555
4 0.491015625 0.8048611111111111 0.00859375 0.07083333333333333
4 0.50234375 0.8270833333333333 0.034375 0.08194444444444444
4 0.5421875 0.8402777777777778 0.003125 0.05
4 0.559375 0.8854166666666666 0.0328125 0.09305555555555556
4 0.61328125 0.9291666666666667 0.0140625 0.1
4 0.64921875 0.95 0.0265625 0.09722222222222222
4 0.059375 0.7722222222222223 0.009375 0.06111111111111111
4 0.044140625 0.81875 0.01640625 0.08194444444444444
4 0.03046875 0.8402777777777778 0.0125 0.08055555555555556
4 0.0203125 0.8756944444444444 0.0203125 0.09861111111111111
4 0.005078125 0.90625 0.01015625 0.09583333333333334
8 0.59296875 0.8819444444444444 0.0609375 0.06666666666666667
8 0.941796875 0.7541666666666667 0.04765625 0.025
5 0.360546875 0.675 0.04140625 0.011111111111111112
5 0.360546875 0.675 0.04140625 0.011111111111111112
5 0.360546875 0.675 0.04140625 0.011111111111111112
5 0.360546875 0.6659722222222222 0.04140625 0.0125
5 0.360546875 0.6659722222222222 0.04140625 0.0125
5 0.360546875 0.6659722222222222 0.04140625 0.0125
5 0.360546875 0.6826388888888889 0.04140625 0.009722222222222222
5 0.360546875 0.6826388888888889 0.04140625 0.009722222222222222
5 0.360546875 0.6826388888888889 0.04140625 0.009722222222222222
5 0.416015625 0.6798611111111111 0.04140625 0.009722222222222222
5 0.416015625 0.6798611111111111 0.04140625 0.009722222222222222
5 0.416015625 0.6798611111111111 0.04140625 0.009722222222222222
5 0.416015625 0.6729166666666667 0.04140625 0.009722222222222222
5 0.416015625 0.6729166666666667 0.04140625 0.009722222222222222
5 0.416015625 0.6729166666666667 0.04140625 0.009722222222222222
5 0.416015625 0.6645833333333333 0.04140625 0.009722222222222222
5 0.416015625 0.6645833333333333 0.04140625 0.009722222222222222
5 0.416015625 0.6645833333333333 0.04140625 0.009722222222222222
5 0.416015625 0.6555555555555556 0.04140625 0.011111111111111112
5 0.416015625 0.6555555555555556 0.04140625 0.011111111111111112
5 0.416015625 0.6555555555555556 0.04140625 0.011111111111111112
6 0.5078125 0.7027777777777777 0.0390625 0.05555555555555555
6 0.483984375 0.6888888888888889 0.03515625 0.058333333333333334
6 0.50859375 0.6520833333333333 0.0421875 0.06527777777777778
6 0.494921875 0.6965277777777777 0.03515625 0.059722222222222225
6 0.54609375 0.7527777777777778 0.05625 0.08055555555555556
6 0.586328125 0.7631944444444444 0.06640625 0.07916666666666666
7 0.7203125 0.9027777777777778 0.08125 0.03333333333333333
7 0.765625 0.9361111111111111 0.0859375 0.03888888888888889
7 0.44453125 0.9340277777777778 0.053125 0.04861111111111111
7 0.115234375 0.9944444444444445 0.03828125 0.008333333333333333
7 0.386328125 0.8354166666666667 0.03828125 0.03194444444444444
7 0.04296875 0.8152777777777778 0.0640625 0.022222222222222223
7 0.380859375 0.7451388888888889 0.04921875 0.015277777777777777
7 0.41875 0.79375 0.0578125 0.020833333333333332
6 0.005078125 0.7659722222222223 0.01015625 0.1125
6 0.005078125 0.8583333333333333 0.01015625 0.11944444444444445
6 0.98125 0.9965277777777778 0.0359375 0.004166666666666667
8 0.800390625 0.9909722222222223 0.08359375 0.015277777777777777
5 0.81015625 0.9909722222222223 0.09375 0.015277777777777777
8 0.75390625 0.9576388888888889 0.0890625 0.08194444444444444
5 0.755078125 0.9368055555555556 0.07890625 0.043055555555555555
8 0.690625 0.9645833333333333 0.0875 0.06805555555555555
5 0.69140625 0.9458333333333333 0.078125 0.044444444444444446
8 0.6015625 0.8180555555555555 0.0 0.0
5 0.573046875 0.7972222222222223 0.00078125 0.0
8 0.525390625 0.8270833333333333 0.02890625 0.05138888888888889
5 0.5328125 0.8097222222222222 0.0328125 0.022222222222222223
8 0.48671875 0.7625 0.0515625 0.03333333333333333
5 0.483203125 0.7486111111111111 0.03984375 0.013888888888888888
8 0.478125 0.7534722222222222 0.05 0.034722222222222224
5 0.477734375 0.7388888888888889 0.04453125 0.011111111111111112
8 0.466015625 0.7451388888888889 0.04296875 0.034722222222222224
5 0.46796875 0.7326388888888888 0.04375 0.0125
8 0.44296875 0.7381944444444445 0.009375 0.03194444444444444
5 0.46015625 0.7243055555555555 0.0421875 0.009722222222222222
8 0.50078125 0.7368055555555556 0.0046875 0.006944444444444444
5 0.5078125 0.7298611111111111 0.01875 0.009722222222222222
8 0.501953125 0.7256944444444444 0.03046875 0.0125
5 0.50703125 0.7208333333333333 0.0359375 0.008333333333333333
8 0.5140625 0.7541666666666667 0.00625 0.027777777777777776
5 0.5140625 0.7375 0.00625 0.011111111111111112
8 0.51640625 0.7506944444444444 0.0015625 0.015277777777777777
5 0.5171875 0.7444444444444445 0.0 0.005555555555555556
8 0.77265625 0.6875 0.0 0.0
5 0.78125 0.6847222222222222 0.0375 0.008333333333333333
8 0.77265625 0.6805555555555556 0.0 0.0
5 0.7734375 0.6784722222222223 0.0234375 0.004166666666666667
8 0.78984375 0.6993055555555555 0.03125 0.02361111111111111
5 0.795703125 0.6895833333333333 0.03984375 0.009722222222222222
8 0.81171875 0.7027777777777777 0.0453125 0.019444444444444445
5 0.81171875 0.6951388888888889 0.040625 0.009722222222222222
8 0.711328125 0.6895833333333333 0.00703125 0.020833333333333332
5 0.72109375 0.68125 0.0234375 0.006944444444444444
8 0.776171875 0.6993055555555555 0.00390625 0.015277777777777777
5 0.769140625 0.6895833333333333 0.01171875 0.004166666666666667
8 0.783984375 0.7083333333333334 0.01953125 0.022222222222222223
5 0.78203125 0.6972222222222222 0.0171875 0.008333333333333333
8 0.894140625 0.7347222222222223 0.02734375 0.016666666666666666
5 0.88125 0.7236111111111111 0.003125 0.011111111111111112
8 0.923046875 0.7381944444444445 0.03671875 0.02638888888888889
5 0.921484375 0.7229166666666667 0.03203125 0.0125
8 0.843359375 0.7270833333333333 0.02421875 0.009722222222222222
5 0.845703125 0.725 0.02421875 0.011111111111111112
8 0.82109375 0.7409722222222223 0.046875 0.034722222222222224
5 0.8203125 0.7277777777777777 0.0421875 0.013888888888888888
8 0.83359375 0.7125 0.0375 0.016666666666666666
5 0.8375 0.7055555555555556 0.040625 0.008333333333333333
8 0.858984375 0.7222222222222222 0.04765625 0.025
5 0.862109375 0.7125 0.03984375 0.011111111111111112
8 0.8296875 0.7270833333333333 0.0453125 0.029166666666666667
5 0.829296875 0.7159722222222222 0.03984375 0.0125
8 0.796875 0.7305555555555555 0.04375 0.03333333333333333
5 0.79609375 0.7173611111111111 0.0390625 0.0125
8 0.971484375 0.7597222222222222 0.00234375 0.005555555555555556
5 0.9859375 0.7590277777777777 0.0265625 0.009722222222222222
0 0.890625 0.7541666666666667 0.1140625 0.20277777777777778
0 0.753125 0.69375 0.0765625 0.15138888888888888
0 0.50546875 0.6423611111111112 0.0390625 0.10416666666666667
0 0.5453125 0.9326388888888889 0.14375 0.13194444444444445
1 0.048828125 0.9506944444444444 0.09765625 0.09583333333333334
1 0.080078125 0.66875 0.06640625 0.09027777777777778
1 0.07734375 0.6736111111111112 0.06875 0.09166666666666666
1 0.017578125 0.6722222222222223 0.03515625 0.05555555555555555
1 0.01875 0.6756944444444445 0.0375 0.09027777777777778
1 0.01640625 0.7284722222222222 0.0328125 0.12083333333333333
1 0.000390625 0.7805555555555556 0.00078125 0.13333333333333333
1 0.97890625 0.6430555555555556 0.040625 0.07222222222222222
2 0.965234375 0.65625 0.00859375 0.020833333333333332
2 0.973828125 0.6263888888888889 0.02578125 0.022222222222222223
2 0.99296875 0.6243055555555556 0.0125 0.009722222222222222
2 0.9765625 0.6576388888888889 0.0140625 0.020833333333333332
2 0.97578125 0.6270833333333333 0.0125 0.020833333333333332
2 0.988671875 0.6166666666666667 0.01171875 0.0
2 0.984375 0.6236111111111111 0.0125 0.011111111111111112
2 0.9953125 0.6180555555555556 0.0078125 0.0
1 0.928125 0.64375 0.0453125 0.059722222222222225
2 0.912890625 0.6180555555555556 0.01484375 0.0
2 0.933984375 0.6298611111111111 0.02890625 0.015277777777777777
2 0.941796875 0.6708333333333333 0.01328125 0.002777777777777778
2 0.9078125 0.6256944444444444 0.0046875 0.0125
2 0.925390625 0.6194444444444445 0.01171875 0.0
2 0.919921875 0.6208333333333333 0.00078125 0.0
2 0.934765625 0.6208333333333333 0.01015625 0.0
1 0.983203125 0.6611111111111111 0.03203125 0.08055555555555556
2 0.98046875 0.6770833333333334 0.0203125 0.02638888888888889
2 0.9875 0.6638888888888889 0.00625 0.0
2 0.984765625 0.6430555555555556 0.02890625 0.025
2 0.99921875 0.6479166666666667 0.0 0.02361111111111111
2 0.989453125 0.6798611111111111 0.01953125 0.029166666666666667
2 0.988671875 0.6451388888888889 0.01796875 0.02638888888888889
2 0.996484375 0.6319444444444444 0.00546875 0.0
2 0.994140625 0.6465277777777778 0.01015625 0.02638888888888889
1 0.84140625 0.6534722222222222 0.0328125 0.08472222222222223
2 0.82734375 0.6541666666666667 0.003125 0.0
2 0.8359375 0.6208333333333333 0.021875 0.002777777777777778
2 0.851953125 0.6368055555555555 0.01171875 0.02361111111111111
2 0.842578125 0.6673611111111111 0.02578125 0.029166666666666667
2 0.837890625 0.6222222222222222 0.01640625 0.0
2 0.851171875 0.6215277777777778 0.00859375 0.001388888888888889
2 0.844140625 0.6354166666666666 0.01328125 0.02361111111111111
2 0.85546875 0.6229166666666667 0.0046875 0.001388888888888889
1 0.93046875 0.6722222222222223 0.05 0.08611111111111111
2 0.9078125 0.6340277777777777 0.0046875 0.001388888888888889
2 0.941015625 0.6520833333333333 0.02265625 0.02638888888888889
2 0.93125 0.6868055555555556 0.0421875 0.03194444444444444
2 0.9078125 0.6361111111111111 0.0046875 0.002777777777777778
2 0.909765625 0.6388888888888888 0.00078125 0.0
2 0.9359375 0.6368055555555555 0.0125 0.001388888888888889
1 0.817578125 0.6541666666666667 0.05546875 0.08333333333333333
2 0.798828125 0.6645833333333333 0.01328125 0.02361111111111111
2 0.80703125 0.6527777777777778 0.0015625 0.0
2 0.8 0.6326388888888889 0.015625 0.02361111111111111
2 0.829296875 0.6375 0.02734375 0.025
2 0.819921875 0.66875 0.04140625 0.029166666666666667
2 0.803125 0.6347222222222222 0.009375 0.025
2 0.806640625 0.6361111111111111 0.00234375 0.022222222222222223
2 0.826953125 0.625 0.00390625 0.0
1 0.88828125 0.6708333333333333 0.0640625 0.08888888888888889
2 0.9078125 0.6520833333333333 0.0046875 0.02361111111111111
2 0.8953125 0.6902777777777778 0.0296875 0.027777777777777776
2 0.88125 0.6513888888888889 0.003125 0.025
2 0.90703125 0.6388888888888888 0.003125 0.0
2 0.976953125 0.7923611111111111 0.04453125 0.059722222222222225
2 0.95390625 0.7958333333333333 0.071875 0.06111111111111111
2 0.638671875 0.6666666666666666 0.01484375 0.030555555555555555
2 0.666015625 0.6736111111111112 0.03828125 0.030555555555555555
2 0.709375 0.675 0.0203125 0.025
2 0.666015625 0.6486111111111111 0.03828125 0.027777777777777776
2 0.709375 0.6493055555555556 0.0203125 0.02361111111111111
2 0.666015625 0.6243055555555556 0.03828125 0.029166666666666667
2 0.7 0.6229166666666667 0.040625 0.029166666666666667
5 0.575390625 0.7986111111111112 0.06484375 0.025
5 0.575390625 0.8090277777777778 0.06484375 0.02361111111111111
5 0.575390625 0.8194444444444444 0.06484375 0.022222222222222223
5 0.576171875 0.8298611111111112 0.06328125 0.02361111111111111
5 0.57734375 0.8513888888888889 0.0609375 0.025
5 0.576171875 0.8402777777777778 0.06328125 0.022222222222222223
5 0.576171875 0.8743055555555556 0.05859375 0.020833333333333332
5 0.57734375 0.8618055555555556 0.0609375 0.02361111111111111
5 0.6375 0.8138888888888889 0.0578125 0.022222222222222223
5 0.6375 0.825 0.0578125 0.022222222222222223
5 0.6375 0.8451388888888889 0.0578125 0.02361111111111111
5 0.6375 0.8347222222222223 0.0578125 0.025
5 0.6375 0.8659722222222223 0.0578125 0.02361111111111111
5 0.6375 0.8548611111111111 0.0578125 0.02361111111111111
5 0.028515625 0.7965277777777777 0.04765625 0.018055555555555554
5 0.028125 0.8055555555555556 0.0515625 0.019444444444444445
5 0.6375 0.8034722222222223 0.0578125 0.02361111111111111
5 0.6375 0.7930555555555555 0.0578125 0.025
5 0.71171875 0.8083333333333333 0.0640625 0.022222222222222223
5 0.71171875 0.8194444444444444 0.0640625 0.019444444444444445
5 0.71171875 0.8395833333333333 0.0640625 0.02361111111111111
5 0.71171875 0.8298611111111112 0.0640625 0.020833333333333332
5 0.71171875 0.8597222222222223 0.0640625 0.022222222222222223
5 0.72109375 0.8486111111111111 0.0453125 0.022222222222222223
5 0.0953125 0.7923611111111111 0.046875 0.018055555555555554
5 0.096875 0.8006944444444445 0.046875 0.020833333333333332
5 0.71171875 0.8 0.0640625 0.019444444444444445
5 0.71171875 0.7888888888888889 0.0640625 0.019444444444444445
5 0.71171875 0.7305555555555555 0.0640625 0.016666666666666666
5 0.71171875 0.7402777777777778 0.0640625 0.016666666666666666
5 0.71171875 0.7611111111111111 0.0640625 0.019444444444444445
5 0.71171875 0.7506944444444444 0.0640625 0.018055555555555554
5 0.71171875 0.7805555555555556 0.0640625 0.019444444444444445
5 0.71171875 0.7715277777777778 0.0640625 0.015277777777777777
5 0.094921875 0.7854166666666667 0.04609375 0.018055555555555554
5 0.096484375 0.7763888888888889 0.04765625 0.019444444444444445
5 0.71171875 0.7208333333333333 0.0640625 0.016666666666666666
5 0.71171875 0.7097222222222223 0.0640625 0.019444444444444445
