3 0.499609375 0.9 0.99921875 0.19722222222222222
4 0.253125 0.7583333333333333 0.003125 0.0
4 0.158984375 0.7729166666666667 0.00234375 0.08472222222222223
4 0.120703125 0.7583333333333333 0.00390625 0.0
4 0.0390625 0.7805555555555556 0.034375 0.13333333333333333
8 0.037890625 0.8125 0.07578125 0.075
5 0.489453125 0.7979166666666667 0.03671875 0.009722222222222222
5 0.489453125 0.7979166666666667 0.03671875 0.009722222222222222
5 0.489453125 0.7979166666666667 0.03671875 0.009722222222222222
5 0.489453125 0.7875 0.03671875 0.008333333333333333
5 0.489453125 0.7875 0.03671875 0.008333333333333333
5 0.489453125 0.7875 0.03671875 0.008333333333333333
5 0.4859375 0.7770833333333333 0.04375 0.009722222222222222
5 0.4859375 0.7770833333333333 0.04375 0.009722222222222222
5 0.4859375 0.7770833333333333 0.04375 0.009722222222222222
5 0.4859375 0.7652777777777777 0.04375 0.008333333333333333
5 0.4859375 0.7652777777777777 0.04375 0.008333333333333333
5 0.4859375 0.7652777777777777 0.04375 0.008333333333333333
6 0.465625 0.7701388888888889 0.05 0.09027777777777778
6 0.4796875 0.7708333333333334 0.04375 0.07777777777777778
6 0.467578125 0.6888888888888889 0.05390625 0.09166666666666666
6 0.474609375 0.7701388888888889 0.04609375 0.08472222222222223
6 0.372265625 0.7548611111111111 0.08828125 0.09027777777777778
6 0.37578125 0.7729166666666667 0.1 0.12638888888888888
7 0.17890625 0.8604166666666667 0.1875 0.05416666666666667
7 0.1015625 0.8791666666666667 0.203125 0.06666666666666667
7 0.00625 0.8215277777777777 0.0125 0.02361111111111111
7 0.23359375 0.7986111111111112 0.0 0.0
7 0.149609375 0.8180555555555555 0.07109375 0.019444444444444445
8 0.254296875 0.8069444444444445 0.09609375 0.05555555555555555
5 0.255859375 0.7826388888888889 0.08359375 0.015277777777777777
8 0.15234375 0.8055555555555556 0.0734375 0.05277777777777778
5 0.168359375 0.7826388888888889 0.08984375 0.015277777777777777
8 0.31015625 0.8041666666666667 0.0296875 0.03888888888888889
5 0.31171875 0.7798611111111111 0.0265625 0.009722222222222222
8 0.316015625 0.8055555555555556 0.01171875 0.030555555555555555
5 0.3109375 0.7805555555555556 0.0 0.005555555555555556
8 0.316796875 0.8048611111111111 0.01015625 0.029166666666666667
8 0.453515625 0.7986111111111112 0.01640625 0.041666666666666664
5 0.441796875 0.7791666666666667 0.03046875 0.008333333333333333
8 0.455859375 0.7979166666666667 0.02890625 0.04027777777777778
5 0.462109375 0.7791666666666667 0.00859375 0.008333333333333333
8 0.448828125 0.8 0.01484375 0.044444444444444446
5 0.447265625 0.7791666666666667 0.01015625 0.008333333333333333
8 0.4390625 0.7895833333333333 0.0140625 0.02361111111111111
5 0.434765625 0.7798611111111111 0.01328125 0.009722222222222222
8 0.934375 0.7916666666666666 0.021875 0.0
8 0.917578125 0.8006944444444445 0.00546875 0.018055555555555554
8 0.943359375 0.8020833333333334 0.01328125 0.020833333333333332
8 0.9 0.8090277777777778 0.0015625 0.004166666666666667
8 0.9078125 0.7993055555555556 0.0125 0.015277777777777777
8 0.9234375 0.8027777777777778 0.0125 0.022222222222222223
8 0.92265625 0.8027777777777778 0.0421875 0.022222222222222223
5 0.928125 0.7805555555555556 0.0 0.0
8 0.925 0.8027777777777778 0.053125 0.05
5 0.923046875 0.7798611111111111 0.04921875 0.009722222222222222
8 0.9421875 0.8013888888888889 0.01875 0.041666666666666664
5 0.94609375 0.7791666666666667 0.009375 0.008333333333333333
8 0.915234375 0.8027777777777778 0.03359375 0.041666666666666664
5 0.913671875 0.7840277777777778 0.01640625 0.001388888888888889
0 0.828515625 0.66875 0.14765625 0.3902777777777778
0 0.767578125 0.7083333333333334 0.06171875 0.2361111111111111
0 0.570703125 0.7319444444444444 0.04453125 0.14722222222222223
1 0.056640625 0.7527777777777778 0.08828125 0.1
1 0.04140625 0.7527777777777778 0.0828125 0.1
1 0.012890625 0.7527777777777778 0.02578125 0.1
1 0.002734375 0.7527777777777778 0.00546875 0.1
2 0.975 0.8111111111111111 0.0484375 0.09444444444444444
2 0.89765625 0.7708333333333334 0.0 0.002777777777777778
2 0.892578125 0.7506944444444444 0.01015625 0.034722222222222224
2 0.890234375 0.7131944444444445 0.01171875 0.0375
5 0.106640625 0.7097222222222223 0.13359375 0.022222222222222223
5 0.10546875 0.7291666666666666 0.1328125 0.019444444444444445
5 0.105859375 0.7479166666666667 0.13359375 0.020833333333333332
5 0.1046875 0.76875 0.1328125 0.018055555555555554
5 0.10390625 0.8104166666666667 0.1328125 0.020833333333333332
5 0.10390625 0.7902777777777777 0.1328125 0.019444444444444445
5 0.069921875 0.8430555555555556 0.06796875 0.008333333333333333
5 0.103125 0.8277777777777777 0.1328125 0.022222222222222223
5 0.23515625 0.7479166666666667 0.1265625 0.020833333333333332
5 0.23515625 0.76875 0.1265625 0.018055555555555554
5 0.233984375 0.8104166666666667 0.12734375 0.020833333333333332
5 0.234375 0.7902777777777777 0.1265625 0.019444444444444445
5 0.273828125 0.85 0.04609375 0.025
5 0.233984375 0.8284722222222223 0.12734375 0.02361111111111111
5 0.235546875 0.7291666666666666 0.12578125 0.019444444444444445
5 0.235546875 0.7090277777777778 0.12578125 0.02361111111111111
5 0.38203125 0.7479166666666667 0.1171875 0.020833333333333332
5 0.381640625 0.7680555555555556 0.11796875 0.019444444444444445
5 0.381640625 0.8111111111111111 0.11796875 0.022222222222222223
5 0.381640625 0.7902777777777777 0.11796875 0.019444444444444445
5 0.38125 0.85 0.11875 0.025
5 0.38125 0.8298611111111112 0.11875 0.02361111111111111
5 0.38203125 0.7284722222222222 0.1171875 0.020833333333333332
5 0.38203125 0.7083333333333334 0.1171875 0.022222222222222223
5 0.383203125 0.5895833333333333 0.11640625 0.03194444444444444
5 0.383203125 0.6104166666666667 0.11640625 0.03194444444444444
5 0.3828125 0.6506944444444445 0.1171875 0.02638888888888889
5 0.3828125 0.63125 0.1171875 0.029166666666666667
5 0.382421875 0.6895833333333333 0.11640625 0.02361111111111111
5 0.3828125 0.6701388888888888 0.1171875 0.02638888888888889
5 0.383203125 0.5729166666666666 0.11640625 0.034722222222222224
5 0.38359375 0.5520833333333334 0.115625 0.034722222222222224
