3 0.499609375 0.8513888888888889 0.99921875 0.29444444444444445
5 0.728515625 0.8423611111111111 0.06171875 0.029166666666666667
5 0.728515625 0.8423611111111111 0.06171875 0.029166666666666667
5 0.728515625 0.8423611111111111 0.06171875 0.029166666666666667
5 0.728515625 0.8270833333333333 0.06171875 0.0375
5 0.728515625 0.8270833333333333 0.06171875 0.0375
5 0.728515625 0.8270833333333333 0.06171875 0.0375
5 0.7171875 0.8569444444444444 0.0390625 0.027777777777777776
5 0.7171875 0.8569444444444444 0.0390625 0.027777777777777776
5 0.7171875 0.8569444444444444 0.0390625 0.027777777777777776
5 0.79375 0.8555555555555555 0.0015625 0.0
5 0.79375 0.8555555555555555 0.0015625 0.0
5 0.79375 0.8555555555555555 0.0015625 0.0
5 0.79609375 0.8472222222222222 0.00625 0.019444444444444445
5 0.79609375 0.8472222222222222 0.00625 0.019444444444444445
5 0.79609375 0.8472222222222222 0.00625 0.019444444444444445
5 0.816015625 0.8326388888888889 0.06796875 0.03194444444444444
5 0.816015625 0.8326388888888889 0.06796875 0.03194444444444444
5 0.816015625 0.8326388888888889 0.06796875 0.03194444444444444
6 0.319921875 0.9513888888888888 0.11953125 0.09444444444444444
6 0.496875 0.9277777777777778 0.109375 0.14166666666666666
6 0.3203125 0.8506944444444444 0.11875 0.16527777777777777
6 0.413671875 0.9347222222222222 0.11328125 0.12777777777777777
7 0.1578125 0.94375 0.0546875 0.043055555555555555
7 0.197265625 0.7236111111111111 0.00703125 0.011111111111111112
7 0.255078125 0.7208333333333333 0.02734375 0.013888888888888888
7 0.088671875 0.7354166666666667 0.02890625 0.015277777777777777
7 0.141796875 0.7305555555555555 0.02890625 0.016666666666666666
8 0.027734375 0.9861111111111112 0.01640625 0.025
5 0.020703125 0.9847222222222223 0.04140625 0.027777777777777776
8 0.075 0.9763888888888889 0.0640625 0.041666666666666664
5 0.0796875 0.9729166666666667 0.0671875 0.034722222222222224
8 0.171875 0.9701388888888889 0.0640625 0.05694444444444444
5 0.173828125 0.9611111111111111 0.04765625 0.041666666666666664
5 0.118359375 0.9986111111111111 0.00234375 0.0
8 0.178515625 0.9881944444444445 0.06484375 0.020833333333333332
5 0.19609375 0.9875 0.053125 0.022222222222222223
0 0.08515625 0.9625 0.1703125 0.07222222222222222
0 0.791796875 0.8604166666666667 0.12421875 0.2763888888888889
1 0.418359375 0.7277777777777777 0.07421875 0.12222222222222222
1 0.379296875 0.7319444444444444 0.07421875 0.125
1 0.37734375 0.7076388888888889 0.06875 0.09861111111111111
1 0.339453125 0.71875 0.06796875 0.11805555555555555
1 0.34140625 0.6965277777777777 0.0640625 0.09305555555555556
1 0.311328125 0.7076388888888889 0.05234375 0.10972222222222222
1 0.324609375 0.6763888888888889 0.06796875 0.08888888888888889
1 0.018359375 0.7590277777777777 0.03671875 0.13194444444444445
1 0.013671875 0.7416666666666667 0.02734375 0.1111111111111111
