5 0.0609375 0.7291666666666666 0.003125 0.002777777777777778
5 0.005078125 0.8180555555555555 0.01015625 0.013888888888888888
3 0.499609375 0.8284722222222223 0.99921875 0.3402777777777778
5 0.81484375 0.7729166666666667 0.0578125 0.018055555555555554
2 0.915625 0.7145833333333333 0.028125 0.004166666666666667
2 0.8640625 0.7451388888888889 0.0515625 0.04027777777777778
5 0.383203125 0.7388888888888889 0.04765625 0.013888888888888888
2 0.960546875 0.6888888888888889 0.02265625 0.002777777777777778
5 0.005078125 0.8395833333333333 0.01015625 0.0125
2 0.941015625 0.7138888888888889 0.05078125 0.016666666666666666
5 0.82734375 0.7645833333333333 0.05625 0.015277777777777777
5 0.591796875 0.8069444444444445 0.06015625 0.022222222222222223
2 0.997265625 0.7222222222222222 0.00390625 0.002777777777777778
5 0.040625 0.8513888888888889 0.0765625 0.025
2 0.9796875 0.8048611111111111 0.0390625 0.05694444444444444
5 0.040625 0.8729166666666667 0.0765625 0.02638888888888889
6 0.250390625 0.7555555555555555 0.06484375 0.08055555555555556
5 0.582421875 0.7041666666666667 0.01328125 0.008333333333333333
4 0.2328125 0.7180555555555556 0.0015625 0.008333333333333333
5 0.676953125 0.8006944444444445 0.05234375 0.020833333333333332
2 0.921484375 0.7104166666666667 0.02734375 0.004166666666666667
8 0.831640625 0.7833333333333333 0.05546875 0.03888888888888889
2 0.2828125 0.9708333333333333 0.1859375 0.05555555555555555
5 0.79609375 0.78125 0.059375 0.018055555555555554
5 0.005078125 0.8604166666666667 0.01015625 0.015277777777777777
8 0.2109375 0.9569444444444445 0.015625 0.019444444444444445
5 0.283203125 0.7493055555555556 0.00078125 0.004166666666666667
8 0.53828125 0.8652777777777778 0.0921875 0.06111111111111111
2 0.926953125 0.7965277777777777 0.06640625 0.05694444444444444
5 0.628515625 0.79375 0.05078125 0.020833333333333332
2 0.815234375 0.7055555555555556 0.04453125 0.03611111111111111
8 0.679296875 0.8208333333333333 0.05546875 0.04722222222222222
2 0.98046875 0.7201388888888889 0.028125 0.004166666666666667
5 0.755859375 0.7645833333333333 0.05546875 0.018055555555555554
8 0.736328125 0.7840277777777778 0.06328125 0.029166666666666667
2 0.947265625 0.7340277777777777 0.02734375 0.04583333333333333
7 0.029296875 0.6791666666666667 0.01953125 0.011111111111111112
8 0.756640625 0.7756944444444445 0.06171875 0.02638888888888889
2 0.360546875 0.95625 0.17265625 0.08472222222222223
5 0.546484375 0.6993055555555555 0.04609375 0.009722222222222222
5 0.005078125 0.85 0.01015625 0.013888888888888888
5 0.5828125 0.6868055555555556 0.0140625 0.009722222222222222
2 0.9703125 0.775 0.0 0.0
8 0.323046875 0.7520833333333333 0.03984375 0.029166666666666667
1 0.251953125 0.6465277777777778 0.04453125 0.06805555555555555
8 0.344921875 0.7444444444444445 0.05234375 0.027777777777777776
8 0.51796875 0.9361111111111111 0.0875 0.06666666666666667
5 0.040625 0.8409722222222222 0.0765625 0.02361111111111111
1 0.213671875 0.64375 0.04140625 0.06805555555555555
5 0.3546875 0.7451388888888889 0.05 0.015277777777777777
8 0.085546875 0.8152777777777778 0.05078125 0.044444444444444446
4 0.115625 0.7652777777777777 0.015625 0.06944444444444445
8 0.301953125 0.7576388888888889 0.03359375 0.029166666666666667
8 0.305859375 0.775 0.04453125 0.03611111111111111
0 0.5015625 0.7402777777777778 0.1078125 0.19444444444444445
7 0.104296875 0.6694444444444444 0.03046875 0.008333333333333333
5 0.040625 0.8625 0.0765625 0.025
5 0.083203125 0.7972222222222223 0.04765625 0.019444444444444445
2 0.93984375 0.7375 0.0296875 0.04722222222222222
2 0.815234375 0.7368055555555556 0.04453125 0.03194444444444444
5 0.344140625 0.7319444444444444 0.04609375 0.011111111111111112
5 0.005078125 0.7965277777777777 0.01015625 0.0125
2 0.977734375 0.6854166666666667 0.03984375 0.004166666666666667
6 0.431640625 0.7277777777777777 0.05078125 0.07222222222222222
1 0.998828125 0.6972222222222222 0.00078125 0.027777777777777776
2 0.9828125 0.7006944444444444 0.0234375 0.020833333333333332
1 0.227734375 0.6430555555555556 0.05390625 0.06666666666666667
5 0.0609375 0.71875 0.003125 0.001388888888888889
2 0.9859375 0.7173611111111111 0.0265625 0.004166666666666667
8 0.075 0.8020833333333334 0.009375 0.029166666666666667
0 0.216796875 0.8048611111111111 0.16953125 0.25972222222222224
5 0.040625 0.8284722222222223 0.0765625 0.02638888888888889
8 0.27578125 0.93125 0.0234375 0.0125
5 0.553125 0.8881944444444444 0.0828125 0.034722222222222224
1 0.977734375 0.775 0.04296875 0.15833333333333333
8 0.8078125 0.7548611111111111 0.01875 0.009722222222222222
2 0.92109375 0.7402777777777778 0.0546875 0.05
5 0.005078125 0.8291666666666667 0.01015625 0.013888888888888888
8 0.6265625 0.8152777777777778 0.0546875 0.041666666666666664
5 0.680859375 0.8222222222222222 0.06015625 0.025
2 0.986328125 0.6993055555555555 0.02265625 0.02361111111111111
5 0.005078125 0.8069444444444445 0.01015625 0.013888888888888888
2 0.184765625 0.9881944444444445 0.11484375 0.020833333333333332
5 0.061328125 0.7194444444444444 0.00234375 0.0
8 0.28515625 0.7638888888888888 0.003125 0.027777777777777776
5 0.84453125 0.7583333333333333 0.0546875 0.016666666666666666
8 0.7359375 0.825 0.071875 0.041666666666666664
1 0.045703125 0.6694444444444444 0.05703125 0.08055555555555556
5 0.637109375 0.8152777777777778 0.06015625 0.025
5 0.241796875 0.9451388888888889 0.06953125 0.03194444444444444
5 0.040625 0.7305555555555555 0.0765625 0.019444444444444445
8 0.6828125 0.84375 0.0640625 0.05416666666666667
5 0.040625 0.7083333333333334 0.0765625 0.022222222222222223
5 0.31640625 0.7381944444444445 0.0453125 0.0125
5 0.73515625 0.8069444444444445 0.0640625 0.022222222222222223
5 0.040625 0.7958333333333333 0.0765625 0.022222222222222223
2 0.960546875 0.7743055555555556 0.01171875 0.015277777777777777
5 0.040625 0.7861111111111111 0.0765625 0.022222222222222223
7 0.291015625 0.7347222222222223 0.01640625 0.002777777777777778
5 0.790234375 0.7513888888888889 0.04765625 0.013888888888888888
5 0.300390625 0.9236111111111112 0.06484375 0.027777777777777776
7 0.133984375 0.775 0.02421875 0.019444444444444445
5 0.753515625 0.7965277777777777 0.06171875 0.020833333333333332
5 0.547265625 0.68125 0.04453125 0.0125
8 0.815625 0.7909722222222222 0.0640625 0.04027777777777778
8 0.5546875 0.9152777777777777 0.0921875 0.06388888888888888
2 0.4203125 0.9090277777777778 0.109375 0.0875
8 0.845703125 0.775 0.05859375 0.03611111111111111
5 0.769921875 0.7576388888888889 0.05390625 0.015277777777777777
5 0.040625 0.775 0.0765625 0.022222222222222223
5 0.546875 0.6916666666666667 0.0453125 0.011111111111111112
2 0.866796875 0.6736111111111112 0.05703125 0.041666666666666664
1 0.266796875 0.6423611111111112 0.05546875 0.0625
2 0.81640625 0.6694444444444444 0.046875 0.041666666666666664
8 0.7703125 0.7611111111111111 0.059375 0.011111111111111112
5 0.040625 0.7534722222222222 0.0765625 0.020833333333333332
5 0.730859375 0.83125 0.06171875 0.02638888888888889
8 0.45 0.9701388888888889 0.00625 0.034722222222222224
8 0.798046875 0.8 0.06328125 0.041666666666666664
2 0.866796875 0.7083333333333334 0.05703125 0.041666666666666664
2 0.979296875 0.7458333333333333 0.03984375 0.05
8 0.591796875 0.8270833333333333 0.06640625 0.04861111111111111
0 0.621484375 0.6708333333333333 0.06484375 0.125
5 0.330078125 0.7506944444444444 0.05078125 0.015277777777777777
5 0.583203125 0.6763888888888889 0.01484375 0.011111111111111112
2 0.9984375 0.7194444444444444 0.0015625 0.0
6 0.20859375 0.7625 0.03125 0.06666666666666667
1 0.196875 0.6319444444444444 0.0078125 0.05277777777777778
8 0.7546875 0.8166666666666667 0.06875 0.044444444444444446
1 0.96953125 0.6895833333333333 0.059375 0.04027777777777778
5 0.040625 0.8173611111111111 0.0765625 0.02361111111111111
5 0.731640625 0.7722222222222223 0.04921875 0.016666666666666666
2 0.966015625 0.6875 0.02109375 0.002777777777777778
2 0.8984375 0.7145833333333333 0.0046875 0.001388888888888889
7 0.059375 0.675 0.03125 0.008333333333333333
1 0.059375 0.6736111111111112 0.0765625 0.08611111111111111
5 0.066796875 0.7847222222222222 0.00859375 0.002777777777777778
1 0.309375 0.6506944444444445 0.0578125 0.0763888888888889
8 0.35546875 0.7604166666666666 0.0546875 0.034722222222222224
2 0.966015625 0.7034722222222223 0.04765625 0.02638888888888889
5 0.040625 0.7645833333333333 0.0765625 0.020833333333333332
1 0.9296875 0.7708333333333334 0.0796875 0.16111111111111112
6 0.45625 0.7138888888888889 0.0375 0.06111111111111111
1 0.28828125 0.6541666666666667 0.059375 0.07777777777777778
5 0.303515625 0.7576388888888889 0.04140625 0.015277777777777777
5 0.58203125 0.6958333333333333 0.0125 0.008333333333333333
5 0.298828125 0.74375 0.03203125 0.0125
8 0.730859375 0.8541666666666666 0.06953125 0.05555555555555555
4 0.03125 0.6916666666666667 0.0015625 0.013888888888888888
8 0.330859375 0.7666666666666667 0.05703125 0.03611111111111111
8 0.383984375 0.7541666666666667 0.05390625 0.03333333333333333
5 0.040625 0.8076388888888889 0.0765625 0.02361111111111111
5 0.040625 0.7423611111111111 0.0765625 0.020833333333333332
5 0.51484375 0.90625 0.08125 0.0375
2 0.364453125 0.8854166666666666 0.11640625 0.06805555555555555
5 0.005078125 0.7819444444444444 0.01015625 0.022222222222222223
6 0.4953125 0.7069444444444445 0.0421875 0.058333333333333334
2 0.98828125 0.7131944444444445 0.021875 0.004166666666666667
7 0.13359375 0.6666666666666666 0.025 0.008333333333333333
8 0.637109375 0.8361111111111111 0.06796875 0.05
5 0.040625 0.7201388888888889 0.0765625 0.020833333333333332
6 0.43125 0.6659722222222222 0.0515625 0.07083333333333333
