3 0.51328125 0.9083333333333333 0.971875 0.18055555555555555
4 0.038671875 0.8881944444444444 0.00546875 0.02361111111111111
5 0.492578125 0.825 0.06640625 0.016666666666666666
5 0.492578125 0.825 0.06640625 0.016666666666666666
5 0.492578125 0.825 0.06640625 0.016666666666666666
5 0.4921875 0.8118055555555556 0.065625 0.015277777777777777
5 0.4921875 0.8118055555555556 0.065625 0.015277777777777777
5 0.4921875 0.8118055555555556 0.065625 0.015277777777777777
5 0.492578125 0.8368055555555556 0.06640625 0.015277777777777777
5 0.492578125 0.8368055555555556 0.06640625 0.015277777777777777
5 0.492578125 0.8368055555555556 0.06640625 0.015277777777777777
5 0.576953125 0.8423611111111111 0.06640625 0.015277777777777777
5 0.576953125 0.8423611111111111 0.06640625 0.015277777777777777
5 0.576953125 0.8423611111111111 0.06640625 0.015277777777777777
5 0.576953125 0.8291666666666667 0.06640625 0.016666666666666666
5 0.576953125 0.8291666666666667 0.06640625 0.016666666666666666
5 0.576953125 0.8291666666666667 0.06640625 0.016666666666666666
5 0.576953125 0.8166666666666667 0.06640625 0.016666666666666666
5 0.576953125 0.8166666666666667 0.06640625 0.016666666666666666
5 0.576953125 0.8166666666666667 0.06640625 0.016666666666666666
5 0.576953125 0.8006944444444445 0.06640625 0.018055555555555554
5 0.576953125 0.8006944444444445 0.06640625 0.018055555555555554
5 0.576953125 0.8006944444444445 0.06640625 0.018055555555555554
6 0.408984375 0.8875 0.08984375 0.13333333333333333
6 0.48046875 0.8590277777777777 0.0734375 0.11805555555555555
6 0.4109375 0.7770833333333333 0.09375 0.12361111111111112
6 0.44765625 0.8715277777777778 0.0828125 0.12638888888888888
6 0.0984375 0.9416666666666667 0.153125 0.11388888888888889
6 0.02421875 0.9548611111111112 0.0484375 0.0875
7 0.1734375 0.9194444444444444 0.0 0.0
8 0.174609375 0.9673611111111111 0.00234375 0.05138888888888889
5 0.175 0.9305555555555556 0.003125 0.019444444444444445
8 0.17421875 0.9194444444444444 0.0 0.0
5 0.208984375 0.9159722222222222 0.07109375 0.018055555555555554
8 0.2828125 0.9069444444444444 0.034375 0.013888888888888888
5 0.26875 0.9034722222222222 0.05 0.018055555555555554
8 0.29140625 0.9527777777777777 0.1078125 0.06111111111111111
5 0.288671875 0.9270833333333334 0.09921875 0.02638888888888889
8 0.33359375 0.9416666666666667 0.103125 0.06666666666666667
5 0.332421875 0.9131944444444444 0.09296875 0.02638888888888889
8 0.26484375 0.975 0.0703125 0.04722222222222222
5 0.262109375 0.94375 0.07890625 0.03194444444444444
8 0.21015625 0.9854166666666667 0.0734375 0.02638888888888889
5 0.209375 0.9631944444444445 0.0734375 0.034722222222222224
8 0.9984375 0.8972222222222223 0.0015625 0.011111111111111112
8 0.997265625 0.9243055555555556 0.00390625 0.04027777777777778
5 0.998828125 0.9131944444444444 0.00078125 0.015277777777777777
8 0.99921875 0.9298611111111111 0.0 0.001388888888888889
8 0.998046875 0.95625 0.00234375 0.04583333333333333
8 0.927734375 0.9895833333333334 0.00234375 0.004166666666666667
5 0.962109375 0.9916666666666667 0.07421875 0.013888888888888888
0 0.24296875 0.8701388888888889 0.3796875 0.2569444444444444
0 0.717578125 0.8520833333333333 0.13671875 0.29305555555555557
0 0.647265625 0.7868055555555555 0.07109375 0.19583333333333333
1 0.11328125 0.7763888888888889 0.09375 0.1111111111111111
1 0.08125 0.7819444444444444 0.0984375 0.11944444444444445
1 0.05859375 0.7673611111111112 0.059375 0.09305555555555556
1 0.043359375 0.7770833333333333 0.02890625 0.10972222222222222
2 0.98203125 0.8805555555555555 0.034375 0.05555555555555555
2 0.981640625 0.8270833333333333 0.03515625 0.05416666666666667
2 0.980859375 0.7715277777777778 0.03671875 0.059722222222222225
