3 0.499609375 0.9125 0.99921875 0.17222222222222222
5 0.49453125 0.8381944444444445 0.0703125 0.018055555555555554
5 0.49453125 0.8381944444444445 0.0703125 0.018055555555555554
5 0.49453125 0.8381944444444445 0.0703125 0.018055555555555554
5 0.49453125 0.8236111111111111 0.0703125 0.019444444444444445
5 0.49453125 0.8236111111111111 0.0703125 0.019444444444444445
5 0.49453125 0.8236111111111111 0.0703125 0.019444444444444445
5 0.49453125 0.8520833333333333 0.0703125 0.018055555555555554
5 0.49453125 0.8520833333333333 0.0703125 0.018055555555555554
5 0.49453125 0.8520833333333333 0.0703125 0.018055555555555554
5 0.583984375 0.8590277777777777 0.07109375 0.018055555555555554
5 0.583984375 0.8590277777777777 0.07109375 0.018055555555555554
5 0.583984375 0.8590277777777777 0.07109375 0.018055555555555554
5 0.583984375 0.8451388888888889 0.07109375 0.018055555555555554
5 0.583984375 0.8451388888888889 0.07109375 0.018055555555555554
5 0.583984375 0.8451388888888889 0.07109375 0.018055555555555554
5 0.583984375 0.83125 0.07109375 0.018055555555555554
5 0.583984375 0.83125 0.07109375 0.018055555555555554
5 0.583984375 0.83125 0.07109375 0.018055555555555554
5 0.583984375 0.8145833333333333 0.07109375 0.020833333333333332
5 0.583984375 0.8145833333333333 0.07109375 0.020833333333333332
5 0.583984375 0.8145833333333333 0.07109375 0.020833333333333332
6 0.39921875 0.925 0.1 0.14722222222222223
6 0.47890625 0.8881944444444444 0.0796875 0.13194444444444445
6 0.4015625 0.8069444444444445 0.103125 0.14166666666666666
6 0.442578125 0.9055555555555556 0.08984375 0.14166666666666666
6 0.061328125 0.975 0.12265625 0.044444444444444446
7 0.101953125 0.9534722222222223 0.03984375 0.020833333333333332
8 0.153125 0.9888888888888889 0.0609375 0.019444444444444445
5 0.14921875 0.9854166666666667 0.053125 0.02361111111111111
8 0.159765625 0.9868055555555556 0.07421875 0.020833333333333332
5 0.16328125 0.9666666666666667 0.096875 0.03611111111111111
8 0.184375 0.9631944444444445 0.03125 0.034722222222222224
5 0.198046875 0.9486111111111111 0.05078125 0.013888888888888888
8 0.301953125 0.9861111111111112 0.04765625 0.025
5 0.287109375 0.9833333333333333 0.06171875 0.030555555555555555
8 0.333984375 0.9756944444444444 0.07578125 0.04583333333333333
5 0.3296875 0.9638888888888889 0.0703125 0.027777777777777776
8 0.28125 0.9972222222222222 0.00625 0.002777777777777778
5 0.22265625 0.9909722222222223 0.1078125 0.015277777777777777
0 0.18125 0.9375 0.3625 0.12222222222222222
0 0.745703125 0.8722222222222222 0.15078125 0.25277777777777777
0 0.662109375 0.8048611111111111 0.08203125 0.2125
1 0.096484375 0.7861111111111111 0.09921875 0.12222222222222222
1 0.0625 0.7916666666666666 0.103125 0.12777777777777777
1 0.0359375 0.7826388888888889 0.071875 0.11805555555555555
1 0.019140625 0.7888888888888889 0.03828125 0.12222222222222222
1 0.001953125 0.76875 0.00390625 0.09027777777777778
