3 0.426953125 0.8375 0.85390625 0.32222222222222224
5 0.69296875 0.9111111111111111 0.1171875 0.058333333333333334
5 0.69296875 0.9111111111111111 0.1171875 0.058333333333333334
5 0.69296875 0.9111111111111111 0.1171875 0.058333333333333334
5 0.69296875 0.8819444444444444 0.1171875 0.06944444444444445
5 0.69296875 0.8819444444444444 0.1171875 0.06944444444444445
5 0.69296875 0.8819444444444444 0.1171875 0.06944444444444445
5 0.692578125 0.93125 0.11796875 0.05694444444444444
5 0.692578125 0.93125 0.11796875 0.05694444444444444
5 0.692578125 0.93125 0.11796875 0.05694444444444444
5 0.833203125 0.9763888888888889 0.13046875 0.044444444444444446
5 0.833203125 0.9763888888888889 0.13046875 0.044444444444444446
5 0.833203125 0.9763888888888889 0.13046875 0.044444444444444446
5 0.833984375 0.9652777777777778 0.13046875 0.06666666666666667
5 0.833984375 0.9652777777777778 0.13046875 0.06666666666666667
5 0.833984375 0.9652777777777778 0.13046875 0.06666666666666667
5 0.833984375 0.9402777777777778 0.13046875 0.06666666666666667
5 0.833984375 0.9402777777777778 0.13046875 0.06666666666666667
5 0.833984375 0.9402777777777778 0.13046875 0.06666666666666667
5 0.833984375 0.9083333333333333 0.13046875 0.07777777777777778
5 0.833984375 0.9083333333333333 0.13046875 0.07777777777777778
5 0.833984375 0.9083333333333333 0.13046875 0.07777777777777778
0 0.919921875 0.9006944444444445 0.15859375 0.19583333333333333
1 0.19140625 0.7263888888888889 0.1140625 0.18333333333333332
1 0.13671875 0.7416666666666667 0.1171875 0.19166666666666668
1 0.125 0.6944444444444444 0.1046875 0.15
1 0.07109375 0.7159722222222222 0.1078125 0.1763888888888889
1 0.06796875 0.6736111111111112 0.096875 0.1388888888888889
1 0.0328125 0.6944444444444444 0.065625 0.1638888888888889
1 0.041015625 0.6291666666666667 0.08203125 0.12777777777777777
