5 0.426953125 0.78125 0.06484375 0.02638888888888889
4 0.420703125 0.6784722222222223 0.00546875 0.0625
6 0.96953125 0.6416666666666667 0.059375 0.10833333333333334
0 0.180859375 0.5770833333333333 0.03984375 0.14305555555555555
7 0.8921875 0.5861111111111111 0.03125 0.011111111111111112
5 0.42578125 0.8027777777777778 0.0625 0.027777777777777776
5 0.26328125 0.8194444444444444 0.0625 0.03333333333333333
5 0.35078125 0.7652777777777777 0.0640625 0.030555555555555555
1 0.28046875 0.5125 0.028125 0.03888888888888889
2 0.98671875 0.5993055555555555 0.003125 0.001388888888888889
1 0.502734375 0.5048611111111111 0.04609375 0.05694444444444444
2 0.27421875 0.5395833333333333 0.015625 0.001388888888888889
6 0.301953125 0.4847222222222222 0.02265625 0.03888888888888889
2 0.27109375 0.5340277777777778 0.0140625 0.001388888888888889
6 0.833984375 0.5909722222222222 0.06171875 0.08472222222222223
5 0.35078125 0.7881944444444444 0.0640625 0.029166666666666667
7 0.813671875 0.5618055555555556 0.03359375 0.009722222222222222
2 0.286328125 0.5333333333333333 0.01484375 0.0
4 0.934375 0.7298611111111111 0.0296875 0.08472222222222223
6 0.657421875 0.5798611111111112 0.03984375 0.05416666666666667
1 0.63203125 0.5013888888888889 0.0296875 0.05555555555555555
6 0.538671875 0.5090277777777777 0.02421875 0.034722222222222224
5 0.40859375 0.9875 0.103125 0.022222222222222223
4 0.62109375 0.5756944444444444 0.0125 0.04583333333333333
0 0.204296875 0.5034722222222222 0.02421875 0.0875
5 0.26328125 0.7965277777777777 0.0625 0.03194444444444444
4 0.836328125 0.6826388888888889 0.02421875 0.07361111111111111
8 0.334375 0.6659722222222222 0.0515625 0.0375
5 0.35078125 0.7541666666666667 0.0640625 0.027777777777777776
2 0.99921875 0.5611111111111111 0.0 0.0
8 0.42578125 0.7479166666666667 0.034375 0.05138888888888889
5 0.3140625 0.5375 0.0 0.002777777777777778
6 0.356640625 0.8659722222222223 0.11640625 0.15416666666666667
6 0.602734375 0.5131944444444444 0.03359375 0.05138888888888889
0 0.178515625 0.5194444444444445 0.02890625 0.08888888888888889
5 0.537890625 0.9798611111111111 0.10859375 0.0375
2 0.25859375 0.5881944444444445 0.015625 0.02361111111111111
7 0.305859375 0.7319444444444444 0.05546875 0.022222222222222223
6 0.251953125 0.4840277777777778 0.02890625 0.034722222222222224
1 0.9828125 0.5944444444444444 0.0328125 0.09444444444444444
4 0.890625 0.7083333333333334 0.009375 0.07222222222222222
6 0.896484375 0.5861111111111111 0.06171875 0.08055555555555556
2 0.305859375 0.5527777777777778 0.01640625 0.030555555555555555
4 0.803125 0.6659722222222222 0.0078125 0.0625
1 0.734765625 0.6097222222222223 0.05078125 0.11944444444444445
5 0.2625 0.6583333333333333 0.0625 0.025
5 0.340234375 0.6631944444444444 0.04765625 0.015277777777777777
0 0.05 0.56875 0.04375 0.13194444444444445
6 0.303125 0.5125 0.021875 0.03333333333333333
4 0.583203125 0.5611111111111111 0.00546875 0.03888888888888889
4 0.769921875 0.6458333333333334 0.01328125 0.06388888888888888
4 0.467578125 0.74375 0.01015625 0.07916666666666666
5 0.262109375 0.6472222222222223 0.06328125 0.025
5 0.426953125 0.7361111111111112 0.06484375 0.027777777777777776
8 0.338671875 0.6763888888888889 0.05078125 0.03888888888888889
0 0.798046875 0.5833333333333334 0.10546875 0.1388888888888889
6 0.30703125 0.63125 0.0375 0.07916666666666666
6 0.658203125 0.5319444444444444 0.03984375 0.058333333333333334
2 0.30234375 0.5347222222222222 0.015625 0.005555555555555556
5 0.426953125 0.7708333333333334 0.06484375 0.027777777777777776
8 0.384765625 0.6993055555555555 0.04609375 0.04583333333333333
7 0.653125 0.8416666666666667 0.0578125 0.04722222222222222
5 0.35078125 0.7430555555555556 0.0640625 0.027777777777777776
5 0.26328125 0.8083333333333333 0.0625 0.030555555555555555
7 0.731640625 0.5368055555555555 0.02578125 0.006944444444444444
5 0.26328125 0.7736111111111111 0.0625 0.030555555555555555
6 0.72109375 0.5583333333333333 0.00625 0.005555555555555556
1 0.562109375 0.5152777777777777 0.03671875 0.06666666666666667
6 0.63984375 0.5555555555555556 0.0140625 0.05
2 0.26640625 0.5763888888888888 0.0 0.0
0 0.09609375 0.50625 0.028125 0.0875
1 0.280859375 0.5756944444444444 0.06640625 0.09583333333333334
5 0.2625 0.6930555555555555 0.0625 0.027777777777777776
0 0.066015625 0.525 0.03359375 0.09722222222222222
5 0.262890625 0.7388888888888889 0.06328125 0.027777777777777776
6 0.4109375 0.9194444444444444 0.115625 0.15833333333333333
7 0.301171875 0.7590277777777777 0.03359375 0.029166666666666667
5 0.2625 0.7166666666666667 0.0625 0.027777777777777776
4 0.378125 0.625 0.0015625 0.05277777777777778
6 0.2703125 0.5326388888888889 0.0234375 0.001388888888888889
1 0.69609375 0.6104166666666667 0.0484375 0.11805555555555555
1 0.2796875 0.56875 0.0671875 0.09305555555555556
4 0.3796875 0.6138888888888889 0.0171875 0.05
5 0.3 0.53125 0.015625 0.001388888888888889
6 0.46796875 0.9673611111111111 0.15 0.0625
2 0.258984375 0.5548611111111111 0.01484375 0.03194444444444444
2 0.290625 0.5534722222222223 0.015625 0.02638888888888889
7 0.746484375 0.5416666666666666 0.03046875 0.008333333333333333
6 0.718359375 0.5326388888888889 0.01640625 0.05138888888888889
5 0.426953125 0.7590277777777777 0.06484375 0.029166666666666667
2 0.290625 0.5902777777777778 0.046875 0.03333333333333333
6 0.03671875 0.4909722222222222 0.03125 0.04027777777777778
7 0.639453125 0.9451388888888889 0.08359375 0.04861111111111111
0 0.01171875 0.7513888888888889 0.0234375 0.2611111111111111
2 0.2578125 0.5361111111111111 0.0125 0.005555555555555556
8 0.39453125 0.8256944444444444 0.065625 0.0625
2 0.984765625 0.575 0.02890625 0.03333333333333333
4 0.512109375 0.8055555555555556 0.02578125 0.03888888888888889
5 0.2625 0.6819444444444445 0.0625 0.027777777777777776
4 0.57109375 0.8645833333333334 0.05 0.11527777777777778
6 0.003125 0.5597222222222222 0.00625 0.05277777777777778
4 0.646484375 0.5951388888888889 0.00078125 0.043055555555555555
3 0.499609375 0.7590277777777777 0.99921875 0.4791666666666667
2 0.98984375 0.6201388888888889 0.01875 0.03194444444444444
5 0.4265625 0.7243055555555555 0.065625 0.029166666666666667
6 0.0 0.4895833333333333 0.0 0.034722222222222224
6 0.289453125 0.6 0.03203125 0.06666666666666667
1 0.53828125 0.5159722222222223 0.028125 0.06805555555555555
6 0.000390625 0.5215277777777778 0.00078125 0.034722222222222224
0 0.956640625 0.6486111111111111 0.08515625 0.18333333333333332
5 0.26328125 0.7618055555555555 0.0625 0.029166666666666667
4 0.525 0.8590277777777777 0.0015625 0.004166666666666667
8 0.455078125 0.8236111111111111 0.06015625 0.07222222222222222
6 0.25234375 0.5173611111111112 0.0265625 0.04027777777777778
2 0.271875 0.5368055555555555 0.015625 0.004166666666666667
6 0.26875 0.5291666666666667 0.025 0.005555555555555556
2 0.993359375 0.5590277777777778 0.01171875 0.001388888888888889
2 0.275 0.5548611111111111 0.015625 0.029166666666666667
7 0.865234375 0.5770833333333333 0.03671875 0.009722222222222222
4 0.4609375 0.71875 0.0296875 0.07916666666666666
0 0.496484375 0.5194444444444445 0.02578125 0.09166666666666666
2 0.2875 0.5361111111111111 0.015625 0.002777777777777778
1 0.27578125 0.5104166666666666 0.0296875 0.043055555555555555
7 0.77421875 0.5486111111111112 0.025 0.008333333333333333
6 0.969140625 0.7277777777777777 0.06015625 0.1111111111111111
5 0.384375 0.6854166666666667 0.040625 0.020833333333333332
2 0.289453125 0.5381944444444444 0.01484375 0.001388888888888889
5 0.426953125 0.7479166666666667 0.06484375 0.02638888888888889
7 0.83828125 0.5680555555555555 0.0328125 0.011111111111111112
5 0.39375 0.8125 0.0578125 0.03888888888888889
6 0.63984375 0.5118055555555555 0.0140625 0.05138888888888889
4 0.34140625 0.5916666666666667 0.0015625 0.002777777777777778
0 0.451953125 0.4986111111111111 0.02890625 0.08333333333333333
5 0.35078125 0.73125 0.0640625 0.029166666666666667
1 0.24765625 0.5256944444444445 0.028125 0.07361111111111111
6 0.5375 0.4777777777777778 0.0265625 0.03333333333333333
6 0.293359375 0.6076388888888888 0.03359375 0.06527777777777778
6 0.896484375 0.6479166666666667 0.06328125 0.0625
1 0.550390625 0.5215277777777778 0.03828125 0.07083333333333333
7 0.73515625 0.6965277777777777 0.05 0.02638888888888889
6 0.03671875 0.5236111111111111 0.03125 0.041666666666666664
5 0.456640625 0.8048611111111111 0.05703125 0.0375
4 0.35625 0.5923611111111111 0.00625 0.05138888888888889
6 0.301953125 0.6159722222222223 0.03515625 0.06527777777777778
6 0.602734375 0.5569444444444445 0.03359375 0.05277777777777778
8 0.53671875 0.9805555555555555 0.1203125 0.03611111111111111
2 0.979296875 0.6104166666666667 0.01796875 0.020833333333333332
5 0.2625 0.6701388888888888 0.0625 0.02638888888888889
1 0.54765625 0.5041666666666667 0.046875 0.058333333333333334
1 0.598828125 0.5013888888888889 0.03984375 0.05555555555555555
7 0.553515625 0.7381944444444445 0.04609375 0.03194444444444444
8 0.337890625 0.6993055555555555 0.04453125 0.04027777777777778
5 0.35078125 0.7770833333333333 0.0640625 0.029166666666666667
8 0.403125 0.9881944444444445 0.10625 0.020833333333333332
5 0.337109375 0.6895833333333333 0.03984375 0.020833333333333332
0 0.735546875 0.5638888888888889 0.05234375 0.125
2 0.259375 0.59375 0.015625 0.029166666666666667
6 0.83359375 0.6597222222222222 0.0609375 0.08611111111111111
5 0.34921875 0.8118055555555556 0.0609375 0.029166666666666667
5 0.423828125 0.7923611111111111 0.05859375 0.02638888888888889
0 0.43515625 0.5375 0.034375 0.1111111111111111
5 0.253515625 0.5326388888888889 0.00390625 0.001388888888888889
4 0.6796875 0.6243055555555556 0.003125 0.015277777777777777
0 0.49921875 0.5875 0.053125 0.15
1 0.578515625 0.51875 0.03828125 0.06527777777777778
0 0.921484375 0.6326388888888889 0.09609375 0.1736111111111111
5 0.2625 0.7055555555555556 0.0625 0.027777777777777776
5 0.26328125 0.7847222222222222 0.0625 0.030555555555555555
6 0.49375 0.4798611111111111 0.0296875 0.034722222222222224
5 0.262890625 0.75 0.06328125 0.027777777777777776
1 0.253125 0.5326388888888889 0.03125 0.0763888888888889
5 0.262890625 0.7277777777777777 0.06328125 0.027777777777777776
5 0.334765625 0.6520833333333333 0.04609375 0.0125
6 0.492578125 0.5041666666666667 0.02734375 0.025
5 0.346875 0.8 0.05625 0.027777777777777776
