7 0.217578125 0.7993055555555556 0.00546875 0.0125
1 0.34609375 0.7652777777777777 0.0625 0.08333333333333333
8 0.2234375 0.9680555555555556 0.0609375 0.06111111111111111
1 0.028125 0.7993055555555556 0.05625 0.11805555555555555
0 0.800390625 0.8444444444444444 0.16953125 0.25277777777777777
1 0.380859375 0.7708333333333334 0.06640625 0.08888888888888889
8 0.1234375 0.9722222222222222 0.0671875 0.05277777777777778
5 0.048046875 0.9451388888888889 0.05078125 0.02638888888888889
5 0.70546875 0.8513888888888889 0.0328125 0.022222222222222223
5 0.109375 0.9381944444444444 0.0671875 0.029166666666666667
5 0.12734375 0.9611111111111111 0.0671875 0.03333333333333333
7 0.262109375 0.7972222222222223 0.02890625 0.011111111111111112
5 0.77421875 0.8402777777777778 0.0 0.0
1 0.317578125 0.7736111111111111 0.04921875 0.1
1 0.32890625 0.7576388888888889 0.0671875 0.08472222222222223
5 0.05234375 0.9736111111111111 0.065625 0.03888888888888889
5 0.2203125 0.9541666666666667 0.0546875 0.03333333333333333
1 0.42109375 0.7861111111111111 0.071875 0.11388888888888889
7 0.1609375 0.9284722222222223 0.0265625 0.020833333333333332
5 0.702734375 0.8819444444444444 0.02734375 0.019444444444444445
7 0.1 0.8083333333333333 0.028125 0.008333333333333333
6 0.333203125 0.8152777777777778 0.11015625 0.1388888888888889
1 0.383203125 0.7868055555555555 0.07265625 0.1125
5 0.1796875 0.9291666666666667 0.059375 0.027777777777777776
7 0.15078125 0.8027777777777778 0.028125 0.013888888888888888
3 0.505078125 0.89375 0.98828125 0.20972222222222223
6 0.496875 0.9125 0.103125 0.1388888888888889
6 0.332421875 0.9326388888888889 0.11171875 0.13194444444444445
1 0.022265625 0.7972222222222223 0.04453125 0.11944444444444445
0 0.115234375 0.88125 0.23046875 0.23472222222222222
8 0.05703125 0.9770833333333333 0.08125 0.043055555555555555
8 0.1109375 0.9611111111111111 0.075 0.07222222222222222
8 0.044921875 0.9743055555555555 0.06796875 0.04861111111111111
8 0.1796875 0.9513888888888888 0.065625 0.06666666666666667
1 0.344921875 0.78125 0.06640625 0.10694444444444444
5 0.703515625 0.8680555555555556 0.02890625 0.019444444444444445
6 0.419140625 0.9236111111111112 0.10703125 0.14444444444444443
