3 0.499609375 0.8722222222222222 0.99921875 0.25277777777777777
4 0.17578125 0.90625 0.0 0.001388888888888889
8 0.922265625 0.9944444444444445 0.01015625 0.008333333333333333
5 0.461328125 0.7486111111111111 0.04609375 0.013888888888888888
5 0.461328125 0.7486111111111111 0.04609375 0.013888888888888888
5 0.461328125 0.7486111111111111 0.04609375 0.013888888888888888
5 0.461328125 0.7368055555555556 0.04609375 0.015277777777777777
5 0.461328125 0.7368055555555556 0.04609375 0.015277777777777777
5 0.461328125 0.7368055555555556 0.04609375 0.015277777777777777
5 0.47265625 0.7597222222222222 0.0234375 0.013888888888888888
5 0.47265625 0.7597222222222222 0.0234375 0.013888888888888888
5 0.47265625 0.7597222222222222 0.0234375 0.013888888888888888
5 0.53125 0.7625 0.053125 0.013888888888888888
5 0.53125 0.7625 0.053125 0.013888888888888888
5 0.53125 0.7625 0.053125 0.013888888888888888
5 0.53125 0.7527777777777778 0.053125 0.013888888888888888
5 0.53125 0.7527777777777778 0.053125 0.013888888888888888
5 0.53125 0.7527777777777778 0.053125 0.013888888888888888
5 0.530859375 0.7416666666666667 0.05390625 0.013888888888888888
5 0.530859375 0.7416666666666667 0.05390625 0.013888888888888888
5 0.530859375 0.7416666666666667 0.05390625 0.013888888888888888
5 0.530859375 0.7284722222222222 0.05390625 0.015277777777777777
5 0.530859375 0.7284722222222222 0.05390625 0.015277777777777777
5 0.530859375 0.7284722222222222 0.05390625 0.015277777777777777
6 0.44296875 0.8111111111111111 0.0625 0.10555555555555556
6 0.481640625 0.7847222222222222 0.05390625 0.09444444444444444
6 0.44453125 0.7270833333333333 0.0671875 0.10138888888888889
6 0.464453125 0.7972222222222223 0.05859375 0.1
6 0.271484375 0.8923611111111112 0.10859375 0.14583333333333334
6 0.237890625 0.9222222222222223 0.09140625 0.1527777777777778
7 0.208984375 0.8416666666666667 0.02890625 0.019444444444444445
7 0.02265625 0.9326388888888889 0.0203125 0.0125
5 0.00703125 0.9784722222222222 0.0140625 0.0125
8 0.214453125 0.9 0.00546875 0.03611111111111111
5 0.2140625 0.8680555555555556 0.00625 0.013888888888888888
8 0.331640625 0.8451388888888889 0.01328125 0.015277777777777777
5 0.329296875 0.8416666666666667 0.00859375 0.013888888888888888
8 0.324609375 0.8340277777777778 0.07578125 0.018055555555555554
5 0.3234375 0.8298611111111112 0.06875 0.020833333333333332
8 0.37265625 0.8701388888888889 0.08125 0.05416666666666667
5 0.371875 0.8479166666666667 0.0734375 0.020833333333333332
8 0.39609375 0.85625 0.0765625 0.05138888888888889
5 0.394921875 0.8354166666666667 0.06953125 0.020833333333333332
8 0.3609375 0.8847222222222222 0.0703125 0.058333333333333334
5 0.358203125 0.8625 0.06640625 0.025
8 0.3484375 0.9027777777777778 0.0453125 0.06111111111111111
5 0.344921875 0.8791666666666667 0.03984375 0.025
8 0.966015625 0.8444444444444444 0.01171875 0.05
5 0.980859375 0.825 0.03671875 0.013888888888888888
8 0.977734375 0.8319444444444445 0.04296875 0.04722222222222222
5 0.97890625 0.8125 0.040625 0.011111111111111112
8 0.98359375 0.85 0.03125 0.03888888888888889
5 0.98515625 0.8354166666666667 0.028125 0.0125
8 0.986328125 0.8583333333333333 0.02578125 0.030555555555555555
5 0.9875 0.8513888888888889 0.0234375 0.019444444444444445
8 0.9125 0.8145833333333333 0.0640625 0.020833333333333332
5 0.91171875 0.8090277777777778 0.0578125 0.0125
8 0.913671875 0.8402777777777778 0.06484375 0.05277777777777778
5 0.9140625 0.8194444444444444 0.0609375 0.013888888888888888
8 0.92109375 0.8520833333333333 0.0703125 0.05416666666666667
5 0.91953125 0.83125 0.0640625 0.015277777777777777
8 0.923828125 0.8631944444444445 0.07421875 0.05138888888888889
5 0.92265625 0.8472222222222222 0.0671875 0.022222222222222223
8 0.99609375 0.94375 0.00625 0.05416666666666667
5 0.99765625 0.9222222222222223 0.003125 0.016666666666666666
8 0.957421875 0.9548611111111112 0.07109375 0.0875
5 0.95625 0.9298611111111111 0.0609375 0.04027777777777778
8 0.873828125 0.9472222222222222 0.06484375 0.08611111111111111
5 0.873046875 0.9222222222222223 0.05703125 0.03888888888888889
8 0.984375 0.9020833333333333 0.01875 0.0625
5 0.988671875 0.8777777777777778 0.02109375 0.019444444444444445
8 0.993359375 0.9048611111111111 0.01171875 0.03194444444444444
5 0.9953125 0.8958333333333334 0.0078125 0.019444444444444445
8 0.9515625 0.9229166666666667 0.0640625 0.0763888888888889
5 0.95078125 0.8986111111111111 0.05625 0.03333333333333333
8 0.875 0.9138888888888889 0.059375 0.07222222222222222
5 0.87421875 0.8923611111111112 0.0515625 0.03194444444444444
0 0.58359375 0.88125 0.14375 0.23472222222222222
0 0.715625 0.8423611111111111 0.084375 0.30694444444444446
0 0.603125 0.7208333333333333 0.05625 0.15833333333333333
1 0.11640625 0.7125 0.084375 0.10277777777777777
1 0.092578125 0.7180555555555556 0.08828125 0.10555555555555556
1 0.046875 0.7104166666666667 0.084375 0.10138888888888889
1 0.034765625 0.7159722222222222 0.06015625 0.10138888888888889
1 0.019140625 0.7 0.00859375 0.08055555555555556
2 0.85 0.7798611111111111 0.0 0.020833333333333332
2 0.90390625 0.7756944444444445 0.003125 0.04583333333333333
2 0.87421875 0.7875 0.0484375 0.05277777777777778
2 0.9328125 0.7909722222222222 0.053125 0.05416666666666667
2 0.87421875 0.7506944444444444 0.0484375 0.04583333333333333
2 0.93203125 0.7506944444444444 0.053125 0.05138888888888889
2 0.87421875 0.7076388888888889 0.0484375 0.04861111111111111
2 0.93203125 0.7104166666666667 0.053125 0.04861111111111111
5 0.015234375 0.9902777777777778 0.03046875 0.016666666666666666
5 0.119921875 0.9986111111111111 0.00078125 0.0
5 0.09296875 0.8986111111111111 0.15625 0.05
5 0.09296875 0.9215277777777777 0.15625 0.05138888888888889
5 0.09296875 0.9673611111111111 0.15625 0.05694444444444444
5 0.09296875 0.9451388888888889 0.15625 0.05416666666666667
5 0.104296875 0.9895833333333334 0.13203125 0.018055555555555554
5 0.092578125 0.9784722222222222 0.15546875 0.04027777777777778
5 0.093359375 0.8784722222222222 0.15546875 0.04861111111111111
5 0.093359375 0.8534722222222222 0.15546875 0.05138888888888889
