4 0.4484375 0.7111111111111111 0.009375 0.075
6 0.566796875 0.7013888888888888 0.07421875 0.08888888888888889
8 0.495703125 0.7347222222222223 0.00078125 0.008333333333333333
0 0.303515625 0.5027777777777778 0.18515625 0.6277777777777778
8 0.762109375 0.7375 0.13515625 0.07777777777777778
1 0.008203125 0.6902777777777778 0.01640625 0.08888888888888889
4 0.421875 0.7097222222222223 0.0296875 0.075
5 0.6921875 0.5736111111111111 0.0734375 0.016666666666666666
4 0.80390625 0.6930555555555555 0.0359375 0.23055555555555557
8 0.45 0.7256944444444444 0.0484375 0.03194444444444444
1 0.971875 0.6715277777777777 0.0546875 0.04027777777777778
4 0.91328125 0.6861111111111111 0.159375 0.3
2 0.94453125 0.6666666666666666 0.00625 0.025
5 0.418359375 0.7229166666666667 0.03515625 0.006944444444444444
2 0.72265625 0.7256944444444444 0.0015625 0.004166666666666667
8 0.4796875 0.7305555555555555 0.0 0.0
6 0.491796875 0.7055555555555556 0.00859375 0.06666666666666667
5 0.6296875 0.7041666666666667 0.0875 0.013888888888888888
6 0.51484375 0.6847222222222222 0.034375 0.041666666666666664
8 0.553515625 0.7319444444444444 0.04453125 0.03333333333333333
1 0.060546875 0.6916666666666667 0.07421875 0.08888888888888889
1 0.944921875 0.6743055555555556 0.00546875 0.029166666666666667
8 0.494140625 0.7284722222222222 0.04609375 0.043055555555555555
5 0.030859375 0.7138888888888889 0.05703125 0.008333333333333333
3 0.499609375 0.8666666666666667 0.99921875 0.2638888888888889
5 0.41171875 0.7131944444444445 0.021875 0.006944444444444444
2 0.945703125 0.6951388888888889 0.00234375 0.004166666666666667
4 0.570703125 0.7027777777777777 0.03671875 0.1361111111111111
6 0.484375 0.7069444444444445 0.0234375 0.06111111111111111
7 0.404296875 0.7375 0.01953125 0.013888888888888888
5 0.530859375 0.7347222222222223 0.06796875 0.011111111111111112
5 0.603125 0.7354166666666667 0.059375 0.009722222222222222
5 0.707421875 0.7041666666666667 0.06796875 0.013888888888888888
5 0.677734375 0.7 0.04296875 0.011111111111111112
5 0.55625 0.70625 0.053125 0.001388888888888889
5 0.603125 0.6645833333333333 0.059375 0.0125
2 0.984765625 0.6666666666666666 0.02890625 0.027777777777777776
8 0.54296875 0.7291666666666666 0.0609375 0.05555555555555555
8 0.466796875 0.7263888888888889 0.05234375 0.03333333333333333
5 0.692578125 0.63125 0.07421875 0.0125
5 0.532421875 0.6986111111111111 0.07109375 0.011111111111111112
8 0.8140625 0.7388888888888889 0.1578125 0.08611111111111111
4 0.49375 0.70625 0.046875 0.10694444444444444
2 0.680078125 0.7256944444444444 0.01640625 0.004166666666666667
2 0.692578125 0.6673611111111111 0.01171875 0.02361111111111111
7 0.73046875 0.7486111111111111 0.1046875 0.025
6 0.484765625 0.70625 0.02265625 0.0625
1 0.82734375 0.6715277777777777 0.003125 0.0375
8 0.49140625 0.7284722222222222 0.00625 0.018055555555555554
6 0.998828125 0.5534722222222223 0.00078125 0.018055555555555554
0 0.91640625 0.6465277777777778 0.1171875 0.20694444444444443
5 0.693359375 0.6763888888888889 0.07421875 0.011111111111111112
4 0.4515625 0.7083333333333334 0.0375 0.08611111111111111
5 0.02890625 0.7319444444444444 0.0578125 0.008333333333333333
5 0.029296875 0.7236111111111111 0.05703125 0.008333333333333333
2 0.82890625 0.6854166666666667 0.0 0.001388888888888889
2 0.66015625 0.725 0.0078125 0.005555555555555556
5 0.532421875 0.6631944444444444 0.07109375 0.0125
0 0.514453125 0.6701388888888888 0.03984375 0.09861111111111111
2 0.69296875 0.6930555555555555 0.0109375 0.025
5 0.451171875 0.7111111111111111 0.04609375 0.005555555555555556
5 0.457421875 0.7111111111111111 0.04453125 0.005555555555555556
5 0.030078125 0.7409722222222223 0.05703125 0.009722222222222222
8 0.4421875 0.7256944444444444 0.040625 0.029166666666666667
5 0.693359375 0.6645833333333333 0.07421875 0.0125
7 0.0 0.7409722222222223 0.0 0.004166666666666667
4 0.540625 0.7048611111111112 0.015625 0.11805555555555555
5 0.744140625 0.7013888888888888 0.08828125 0.016666666666666666
1 0.9703125 0.6701388888888888 0.0578125 0.05694444444444444
5 0.532421875 0.6868055555555556 0.07109375 0.0125
5 0.42109375 0.7305555555555555 0.040625 0.005555555555555556
5 0.603125 0.6868055555555556 0.059375 0.0125
5 0.603125 0.6763888888888889 0.059375 0.011111111111111112
5 0.692578125 0.5965277777777778 0.07421875 0.015277777777777777
5 0.42109375 0.7041666666666667 0.040625 0.008333333333333333
5 0.532421875 0.7243055555555555 0.07109375 0.009722222222222222
2 0.976953125 0.6958333333333333 0.01015625 0.005555555555555556
5 0.425390625 0.7111111111111111 0.00390625 0.005555555555555556
5 0.693359375 0.6423611111111112 0.07421875 0.0125
0 0.761328125 0.6583333333333333 0.06796875 0.14166666666666666
5 0.532421875 0.675 0.07109375 0.011111111111111112
4 0.409375 0.7041666666666667 0.0 0.05
5 0.692578125 0.6083333333333333 0.07421875 0.013888888888888888
8 0.708984375 0.7340277777777777 0.10078125 0.06527777777777778
5 0.692578125 0.6201388888888889 0.07421875 0.015277777777777777
6 0.503125 0.6451388888888889 0.03125 0.06527777777777778
5 0.532421875 0.7111111111111111 0.07109375 0.011111111111111112
8 0.6296875 0.7347222222222223 0.0953125 0.06666666666666667
5 0.692578125 0.5854166666666667 0.07421875 0.015277777777777777
5 0.6765625 0.7090277777777778 0.0359375 0.004166666666666667
5 0.585546875 0.7118055555555556 0.02421875 0.009722222222222222
5 0.693359375 0.6875 0.07421875 0.011111111111111112
5 0.4515625 0.7111111111111111 0.021875 0.005555555555555556
6 0.945703125 0.6736111111111112 0.10703125 0.25277777777777777
5 0.48984375 0.7090277777777778 0.0296875 0.009722222222222222
1 0.019140625 0.6826388888888889 0.00703125 0.07083333333333333
5 0.8125 0.7006944444444444 0.1421875 0.018055555555555554
5 0.602734375 0.7472222222222222 0.05859375 0.011111111111111112
5 0.603125 0.7236111111111111 0.059375 0.008333333333333333
5 0.69375 0.7236111111111111 0.075 0.008333333333333333
8 0.457421875 0.7256944444444444 0.04453125 0.03194444444444444
1 0.0546875 0.6902777777777778 0.0765625 0.09166666666666666
5 0.693359375 0.6541666666666667 0.07421875 0.011111111111111112
2 0.72265625 0.6881944444444444 0.0015625 0.004166666666666667
5 0.523828125 0.7479166666666667 0.05390625 0.0125
7 0.66875 0.7444444444444445 0.0421875 0.019444444444444445
2 0.734375 0.6673611111111111 0.0265625 0.02638888888888889
5 0.603125 0.6993055555555555 0.059375 0.0125
2 0.976953125 0.7229166666666667 0.04453125 0.04861111111111111
4 0.485546875 0.7097222222222223 0.01171875 0.09166666666666666
