8 0.913671875 0.89375 0.06484375 0.07083333333333333
2 0.753515625 0.7201388888888889 0.00546875 0.004166666666666667
2 0.4125 0.8444444444444444 0.071875 0.075
2 0.759375 0.7145833333333333 0.0171875 0.006944444444444444
3 0.5078125 0.8659722222222223 0.9828125 0.2652777777777778
2 0.925 0.7631944444444444 0.0296875 0.05138888888888889
5 0.0078125 0.9513888888888888 0.015625 0.03333333333333333
2 0.794921875 0.7097222222222223 0.02421875 0.03888888888888889
2 0.533203125 0.7451388888888889 0.09609375 0.06527777777777778
2 0.93984375 0.725 0.025 0.005555555555555556
2 0.80703125 0.6798611111111111 0.021875 0.015277777777777777
2 0.431640625 0.8027777777777778 0.03359375 0.019444444444444445
2 0.566015625 0.8465277777777778 0.03046875 0.0625
6 0.706640625 0.9354166666666667 0.16796875 0.12638888888888888
8 0.893359375 0.9208333333333333 0.07109375 0.07777777777777778
2 0.765234375 0.7451388888888889 0.02890625 0.05138888888888889
8 0.6875 0.8902777777777777 0.0234375 0.041666666666666664
2 0.9625 0.7333333333333333 0.028125 0.008333333333333333
5 0.0078125 0.9784722222222222 0.015625 0.029166666666666667
2 0.566015625 0.7979166666666667 0.03046875 0.059722222222222225
2 0.7609375 0.6958333333333333 0.0203125 0.022222222222222223
2 0.826171875 0.6916666666666667 0.02265625 0.03611111111111111
5 0.9140625 0.875 0.0578125 0.03333333333333333
1 0.79375 0.7368055555555556 0.0859375 0.13194444444444445
2 0.900390625 0.7583333333333333 0.03359375 0.05555555555555555
2 0.6875 0.7375 0.0234375 0.05
2 0.6984375 0.7104166666666667 0.0015625 0.001388888888888889
2 0.762109375 0.7097222222222223 0.02265625 0.005555555555555556
2 0.73984375 0.8027777777777778 0.08125 0.05277777777777778
1 0.925 0.7020833333333333 0.009375 0.0375
1 0.746875 0.7666666666666667 0.1078125 0.14166666666666666
2 0.982421875 0.6833333333333333 0.01796875 0.002777777777777778
2 0.692578125 0.7708333333333334 0.01328125 0.002777777777777778
2 0.5 0.8652777777777778 0.1015625 0.06666666666666667
2 0.93828125 0.7097222222222223 0.028125 0.025
2 0.984765625 0.7152777777777778 0.02265625 0.022222222222222223
2 0.902734375 0.7958333333333333 0.02578125 0.005555555555555556
2 0.955078125 0.8277777777777777 0.08671875 0.06388888888888888
5 0.79765625 0.85625 0.0578125 0.029166666666666667
2 0.99375 0.69375 0.0109375 0.015277777777777777
8 0.79765625 0.8743055555555556 0.065625 0.06527777777777778
2 0.812890625 0.6715277777777777 0.01796875 0.001388888888888889
2 0.8984375 0.8208333333333333 0.0296875 0.05277777777777778
2 0.9125 0.7263888888888889 0.03125 0.013888888888888888
8 0.85078125 0.8826388888888889 0.065625 0.06805555555555555
2 0.817578125 0.7104166666666667 0.02890625 0.043055555555555555
8 0.778515625 0.8986111111111111 0.05546875 0.07222222222222222
2 0.987109375 0.7534722222222222 0.02421875 0.05416666666666667
6 0.42421875 0.9902777777777778 0.04375 0.016666666666666666
2 0.751953125 0.7076388888888889 0.00234375 0.001388888888888889
2 0.98671875 0.7034722222222223 0.0234375 0.004166666666666667
5 0.76015625 0.8472222222222222 0.01875 0.025
2 0.5 0.8131944444444444 0.1015625 0.0625
2 0.94921875 0.6888888888888889 0.00625 0.016666666666666666
2 0.843359375 0.7368055555555556 0.03515625 0.04027777777777778
2 0.810546875 0.7597222222222222 0.04453125 0.044444444444444446
2 0.98515625 0.7673611111111112 0.0234375 0.05694444444444444
2 0.78046875 0.6875 0.021875 0.002777777777777778
2 0.9296875 0.7361111111111112 0.028125 0.005555555555555556
8 0.762109375 0.8638888888888889 0.02265625 0.05
5 0.82734375 0.8881944444444444 0.0625 0.034722222222222224
2 0.966015625 0.7284722222222222 0.02734375 0.004166666666666667
2 0.946875 0.7381944444444445 0.009375 0.004166666666666667
2 0.95 0.7131944444444445 0.0046875 0.020833333333333332
5 0.68984375 0.8680555555555556 0.01875 0.025
5 0.0078125 0.9930555555555556 0.015625 0.011111111111111112
1 0.94609375 0.6826388888888889 0.0078125 0.029166666666666667
2 0.780078125 0.7340277777777777 0.03359375 0.04861111111111111
2 0.9953125 0.6840277777777778 0.0078125 0.001388888888888889
1 0.81953125 0.7166666666666667 0.0890625 0.11944444444444445
0 0.259765625 0.8680555555555556 0.19296875 0.2611111111111111
2 0.698828125 0.7423611111111111 0.00078125 0.04027777777777778
1 0.9390625 0.8 0.1203125 0.17222222222222222
2 0.996875 0.7152777777777778 0.0046875 0.025
2 0.847265625 0.6923611111111111 0.02578125 0.0375
2 0.831640625 0.6729166666666667 0.01953125 0.001388888888888889
2 0.9359375 0.7305555555555555 0.028125 0.008333333333333333
2 0.998046875 0.8173611111111111 0.00234375 0.04861111111111111
5 0.89375 0.8993055555555556 0.0625 0.0375
5 0.7765625 0.8791666666666667 0.0515625 0.03333333333333333
2 0.5 0.7576388888888889 0.1015625 0.07083333333333333
2 0.96328125 0.7020833333333333 0.0234375 0.001388888888888889
5 0.8515625 0.8638888888888889 0.0578125 0.030555555555555555
2 0.783984375 0.7888888888888889 0.02734375 0.05
2 0.791015625 0.6777777777777778 0.02578125 0.016666666666666666
1 0.728125 0.775 0.1125 0.15555555555555556
8 0.82734375 0.9083333333333333 0.0703125 0.075
1 0.945703125 0.7736111111111111 0.10703125 0.1388888888888889
2 0.77421875 0.6986111111111111 0.0234375 0.019444444444444445
2 0.800390625 0.6888888888888889 0.02265625 0.002777777777777778
2 0.944921875 0.7645833333333333 0.01484375 0.04861111111111111
2 0.98125 0.6930555555555555 0.015625 0.016666666666666666
2 0.687890625 0.7944444444444444 0.02265625 0.04722222222222222
