3 0.393359375 0.9715277777777778 0.78671875 0.05416666666666667
4 0.04375 0.9972222222222222 0.0015625 0.002777777777777778
4 0.0109375 0.99375 0.003125 0.009722222222222222
4 0.1390625 0.9652777777777778 0.0109375 0.044444444444444446
4 0.092578125 0.9597222222222223 0.00546875 0.041666666666666664
4 0.58359375 0.99375 0.0234375 0.009722222222222222
4 0.535546875 0.9916666666666667 0.00234375 0.013888888888888888
4 0.477734375 0.9888888888888889 0.01171875 0.019444444444444445
4 0.3828125 0.9833333333333333 0.0171875 0.030555555555555555
4 0.34921875 0.9819444444444444 0.0015625 0.03333333333333333
4 0.312890625 0.9791666666666666 0.00390625 0.03888888888888889
4 0.18203125 0.9722222222222222 0.015625 0.04722222222222222
8 0.986328125 0.9819444444444444 0.01953125 0.005555555555555556
6 0.991015625 0.9423611111111111 0.01640625 0.0125
6 0.359765625 0.9666666666666667 0.15390625 0.06388888888888888
7 0.354296875 0.9645833333333333 0.01171875 0.006944444444444444
7 0.383203125 0.9659722222222222 0.01015625 0.006944444444444444
7 0.72890625 0.9958333333333333 0.025 0.005555555555555556
7 0.678125 0.99375 0.0328125 0.009722222222222222
7 0.790234375 0.9986111111111111 0.00546875 0.0
6 0.01484375 0.9027777777777778 0.025 0.03611111111111111
6 0.019140625 0.9305555555555556 0.01640625 0.022222222222222223
6 0.177734375 0.9638888888888889 0.03359375 0.05555555555555555
6 0.23984375 0.9090277777777778 0.0171875 0.043055555555555555
6 0.179296875 0.9145833333333333 0.03359375 0.05416666666666667
6 0.15703125 0.9097222222222222 0.0375 0.04722222222222222
6 0.114453125 0.9104166666666667 0.03828125 0.04861111111111111
6 0.112890625 0.9555555555555556 0.03828125 0.05
6 0.155859375 0.9534722222222223 0.03515625 0.04861111111111111
6 0.411328125 0.9743055555555555 0.00859375 0.04861111111111111
6 0.373046875 0.9756944444444444 0.05390625 0.04583333333333333
6 0.373828125 0.9256944444444445 0.05390625 0.06805555555555555
6 0.413671875 0.9208333333333333 0.03046875 0.058333333333333334
6 0.5078125 0.9347222222222222 0.0625 0.07777777777777778
6 0.5640625 0.9319444444444445 0.0453125 0.075
6 0.507421875 0.98125 0.06328125 0.034722222222222224
6 0.5640625 0.9798611111111111 0.0453125 0.0375
6 0.628125 0.9604166666666667 0.04375 0.05416666666666667
6 0.6046875 0.9583333333333334 0.0296875 0.05277777777777778
0 0.8703125 0.9666666666666667 0.2578125 0.06388888888888888
0 0.0375 0.9395833333333333 0.0578125 0.11805555555555555
0 0.008984375 0.9284722222222223 0.01796875 0.10416666666666667
0 0.257421875 0.9347222222222222 0.05703125 0.11388888888888889
0 0.32578125 0.9388888888888889 0.0875 0.11944444444444445
0 0.44765625 0.9395833333333333 0.071875 0.11805555555555555
0 0.496484375 0.9395833333333333 0.04921875 0.11805555555555555
1 0.265625 0.9548611111111112 0.071875 0.0875
1 0.2390625 0.95625 0.059375 0.08472222222222223
1 0.85859375 0.9659722222222222 0.128125 0.06527777777777778
1 0.8921875 0.9659722222222222 0.125 0.06527777777777778
1 0.6484375 0.9604166666666667 0.090625 0.0763888888888889
1 0.616796875 0.9611111111111111 0.10078125 0.075
1 0.04609375 0.9208333333333333 0.03125 0.04722222222222222
1 0.02109375 0.9208333333333333 0.0390625 0.044444444444444446
1 0.077734375 0.9305555555555556 0.03671875 0.06388888888888888
1 0.041015625 0.9201388888888888 0.04140625 0.043055555555555555
1 0.08359375 0.9236111111111112 0.0484375 0.058333333333333334
1 0.126171875 0.9229166666666667 0.05078125 0.05694444444444444
1 0.00703125 0.8979166666666667 0.0 0.001388888888888889
1 0.025 0.9090277777777778 0.0453125 0.02638888888888889
1 0.565625 0.9534722222222223 0.0484375 0.09027777777777778
2 0.544921875 0.9756944444444444 0.00703125 0.020833333333333332
2 0.548046875 0.9333333333333333 0.01328125 0.027777777777777776
2 0.574609375 0.93125 0.01796875 0.02638888888888889
2 0.57109375 0.9708333333333333 0.03125 0.025
2 0.560546875 0.9333333333333333 0.01015625 0.027777777777777776
2 0.57109375 0.9326388888888889 0.009375 0.02638888888888889
2 0.555078125 0.9180555555555555 0.01953125 0.0
1 0.50078125 0.9291666666666667 0.03125 0.03611111111111111
2 0.48125 0.9298611111111111 0.01875 0.02638888888888889
2 0.516015625 0.9159722222222222 0.00234375 0.001388888888888889
2 0.511328125 0.95 0.00078125 0.0
2 0.496875 0.9166666666666666 0.00625 0.0
2 0.494921875 0.9152777777777777 0.01015625 0.0
1 0.51953125 0.9284722222222223 0.05625 0.04027777777777778
2 0.50546875 0.93125 0.0234375 0.02638888888888889
2 0.546484375 0.9166666666666666 0.00234375 0.0
2 0.54453125 0.9534722222222223 0.00625 0.001388888888888889
2 0.54140625 0.9180555555555555 0.0 0.0
2 0.5171875 0.9166666666666666 0.0 0.0
