3 0.499609375 0.85 0.99921875 0.2972222222222222
4 0.7625 0.9555555555555556 0.0046875 0.08611111111111111
5 0.104296875 0.8277777777777777 0.08515625 0.030555555555555555
5 0.104296875 0.8277777777777777 0.08515625 0.030555555555555555
5 0.104296875 0.8277777777777777 0.08515625 0.030555555555555555
5 0.1046875 0.8111111111111111 0.084375 0.03333333333333333
5 0.1046875 0.8111111111111111 0.084375 0.03333333333333333
5 0.1046875 0.8111111111111111 0.084375 0.03333333333333333
5 0.104296875 0.8430555555555556 0.08515625 0.030555555555555555
5 0.104296875 0.8430555555555556 0.08515625 0.030555555555555555
5 0.104296875 0.8430555555555556 0.08515625 0.030555555555555555
5 0.179296875 0.81875 0.06015625 0.020833333333333332
5 0.179296875 0.81875 0.06015625 0.020833333333333332
5 0.179296875 0.81875 0.06015625 0.020833333333333332
5 0.179296875 0.8055555555555556 0.06015625 0.022222222222222223
5 0.179296875 0.8055555555555556 0.06015625 0.022222222222222223
5 0.179296875 0.8055555555555556 0.06015625 0.022222222222222223
5 0.179296875 0.79375 0.06015625 0.018055555555555554
5 0.179296875 0.79375 0.06015625 0.018055555555555554
5 0.179296875 0.79375 0.06015625 0.018055555555555554
5 0.1796875 0.7763888888888889 0.0609375 0.022222222222222223
5 0.1796875 0.7763888888888889 0.0609375 0.022222222222222223
5 0.1796875 0.7763888888888889 0.0609375 0.022222222222222223
6 0.59921875 0.8513888888888889 0.0890625 0.10277777777777777
6 0.475390625 0.8291666666666667 0.08203125 0.11388888888888889
6 0.598828125 0.7604166666666666 0.08984375 0.11527777777777778
6 0.5296875 0.8402777777777778 0.075 0.11944444444444445
6 0.940625 0.9256944444444445 0.09375 0.14583333333333334
7 0.517578125 0.9743055555555555 0.08671875 0.04861111111111111
8 0.815234375 0.9625 0.08984375 0.07222222222222222
5 0.815625 0.9472222222222222 0.0796875 0.044444444444444446
8 0.744921875 0.9590277777777778 0.08828125 0.0763888888888889
5 0.7453125 0.9298611111111111 0.078125 0.04027777777777778
8 0.685546875 0.9465277777777777 0.08671875 0.07361111111111111
5 0.685546875 0.91875 0.07734375 0.0375
8 0.624609375 0.9305555555555556 0.08515625 0.06944444444444445
5 0.624609375 0.9041666666666667 0.07578125 0.03611111111111111
8 0.7296875 0.9166666666666666 0.08125 0.06111111111111111
5 0.7296875 0.89375 0.071875 0.034722222222222224
8 0.67109375 0.9006944444444445 0.0796875 0.05138888888888889
5 0.67109375 0.88125 0.0703125 0.03194444444444444
8 0.78671875 0.9291666666666667 0.08125 0.06388888888888888
5 0.787109375 0.9041666666666667 0.07265625 0.03611111111111111
8 0.853515625 0.9416666666666667 0.08203125 0.08333333333333333
5 0.854296875 0.91875 0.07421875 0.0375
8 0.737109375 0.7694444444444445 0.04921875 0.03611111111111111
5 0.7375 0.7541666666666667 0.04375 0.013888888888888888
8 0.70078125 0.7638888888888888 0.0484375 0.03611111111111111
5 0.700390625 0.75 0.04296875 0.013888888888888888
8 0.771875 0.7722222222222223 0.05 0.03333333333333333
5 0.772265625 0.7576388888888889 0.04453125 0.015277777777777777
8 0.809375 0.78125 0.0453125 0.034722222222222224
5 0.810546875 0.7631944444444444 0.04140625 0.015277777777777777
8 0.6734375 0.7736111111111111 0.0515625 0.03611111111111111
5 0.6734375 0.7576388888888889 0.0453125 0.015277777777777777
8 0.7109375 0.7784722222222222 0.0515625 0.0375
5 0.711328125 0.7631944444444444 0.04609375 0.015277777777777777
8 0.746875 0.7833333333333333 0.0515625 0.03888888888888889
5 0.746875 0.7673611111111112 0.046875 0.015277777777777777
8 0.7875 0.7895833333333333 0.053125 0.04027777777777778
5 0.787890625 0.7736111111111111 0.04609375 0.016666666666666666
5 0.997265625 0.7875 0.00390625 0.008333333333333333
5 0.997265625 0.7784722222222222 0.00390625 0.006944444444444444
5 0.997265625 0.7972222222222223 0.00390625 0.011111111111111112
8 0.997265625 0.8215277777777777 0.00390625 0.004166666666666667
5 0.97890625 0.8104166666666667 0.040625 0.018055555555555554
8 0.8734375 0.7909722222222222 0.021875 0.03194444444444444
5 0.87734375 0.7729166666666667 0.0234375 0.015277777777777777
8 0.955859375 0.7798611111111111 0.00234375 0.009722222222222222
5 0.95 0.7770833333333333 0.009375 0.006944444444444444
8 0.958203125 0.7986111111111112 0.00078125 0.002777777777777778
5 0.957421875 0.7923611111111111 0.00078125 0.006944444444444444
8 0.88125 0.8048611111111111 0.0015625 0.018055555555555554
5 0.8828125 0.7951388888888888 0.0 0.001388888888888889
0 0.940625 0.7743055555555556 0.1171875 0.2125
0 0.36953125 0.7402777777777778 0.115625 0.17777777777777778
1 0.7984375 0.6763888888888889 0.065625 0.07777777777777778
2 0.769140625 0.6902777777777778 0.00234375 0.0
2 0.777734375 0.65 0.01953125 0.008333333333333333
2 0.8203125 0.6625 0.021875 0.027777777777777776
2 0.7953125 0.6951388888888889 0.025 0.02638888888888889
2 0.78984375 0.6520833333333333 0.0171875 0.006944444444444444
2 0.796484375 0.6472222222222223 0.01640625 0.0
2 0.803125 0.6618055555555555 0.015625 0.02638888888888889
2 0.8109375 0.6479166666666667 0.0109375 0.001388888888888889
1 0.927734375 0.6888888888888889 0.07578125 0.09166666666666666
2 0.90625 0.7013888888888888 0.0 0.0
2 0.901171875 0.6576388888888889 0.01796875 0.009722222222222222
2 0.951171875 0.6708333333333333 0.02109375 0.030555555555555555
2 0.9515625 0.7069444444444445 0.021875 0.030555555555555555
2 0.908984375 0.6590277777777778 0.00234375 0.006944444444444444
2 0.94140625 0.6569444444444444 0.0015625 0.0
2 0.943359375 0.6555555555555556 0.00546875 0.0
1 0.766015625 0.6909722222222222 0.07421875 0.09583333333333334
2 0.743359375 0.6583333333333333 0.02421875 0.011111111111111112
2 0.7875 0.6715277777777777 0.025 0.029166666666666667
2 0.776171875 0.7069444444444445 0.04921875 0.03333333333333333
2 0.753515625 0.6604166666666667 0.01484375 0.009722222222222222
2 0.76171875 0.6548611111111111 0.0109375 0.001388888888888889
2 0.76953125 0.6708333333333333 0.01875 0.027777777777777776
2 0.7765625 0.65625 0.0171875 0.001388888888888889
1 0.9 0.7 0.08125 0.09722222222222222
2 0.87421875 0.6673611111111111 0.0234375 0.0125
2 0.90390625 0.7097222222222223 0.0046875 0.013888888888888888
2 0.887109375 0.6694444444444444 0.01796875 0.011111111111111112
2 0.89375 0.6631944444444444 0.0140625 0.001388888888888889
2 0.902734375 0.6798611111111111 0.01484375 0.029166666666666667
2 0.905859375 0.6638888888888889 0.00859375 0.0
1 0.72421875 0.7006944444444444 0.0796875 0.09861111111111111
2 0.70078125 0.6645833333333333 0.0265625 0.004166666666666667
2 0.746875 0.6819444444444445 0.0265625 0.03333333333333333
2 0.746875 0.7215277777777778 0.028125 0.034722222222222224
2 0.712890625 0.6666666666666666 0.02109375 0.002777777777777778
2 0.7203125 0.6645833333333333 0.01875 0.001388888888888889
2 0.727734375 0.6673611111111111 0.02109375 0.001388888888888889
2 0.734375 0.6652777777777777 0.01875 0.0
1 0.865625 0.7111111111111111 0.0875 0.09444444444444444
2 0.838671875 0.6736111111111112 0.02734375 0.002777777777777778
2 0.891796875 0.6930555555555555 0.02734375 0.03611111111111111
2 0.89453125 0.7354166666666667 0.021875 0.034722222222222224
2 0.85625 0.6763888888888889 0.015625 0.002777777777777778
2 0.859375 0.6736111111111112 0.0203125 0.002777777777777778
2 0.870703125 0.6777777777777778 0.02109375 0.002777777777777778
2 0.8765625 0.6743055555555556 0.0203125 0.001388888888888889
1 0.70546875 0.70625 0.0828125 0.10138888888888889
2 0.67734375 0.7243055555555555 0.01875 0.03194444444444444
2 0.685546875 0.7069444444444445 0.01953125 0.002777777777777778
2 0.68203125 0.6826388888888889 0.028125 0.03194444444444444
2 0.728515625 0.6861111111111111 0.02890625 0.03333333333333333
2 0.713671875 0.7263888888888889 0.06015625 0.03888888888888889
2 0.69375 0.6847222222222222 0.021875 0.030555555555555555
2 0.7015625 0.66875 0.01875 0.001388888888888889
2 0.709375 0.6861111111111111 0.021875 0.030555555555555555
2 0.716015625 0.66875 0.01953125 0.001388888888888889
1 0.850390625 0.7215277777777778 0.08984375 0.11527777777777778
2 0.819921875 0.7381944444444445 0.02265625 0.034722222222222224
2 0.82421875 0.7194444444444444 0.0140625 0.002777777777777778
2 0.819921875 0.69375 0.02265625 0.034722222222222224
2 0.87734375 0.6986111111111111 0.028125 0.03611111111111111
2 0.859765625 0.7416666666666667 0.06484375 0.041666666666666664
2 0.82890625 0.6958333333333333 0.0046875 0.03333333333333333
2 0.850390625 0.6784722222222223 0.00390625 0.001388888888888889
2 0.857421875 0.6979166666666666 0.01796875 0.034722222222222224
2 0.862109375 0.6798611111111111 0.01796875 0.001388888888888889
2 0.475 0.7486111111111111 0.046875 0.044444444444444446
2 0.4890625 0.7243055555555555 0.01875 0.006944444444444444
2 0.5328125 0.7576388888888889 0.0671875 0.043055555555555555
2 0.5328125 0.7229166666666667 0.0671875 0.04027777777777778
2 0.533203125 0.6854166666666667 0.06796875 0.043055555555555555
2 0.546875 0.6631944444444444 0.040625 0.006944444444444444
