0 0.979296875 0.9666666666666667 0.03359375 0.019444444444444445
5 0.8984375 0.7881944444444444 0.0046875 0.004166666666666667
5 0.564453125 0.725 0.00234375 0.005555555555555556
8 0.90703125 0.7368055555555556 0.01875 0.029166666666666667
5 0.96171875 0.79375 0.075 0.020833333333333332
4 0.115625 0.7986111111111112 0.0078125 0.08333333333333333
5 0.564453125 0.7277777777777777 0.00234375 0.005555555555555556
5 0.896875 0.6868055555555556 0.0046875 0.004166666666666667
6 0.5 0.7215277777777778 0.0421875 0.04583333333333333
5 0.896875 0.7111111111111111 0.0046875 0.008333333333333333
6 0.053515625 0.7527777777777778 0.01015625 0.1
5 0.99453125 0.7805555555555556 0.009375 0.005555555555555556
4 0.12734375 0.8465277777777778 0.034375 0.1625
2 0.894140625 0.6722222222222223 0.00078125 0.0
6 0.062109375 0.7659722222222223 0.02578125 0.09027777777777778
8 0.50625 0.74375 0.03125 0.02638888888888889
2 0.908203125 0.70625 0.01640625 0.020833333333333332
2 0.996875 0.6694444444444444 0.0015625 0.025
5 0.896484375 0.6784722222222223 0.00546875 0.009722222222222222
7 0.484375 0.7833333333333333 0.05 0.025
8 0.5640625 0.7402777777777778 0.0 0.0
5 0.89765625 0.7569444444444444 0.0046875 0.011111111111111112
5 0.497265625 0.7277777777777777 0.04765625 0.008333333333333333
5 0.316796875 0.7173611111111111 0.02734375 0.004166666666666667
7 0.928515625 0.8048611111111111 0.06484375 0.02638888888888889
8 0.908203125 0.7354166666666667 0.01640625 0.02361111111111111
6 0.05234375 0.6395833333333333 0.015625 0.12361111111111112
2 0.90546875 0.6701388888888888 0.0203125 0.02638888888888889
6 0.509375 0.7236111111111111 0.0234375 0.04722222222222222
1 0.91328125 0.6715277777777777 0.003125 0.034722222222222224
2 0.998828125 0.6701388888888888 0.00078125 0.02361111111111111
5 0.89765625 0.7333333333333333 0.0046875 0.008333333333333333
5 0.565234375 0.7305555555555555 0.00078125 0.005555555555555556
5 0.89765625 0.7666666666666667 0.0046875 0.008333333333333333
4 0.480078125 0.7284722222222222 0.00234375 0.05694444444444444
7 0.39453125 0.7493055555555556 0.0578125 0.015277777777777777
5 0.361328125 0.7027777777777777 0.00234375 0.0
7 0.308984375 0.8763888888888889 0.07734375 0.05555555555555555
5 0.89609375 0.6659722222222222 0.0046875 0.009722222222222222
2 0.958203125 0.6666666666666666 0.00234375 0.019444444444444445
5 0.897265625 0.7222222222222222 0.00546875 0.011111111111111112
1 0.401171875 0.7798611111111111 0.26171875 0.40694444444444444
1 0.9796875 0.6659722222222222 0.0390625 0.034722222222222224
5 0.904296875 0.7166666666666667 0.01796875 0.002777777777777778
3 0.528515625 0.8631944444444445 0.94140625 0.2708333333333333
5 0.8953125 0.6208333333333333 0.0046875 0.011111111111111112
8 0.4828125 0.7409722222222223 0.046875 0.029166666666666667
7 0.0640625 0.7833333333333333 0.0109375 0.011111111111111112
8 0.90859375 0.7340277777777777 0.015625 0.020833333333333332
6 0.509765625 0.6486111111111111 0.02421875 0.05555555555555555
5 0.516015625 0.7229166666666667 0.01015625 0.001388888888888889
5 0.06796875 0.76875 0.003125 0.001388888888888889
4 0.1171875 0.9104166666666667 0.0140625 0.006944444444444444
7 0.98515625 0.8243055555555555 0.028125 0.0125
5 0.316796875 0.7090277777777778 0.02734375 0.009722222222222222
8 0.563671875 0.7347222222222223 0.00078125 0.011111111111111112
5 0.505859375 0.7305555555555555 0.03046875 0.008333333333333333
5 0.89765625 0.7444444444444445 0.0046875 0.011111111111111112
1 0.23515625 0.7847222222222222 0.25 0.42777777777777776
5 0.90859375 0.7180555555555556 0.015625 0.0
6 0.53515625 0.49930555555555556 0.928125 0.9986111111111111
4 0.06328125 0.7694444444444445 0.0125 0.07777777777777778
6 0.059375 0.6361111111111111 0.0375 0.20555555555555555
5 0.8984375 0.78125 0.0046875 0.006944444444444444
1 0.93671875 0.6680555555555555 0.05 0.041666666666666664
5 0.53515625 0.7326388888888888 0.05625 0.006944444444444444
5 0.365234375 0.7277777777777777 0.00859375 0.005555555555555556
0 0.488671875 0.6701388888888888 0.04140625 0.10416666666666667
8 0.515625 0.7513888888888889 0.0015625 0.002777777777777778
4 0.959375 0.8041666666666667 0.0703125 0.1361111111111111
8 0.9578125 0.8236111111111111 0.0828125 0.075
5 0.06796875 0.7493055555555556 0.003125 0.0125
2 0.959765625 0.6673611111111111 0.00078125 0.018055555555555554
0 0.05859375 0.5458333333333333 0.1171875 0.9055555555555556
0 0.97734375 0.6875 0.04375 0.18055555555555555
5 0.908203125 0.7229166666666667 0.01640625 0.006944444444444444
5 0.316796875 0.7291666666666666 0.02734375 0.005555555555555556
8 0.56484375 0.7520833333333333 0.0015625 0.004166666666666667
5 0.89609375 0.6326388888888889 0.0046875 0.009722222222222222
5 0.36484375 0.7166666666666667 0.009375 0.005555555555555556
5 0.36484375 0.7083333333333334 0.009375 0.008333333333333333
8 0.53515625 0.7486111111111111 0.0609375 0.03611111111111111
5 0.896875 0.7006944444444444 0.0046875 0.009722222222222222
8 0.985546875 0.8069444444444445 0.01328125 0.027777777777777776
6 0.481640625 0.7166666666666667 0.04453125 0.03611111111111111
1 0.908203125 0.6819444444444445 0.01640625 0.06944444444444445
5 0.89609375 0.6548611111111111 0.0046875 0.009722222222222222
2 0.915234375 0.6902777777777778 0.00078125 0.0
7 0.487109375 0.7666666666666667 0.05546875 0.016666666666666666
8 0.495703125 0.7423611111111111 0.04921875 0.03194444444444444
4 0.06328125 0.7701388888888889 0.0046875 0.07361111111111111
5 0.89609375 0.6430555555555556 0.0046875 0.008333333333333333
4 0.3234375 0.9354166666666667 0.0109375 0.10694444444444444
4 0.5375 0.7423611111111111 0.0359375 0.0763888888888889
5 0.06796875 0.7611111111111111 0.003125 0.011111111111111112
5 0.484375 0.725 0.04375 0.005555555555555556
