3 0.499609375 0.8625 0.99921875 0.2722222222222222
4 0.498046875 0.9548611111111112 0.00390625 0.0875
5 0.23046875 0.7875 0.06875 0.019444444444444445
5 0.23046875 0.7875 0.06875 0.019444444444444445
5 0.23046875 0.7875 0.06875 0.019444444444444445
5 0.23046875 0.7715277777777778 0.06875 0.02361111111111111
5 0.23046875 0.7715277777777778 0.06875 0.02361111111111111
5 0.23046875 0.7715277777777778 0.06875 0.02361111111111111
5 0.23046875 0.7986111111111112 0.06875 0.019444444444444445
5 0.23046875 0.7986111111111112 0.06875 0.019444444444444445
5 0.23046875 0.7986111111111112 0.06875 0.019444444444444445
5 0.316015625 0.7881944444444444 0.06640625 0.020833333333333332
5 0.316015625 0.7881944444444444 0.06640625 0.020833333333333332
5 0.316015625 0.7881944444444444 0.06640625 0.020833333333333332
5 0.316015625 0.7784722222222222 0.06640625 0.018055555555555554
5 0.316015625 0.7784722222222222 0.06640625 0.018055555555555554
5 0.316015625 0.7784722222222222 0.06640625 0.018055555555555554
5 0.316015625 0.7659722222222223 0.06640625 0.018055555555555554
5 0.316015625 0.7659722222222223 0.06640625 0.018055555555555554
5 0.316015625 0.7659722222222223 0.06640625 0.018055555555555554
5 0.316015625 0.7506944444444444 0.06640625 0.020833333333333332
5 0.316015625 0.7506944444444444 0.06640625 0.020833333333333332
5 0.316015625 0.7506944444444444 0.06640625 0.020833333333333332
6 0.54296875 0.8465277777777778 0.0796875 0.10416666666666667
6 0.473046875 0.8180555555555555 0.06796875 0.10833333333333334
6 0.54375 0.75625 0.0828125 0.11805555555555555
6 0.511328125 0.8277777777777777 0.06171875 0.10833333333333334
6 0.734375 0.9388888888888889 0.1171875 0.11944444444444445
6 0.858203125 0.9569444444444445 0.12734375 0.08333333333333333
7 0.3453125 0.9451388888888889 0.0953125 0.043055555555555555
8 0.585546875 0.9694444444444444 0.09609375 0.058333333333333334
5 0.587890625 0.9611111111111111 0.09140625 0.041666666666666664
8 0.55390625 0.9583333333333334 0.1015625 0.08055555555555556
5 0.553125 0.9354166666666667 0.0921875 0.0375
8 0.519921875 0.9402777777777778 0.09609375 0.07777777777777778
5 0.519140625 0.9173611111111111 0.08671875 0.034722222222222224
8 0.48984375 0.91875 0.090625 0.07361111111111111
5 0.4890625 0.8972222222222223 0.0828125 0.030555555555555555
8 0.595703125 0.9159722222222222 0.07578125 0.05138888888888889
5 0.59765625 0.9034722222222222 0.071875 0.03194444444444444
8 0.57109375 0.9013888888888889 0.0890625 0.041666666666666664
5 0.570703125 0.8854166666666666 0.08046875 0.029166666666666667
8 0.612890625 0.9493055555555555 0.04140625 0.06805555555555555
5 0.62578125 0.9229166666666667 0.059375 0.03194444444444444
8 0.643359375 0.9597222222222223 0.02578125 0.044444444444444446
5 0.655078125 0.9458333333333333 0.00234375 0.027777777777777776
8 0.88515625 0.7930555555555555 0.0640625 0.030555555555555555
5 0.882421875 0.7798611111111111 0.05234375 0.015277777777777777
8 0.853515625 0.7854166666666667 0.06171875 0.03194444444444444
5 0.853125 0.7722222222222223 0.0546875 0.013888888888888888
8 0.91015625 0.7902777777777777 0.05 0.011111111111111112
5 0.913671875 0.7868055555555555 0.05078125 0.015277777777777777
8 0.988671875 0.8055555555555556 0.00078125 0.005555555555555556
5 0.963671875 0.7895833333333333 0.00078125 0.001388888888888889
8 0.80546875 0.7944444444444444 0.0625 0.03888888888888889
5 0.80546875 0.7770833333333333 0.05625 0.015277777777777777
8 0.83671875 0.8034722222222223 0.0640625 0.04027777777777778
5 0.837109375 0.7861111111111111 0.05859375 0.016666666666666666
8 0.869140625 0.8125 0.06796875 0.041666666666666664
5 0.86875 0.79375 0.0609375 0.018055555555555554
8 0.8875 0.8222222222222222 0.0359375 0.044444444444444446
5 0.890625 0.8034722222222223 0.0359375 0.018055555555555554
0 0.951171875 0.8125 0.09609375 0.25277777777777777
0 0.46640625 0.73125 0.0796875 0.16805555555555557
1 0.9921875 0.7111111111111111 0.0078125 0.09722222222222222
2 0.99140625 0.7152777777777778 0.0 0.0
2 0.99375 0.6743055555555556 0.0109375 0.001388888888888889
2 0.99375 0.7472222222222222 0.003125 0.0
2 0.99375 0.6888888888888889 0.0109375 0.025
1 0.92578125 0.7229166666666667 0.0765625 0.10972222222222222
2 0.909375 0.68125 0.0375 0.004166666666666667
2 0.948828125 0.7041666666666667 0.02890625 0.03611111111111111
2 0.9421875 0.7479166666666667 0.0421875 0.0375
2 0.916015625 0.6840277777777778 0.02265625 0.004166666666666667
2 0.92890625 0.6826388888888889 0.0203125 0.001388888888888889
2 0.932421875 0.6861111111111111 0.02578125 0.002777777777777778
2 0.948046875 0.6840277777777778 0.02109375 0.001388888888888889
1 0.898046875 0.7263888888888889 0.09140625 0.1111111111111111
2 0.869140625 0.7451388888888889 0.02578125 0.034722222222222224
2 0.878515625 0.7270833333333333 0.01484375 0.001388888888888889
2 0.875390625 0.7 0.03828125 0.03611111111111111
2 0.91953125 0.7069444444444445 0.040625 0.03611111111111111
2 0.90546875 0.7506944444444444 0.0703125 0.043055555555555555
2 0.88125 0.7027777777777777 0.0234375 0.03611111111111111
2 0.89375 0.6854166666666667 0.0203125 0.001388888888888889
2 0.89765625 0.7055555555555556 0.0265625 0.03611111111111111
2 0.907421875 0.6875 0.01015625 0.002777777777777778
1 0.99375 0.7395833333333334 0.0109375 0.09861111111111111
2 0.994140625 0.7618055555555555 0.00390625 0.018055555555555554
2 0.994140625 0.7152777777777778 0.00390625 0.011111111111111112
2 0.626171875 0.7506944444444444 0.01484375 0.0375
2 0.687109375 0.7645833333333333 0.06640625 0.04583333333333333
2 0.73984375 0.7638888888888888 0.0390625 0.03888888888888889
2 0.68671875 0.7284722222222222 0.0671875 0.043055555555555555
2 0.73984375 0.7277777777777777 0.0390625 0.03611111111111111
2 0.686328125 0.6923611111111111 0.06640625 0.043055555555555555
2 0.725390625 0.6895833333333333 0.06796875 0.043055555555555555
