5 0.898046875 0.88125 0.09140625 0.029166666666666667
5 0.69375 0.8798611111111111 0.1140625 0.03194444444444444
6 0.517578125 0.6868055555555556 0.05859375 0.08194444444444444
2 0.7390625 0.6875 0.0453125 0.030555555555555555
5 0.69375 0.8965277777777778 0.1140625 0.03194444444444444
2 0.8703125 0.7048611111111112 0.0 0.001388888888888889
7 0.92265625 0.9423611111111111 0.04375 0.04583333333333333
7 0.34765625 0.8027777777777778 0.06875 0.019444444444444445
5 0.673046875 0.8305555555555556 0.05234375 0.022222222222222223
5 0.523828125 0.7722222222222223 0.05234375 0.008333333333333333
5 0.79375 0.8215277777777777 0.1140625 0.02638888888888889
8 0.892578125 0.7555555555555555 0.00078125 0.0
8 0.46796875 0.7979166666666667 0.0625 0.043055555555555555
8 0.509765625 0.79375 0.00546875 0.0375
8 0.787890625 0.7631944444444444 0.02109375 0.02638888888888889
5 0.8953125 0.8020833333333334 0.09375 0.02361111111111111
5 0.896484375 0.8152777777777778 0.09140625 0.025
5 0.38203125 0.7611111111111111 0.053125 0.011111111111111112
8 0.93828125 0.7888888888888889 0.0015625 0.0
5 0.88984375 0.7229166666666667 0.1015625 0.018055555555555554
2 0.74375 0.75 0.0375 0.030555555555555555
2 0.65078125 0.7451388888888889 0.0078125 0.029166666666666667
5 0.69296875 0.8104166666666667 0.1140625 0.02638888888888889
5 0.31171875 0.7416666666666667 0.053125 0.011111111111111112
5 0.4703125 0.7798611111111111 0.0625 0.0125
2 0.85390625 0.6979166666666666 0.00625 0.02361111111111111
1 0.8734375 0.7069444444444445 0.0484375 0.06944444444444445
7 0.412890625 0.8402777777777778 0.08828125 0.025
8 0.96640625 0.975 0.065625 0.04722222222222222
8 0.927734375 0.7881944444444444 0.02890625 0.034722222222222224
5 0.794140625 0.8729166666666667 0.11484375 0.029166666666666667
5 0.69296875 0.7923611111111111 0.1140625 0.02638888888888889
7 0.508203125 0.9736111111111111 0.11171875 0.05
8 0.539453125 0.8083333333333333 0.02109375 0.022222222222222223
5 0.890625 0.7701388888888889 0.1015625 0.020833333333333332
8 0.918359375 0.7847222222222222 0.00390625 0.0
8 0.60859375 0.8618055555555556 0.084375 0.07083333333333333
2 0.894921875 0.6986111111111111 0.00703125 0.022222222222222223
2 0.74375 0.71875 0.0375 0.03194444444444444
8 0.938671875 0.7868055555555555 0.00546875 0.004166666666666667
5 0.69375 0.8611111111111112 0.1140625 0.030555555555555555
8 0.77734375 0.7618055555555555 0.040625 0.029166666666666667
5 0.89609375 0.8493055555555555 0.09375 0.02638888888888889
5 0.88984375 0.7055555555555556 0.1015625 0.016666666666666666
5 0.31171875 0.7527777777777778 0.053125 0.011111111111111112
5 0.919921875 0.7722222222222223 0.00078125 0.0
8 0.66796875 0.8409722222222222 0.0640625 0.0375
5 0.382421875 0.7298611111111111 0.05234375 0.009722222222222222
4 0.7125 0.90625 0.084375 0.1736111111111111
5 0.789453125 0.7513888888888889 0.01953125 0.008333333333333333
0 0.849609375 0.7222222222222222 0.09921875 0.19166666666666668
4 0.47890625 0.8138888888888889 0.046875 0.10277777777777777
6 0.594140625 0.7875 0.08828125 0.1111111111111111
5 0.382421875 0.7409722222222223 0.05234375 0.009722222222222222
5 0.889453125 0.6895833333333333 0.10078125 0.015277777777777777
0 0.49453125 0.7020833333333333 0.040625 0.12916666666666668
1 0.9375 0.7173611111111111 0.0078125 0.0763888888888889
5 0.898046875 0.8979166666666667 0.09140625 0.03194444444444444
4 0.43203125 0.7875 0.003125 0.07777777777777778
3 0.4875 0.8770833333333333 0.975 0.24305555555555555
5 0.897265625 0.8326388888888889 0.09140625 0.02638888888888889
2 0.698046875 0.71875 0.05234375 0.03194444444444444
5 0.890234375 0.7395833333333334 0.10078125 0.018055555555555554
8 0.49921875 0.8090277777777778 0.0671875 0.04583333333333333
5 0.612109375 0.8333333333333334 0.07734375 0.025
5 0.69375 0.9145833333333333 0.1140625 0.03194444444444444
5 0.547265625 0.7847222222222222 0.00546875 0.005555555555555556
5 0.93828125 0.7576388888888889 0.00625 0.001388888888888889
5 0.889453125 0.6743055555555556 0.10078125 0.015277777777777777
2 0.8953125 0.7319444444444444 0.0078125 0.019444444444444445
5 0.8890625 0.6576388888888889 0.1015625 0.015277777777777777
5 0.7796875 0.7486111111111111 0.040625 0.008333333333333333
5 0.8015625 0.9041666666666667 0.1 0.027777777777777776
5 0.79375 0.8055555555555556 0.1140625 0.025
7 0.37265625 0.8770833333333333 0.065625 0.043055555555555555
4 0.6546875 0.875 0.021875 0.14444444444444443
5 0.38203125 0.7513888888888889 0.053125 0.011111111111111112
8 0.43828125 0.7930555555555555 0.0265625 0.041666666666666664
5 0.79375 0.85625 0.1140625 0.029166666666666667
6 0.479296875 0.7409722222222223 0.04765625 0.05416666666666667
2 0.919140625 0.7375 0.04453125 0.030555555555555555
5 0.31171875 0.7631944444444444 0.053125 0.009722222222222222
4 0.5671875 0.8493055555555555 0.0609375 0.12916666666666668
5 0.693359375 0.8444444444444444 0.11328125 0.027777777777777776
5 0.79453125 0.8868055555555555 0.1140625 0.02638888888888889
4 0.972265625 0.9368055555555556 0.05390625 0.12361111111111112
4 0.5359375 0.8298611111111112 0.0140625 0.1125
2 0.69765625 0.6881944444444444 0.053125 0.03194444444444444
5 0.53828125 0.7798611111111111 0.0234375 0.006944444444444444
5 0.891015625 0.7840277777777778 0.10234375 0.02361111111111111
1 0.97265625 0.7180555555555556 0.0 0.0
5 0.443359375 0.775 0.03203125 0.011111111111111112
5 0.50078125 0.7902777777777777 0.0640625 0.013888888888888888
8 0.549609375 0.8138888888888889 0.00234375 0.025
2 0.6984375 0.75 0.053125 0.03333333333333333
5 0.896875 0.8659722222222223 0.0921875 0.029166666666666667
8 0.750390625 0.9145833333333333 0.12734375 0.10416666666666667
2 0.9375 0.6986111111111111 0.00625 0.022222222222222223
5 0.79375 0.8388888888888889 0.1140625 0.027777777777777776
5 0.484765625 0.7840277777777778 0.06015625 0.0125
4 0.86171875 0.9256944444444445 0.009375 0.14583333333333334
6 0.49296875 0.7409722222222223 0.04375 0.05138888888888889
8 0.798828125 0.7590277777777777 0.00234375 0.015277777777777777
6 0.661328125 0.7902777777777777 0.09765625 0.10833333333333334
2 0.87421875 0.7069444444444445 0.00625 0.005555555555555556
6 0.51640625 0.7423611111111111 0.05625 0.04861111111111111
8 0.504296875 0.775 0.00546875 0.002777777777777778
5 0.69296875 0.8263888888888888 0.1140625 0.027777777777777776
5 0.890625 0.7534722222222222 0.1015625 0.020833333333333332
5 0.895703125 0.7548611111111111 0.00703125 0.001388888888888889
8 0.483203125 0.8034722222222223 0.06328125 0.04583333333333333
5 0.5296875 0.775 0.040625 0.005555555555555556
5 0.79296875 0.7875 0.1140625 0.025
5 0.927734375 0.7722222222222223 0.02734375 0.005555555555555556
5 0.977734375 0.9659722222222222 0.04296875 0.04583333333333333
