8 0.875 0.9784722222222222 0.0828125 0.04027777777777778
2 0.945703125 0.9368055555555556 0.04296875 0.03194444444444444
2 0.621875 0.9618055555555556 0.05 0.04861111111111111
5 0.071875 0.9833333333333333 0.1046875 0.022222222222222223
1 0.930859375 0.9 0.06953125 0.10277777777777777
6 0.45 0.9486111111111111 0.090625 0.1
1 0.94921875 0.8847222222222222 0.0328125 0.06944444444444445
2 0.9140625 0.9361111111111111 0.021875 0.030555555555555555
6 0.523046875 0.9493055555555555 0.12109375 0.09861111111111111
5 0.197265625 0.9597222222222223 0.09609375 0.019444444444444445
8 0.923828125 0.98125 0.06640625 0.034722222222222224
2 0.96171875 0.9041666666666667 0.0015625 0.0
5 0.955078125 0.95625 0.02421875 0.004166666666666667
8 0.953515625 0.9826388888888888 0.02734375 0.03194444444444444
4 0.6484375 0.9756944444444444 0.009375 0.04583333333333333
2 0.953125 0.9194444444444444 0.025 0.0
2 0.7625 0.8694444444444445 0.0453125 0.04722222222222222
8 0.925390625 0.9798611111111111 0.08515625 0.0375
5 0.19609375 0.9923611111111111 0.096875 0.0125
2 0.91171875 0.8833333333333333 0.021875 0.041666666666666664
2 0.953515625 0.8833333333333333 0.02265625 0.041666666666666664
2 0.69453125 0.9180555555555555 0.09375 0.05
8 0.95078125 0.98125 0.0359375 0.034722222222222224
6 0.59609375 0.9493055555555555 0.1375 0.09861111111111111
5 0.07109375 0.9951388888888889 0.1046875 0.006944444444444444
2 0.701171875 0.86875 0.07734375 0.04861111111111111
5 0.072265625 0.9631944444444445 0.10390625 0.02361111111111111
5 0.196875 0.9784722222222222 0.096875 0.020833333333333332
2 0.694921875 0.9666666666666667 0.09453125 0.05277777777777778
2 0.76328125 0.9166666666666666 0.0453125 0.04722222222222222
5 0.926171875 0.9631944444444445 0.07734375 0.0125
0 0.411328125 0.8861111111111111 0.11328125 0.225
5 0.928515625 0.9534722222222223 0.07109375 0.004166666666666667
2 0.76484375 0.9659722222222222 0.0453125 0.04861111111111111
2 0.932421875 0.8833333333333333 0.02265625 0.041666666666666664
5 0.875 0.9604166666666667 0.0734375 0.0125
2 0.96328125 0.9194444444444444 0.0 0.0
5 0.952734375 0.9659722222222222 0.03046875 0.0125
2 0.940234375 0.9041666666666667 0.00078125 0.0
5 0.198046875 0.9402777777777778 0.09609375 0.019444444444444445
3 0.60703125 0.9826388888888888 0.7234375 0.03194444444444444
6 0.59609375 0.8298611111111112 0.140625 0.1736111111111111
