3 0.499609375 0.8777777777777778 0.99921875 0.24166666666666667
5 0.103515625 0.8743055555555556 0.09453125 0.0375
5 0.103515625 0.8743055555555556 0.09453125 0.0375
5 0.103515625 0.8743055555555556 0.09453125 0.0375
5 0.103515625 0.8555555555555555 0.09453125 0.03888888888888889
5 0.103515625 0.8555555555555555 0.09453125 0.03888888888888889
5 0.103515625 0.8555555555555555 0.09453125 0.03888888888888889
5 0.103515625 0.8909722222222223 0.09453125 0.0375
5 0.103515625 0.8909722222222223 0.09453125 0.0375
5 0.103515625 0.8909722222222223 0.09453125 0.0375
5 0.2140625 0.8694444444444445 0.0875 0.03333333333333333
5 0.2140625 0.8694444444444445 0.0875 0.03333333333333333
5 0.2140625 0.8694444444444445 0.0875 0.03333333333333333
5 0.2140625 0.8548611111111111 0.0875 0.034722222222222224
5 0.2140625 0.8548611111111111 0.0875 0.034722222222222224
5 0.2140625 0.8548611111111111 0.0875 0.034722222222222224
5 0.2140625 0.8381944444444445 0.0875 0.034722222222222224
5 0.2140625 0.8381944444444445 0.0875 0.034722222222222224
5 0.2140625 0.8381944444444445 0.0875 0.034722222222222224
5 0.2140625 0.8208333333333333 0.0875 0.03333333333333333
5 0.2140625 0.8208333333333333 0.0875 0.03333333333333333
5 0.2140625 0.8208333333333333 0.0875 0.03333333333333333
6 0.589453125 0.95 0.11640625 0.09722222222222222
6 0.46328125 0.9215277777777777 0.09375 0.15416666666666667
6 0.590625 0.8493055555555555 0.11875 0.17083333333333334
6 0.522265625 0.9319444444444445 0.10546875 0.13333333333333333
8 0.884375 0.8388888888888889 0.0171875 0.013888888888888888
5 0.8890625 0.8326388888888889 0.0171875 0.0125
8 0.862890625 0.8430555555555556 0.06015625 0.044444444444444446
5 0.8671875 0.8229166666666666 0.0609375 0.020833333333333332
8 0.976953125 0.8576388888888888 0.03515625 0.034722222222222224
5 0.975 0.8430555555555556 0.03125 0.022222222222222223
8 0.984765625 0.875 0.02890625 0.044444444444444446
5 0.98671875 0.8548611111111111 0.025 0.018055555555555554
8 0.82109375 0.8548611111111111 0.071875 0.04861111111111111
5 0.820703125 0.8333333333333334 0.06484375 0.022222222222222223
8 0.862890625 0.8673611111111111 0.06953125 0.04861111111111111
5 0.86484375 0.8451388888888889 0.065625 0.02361111111111111
8 0.884765625 0.8743055555555556 0.02578125 0.043055555555555555
5 0.88671875 0.8555555555555555 0.021875 0.019444444444444445
8 0.979296875 0.8923611111111112 0.03984375 0.05416666666666667
5 0.97890625 0.86875 0.0390625 0.02638888888888889
0 0.41484375 0.79375 0.115625 0.21805555555555556
1 0.97890625 0.7395833333333334 0.040625 0.10972222222222222
2 0.96796875 0.75625 0.01875 0.018055555555555554
2 0.98125 0.7451388888888889 0.0078125 0.001388888888888889
2 0.973828125 0.70625 0.03046875 0.018055555555555554
2 0.985546875 0.7659722222222223 0.02734375 0.04027777777777778
2 0.98359375 0.7194444444444444 0.0265625 0.03611111111111111
2 0.991796875 0.7006944444444444 0.01484375 0.001388888888888889
2 0.994140625 0.7208333333333333 0.01015625 0.03611111111111111
1 0.928515625 0.7618055555555555 0.10703125 0.12916666666666668
2 0.887890625 0.7111111111111111 0.01796875 0.005555555555555556
2 0.967578125 0.7354166666666667 0.01796875 0.04027777777777778
2 0.96796875 0.7875 0.01875 0.044444444444444446
2 0.896875 0.7138888888888889 0.0 0.0
1 0.86953125 0.7583333333333333 0.05625 0.11944444444444445
2 0.86015625 0.7854166666666667 0.028125 0.043055555555555555
2 0.86875 0.7652777777777777 0.0203125 0.002777777777777778
2 0.866796875 0.7333333333333333 0.04140625 0.041666666666666664
2 0.88125 0.7895833333333333 0.0328125 0.04583333333333333
2 0.877734375 0.7375 0.02734375 0.041666666666666664
2 0.8890625 0.7166666666666667 0.015625 0.002777777777777778
2 0.88984375 0.7388888888888889 0.0140625 0.03888888888888889
2 0.59375 0.8020833333333334 0.046875 0.05694444444444444
2 0.6140625 0.7729166666666667 0.00625 0.004166666666666667
2 0.659765625 0.8180555555555555 0.08359375 0.05555555555555555
2 0.721875 0.8138888888888889 0.0390625 0.04722222222222222
2 0.659765625 0.775 0.08359375 0.05277777777777778
2 0.721875 0.7715277777777778 0.0390625 0.04583333333333333
2 0.659765625 0.73125 0.08359375 0.05416666666666667
2 0.7 0.7256944444444444 0.0828125 0.05416666666666667
