3 0.499609375 0.8763888888888889 0.99921875 0.24444444444444444
4 0.09765625 0.8270833333333333 0.003125 0.08194444444444444
8 0.178515625 0.9854166666666667 0.11796875 0.02638888888888889
5 0.623828125 0.7902777777777777 0.04609375 0.013888888888888888
5 0.623828125 0.7902777777777777 0.04609375 0.013888888888888888
5 0.623828125 0.7902777777777777 0.04609375 0.013888888888888888
5 0.624609375 0.7777777777777778 0.04765625 0.016666666666666666
5 0.624609375 0.7777777777777778 0.04765625 0.016666666666666666
5 0.624609375 0.7777777777777778 0.04765625 0.016666666666666666
5 0.62421875 0.8013888888888889 0.046875 0.013888888888888888
5 0.62421875 0.8013888888888889 0.046875 0.013888888888888888
5 0.62421875 0.8013888888888889 0.046875 0.013888888888888888
6 0.3859375 0.7881944444444444 0.0828125 0.043055555555555555
6 0.514453125 0.8020833333333334 0.03203125 0.09027777777777778
6 0.38671875 0.7298611111111111 0.0828125 0.09861111111111111
6 0.437109375 0.8020833333333334 0.01953125 0.08194444444444444
6 0.0578125 0.8458333333333333 0.0828125 0.12777777777777777
7 0.250390625 0.8430555555555556 0.00078125 0.0
7 0.15234375 0.7611111111111111 0.0296875 0.011111111111111112
7 0.19296875 0.7590277777777777 0.0296875 0.009722222222222222
7 0.050390625 0.7666666666666667 0.02890625 0.011111111111111112
7 0.0953125 0.7638888888888888 0.0296875 0.011111111111111112
8 0.119921875 0.8618055555555556 0.04453125 0.04583333333333333
5 0.11953125 0.8361111111111111 0.04375 0.019444444444444445
8 0.168359375 0.8527777777777777 0.06796875 0.05
5 0.167578125 0.8305555555555556 0.06171875 0.016666666666666666
8 0.214453125 0.8465277777777778 0.06796875 0.04861111111111111
5 0.213671875 0.825 0.06015625 0.016666666666666666
8 0.262109375 0.8409722222222222 0.06015625 0.04583333333333333
5 0.263671875 0.8201388888888889 0.05703125 0.015277777777777777
8 0.250390625 0.85625 0.07265625 0.05138888888888889
5 0.24921875 0.8347222222222223 0.0640625 0.019444444444444445
8 0.2796875 0.8458333333333333 0.025 0.03888888888888889
5 0.28125 0.8298611111111112 0.021875 0.015277777777777777
8 0.202734375 0.8631944444444445 0.07421875 0.05416666666666667
5 0.2015625 0.8402777777777778 0.065625 0.019444444444444445
8 0.14296875 0.8701388888888889 0.075 0.05694444444444444
5 0.141796875 0.8465277777777778 0.06640625 0.020833333333333332
8 0.949609375 0.9215277777777777 0.09921875 0.07361111111111111
5 0.95 0.8909722222222223 0.0984375 0.029166666666666667
8 0.969140625 0.9041666666666667 0.06015625 0.05555555555555555
5 0.97109375 0.8770833333333333 0.05625 0.018055555555555554
8 0.921484375 0.9326388888888889 0.11953125 0.0763888888888889
5 0.91953125 0.9013888888888889 0.1078125 0.03333333333333333
8 0.87421875 0.9458333333333333 0.1234375 0.08055555555555556
5 0.880859375 0.9125 0.09453125 0.03611111111111111
8 0.901171875 0.8715277777777778 0.10234375 0.018055555555555554
5 0.899609375 0.8673611111111111 0.09140625 0.02361111111111111
8 0.861328125 0.8840277777777777 0.10234375 0.029166666666666667
5 0.85859375 0.875 0.09375 0.025
8 0.825390625 0.9131944444444444 0.10859375 0.07083333333333333
5 0.823828125 0.8840277777777777 0.09765625 0.02638888888888889
8 0.77734375 0.9055555555555556 0.1125 0.03611111111111111
5 0.76953125 0.8944444444444445 0.0875 0.030555555555555555
8 0.574609375 0.98125 0.14453125 0.034722222222222224
5 0.575 0.9715277777777778 0.1296875 0.04861111111111111
8 0.65078125 0.9930555555555556 0.15625 0.011111111111111112
5 0.6515625 0.9833333333333333 0.1390625 0.030555555555555555
8 0.509765625 0.9729166666666667 0.13515625 0.05138888888888889
5 0.535546875 0.9534722222222223 0.07421875 0.043055555555555555
8 0.45234375 0.9638888888888889 0.128125 0.06944444444444445
5 0.453125 0.9368055555555556 0.115625 0.034722222222222224
8 0.76953125 0.9625 0.13125 0.07222222222222222
5 0.767578125 0.9340277777777778 0.11796875 0.04027777777777778
8 0.7140625 0.9701388888888889 0.1375 0.05694444444444444
5 0.71171875 0.95 0.1234375 0.044444444444444446
8 0.61171875 0.9527777777777777 0.1265625 0.05
5 0.612109375 0.9326388888888889 0.11328125 0.0375
8 0.559375 0.9479166666666666 0.103125 0.07083333333333333
5 0.5515625 0.9166666666666666 0.10625 0.03333333333333333
0 0.334375 0.8236111111111111 0.225 0.32222222222222224
0 0.704296875 0.7534722222222222 0.11328125 0.17916666666666667
1 0.362109375 0.7326388888888888 0.06015625 0.07916666666666666
1 0.335546875 0.7416666666666667 0.05390625 0.09166666666666666
1 0.33046875 0.7291666666666666 0.0375 0.07222222222222222
1 0.287109375 0.7354166666666667 0.06171875 0.08472222222222223
1 0.28125 0.7326388888888888 0.0578125 0.08472222222222223
1 0.251953125 0.7347222222222223 0.06015625 0.08611111111111111
1 0.2484375 0.7236111111111111 0.0609375 0.07222222222222222
1 0.03125 0.7472222222222222 0.0625 0.09722222222222222
1 0.02265625 0.7423611111111111 0.0453125 0.0875
2 0.9671875 0.8527777777777777 0.0609375 0.05277777777777778
2 0.96640625 0.8027777777777778 0.0609375 0.058333333333333334
2 0.965625 0.7465277777777778 0.0609375 0.059722222222222225
