5 0.36015625 0.7388888888888889 0.0578125 0.019444444444444445
8 0.4859375 0.8868055555555555 0.078125 0.06527777777777778
8 0.576953125 0.9090277777777778 0.01640625 0.0375
5 0.576953125 0.875 0.05703125 0.027777777777777776
5 0.798828125 0.7409722222222223 0.03984375 0.0125
2 0.957421875 0.6729166666666667 0.01796875 0.03194444444444444
5 0.560546875 0.8590277777777777 0.06953125 0.02638888888888889
0 0.49140625 0.6930555555555555 0.0578125 0.1527777777777778
2 0.998828125 0.7013888888888888 0.00078125 0.03333333333333333
5 0.36015625 0.7055555555555556 0.0578125 0.019444444444444445
6 0.52109375 0.7277777777777777 0.0578125 0.10277777777777777
8 0.922265625 0.7784722222222222 0.06328125 0.034722222222222224
2 0.729296875 0.6555555555555556 0.05234375 0.041666666666666664
8 0.866015625 0.7513888888888889 0.05859375 0.016666666666666666
2 0.99921875 0.6791666666666667 0.0 0.0
6 0.49921875 0.7888888888888889 0.0578125 0.1
1 0.928515625 0.6923611111111111 0.08203125 0.10972222222222222
2 0.6515625 0.7111111111111111 0.0265625 0.041666666666666664
8 0.972265625 0.8236111111111111 0.05234375 0.044444444444444446
5 0.5375 0.8409722222222222 0.0640625 0.02361111111111111
8 0.51796875 0.8513888888888889 0.03125 0.03333333333333333
5 0.84140625 0.7597222222222222 0.0515625 0.016666666666666666
5 0.36015625 0.7180555555555556 0.0578125 0.016666666666666666
7 0.3453125 0.8854166666666666 0.078125 0.034722222222222224
6 0.636328125 0.9201388888888888 0.10078125 0.1486111111111111
5 0.58515625 0.8972222222222223 0.0015625 0.022222222222222223
6 0.71171875 0.9395833333333333 0.0875 0.11805555555555555
8 0.800390625 0.7534722222222222 0.04296875 0.02361111111111111
2 0.8890625 0.6736111111111112 0.0203125 0.03333333333333333
5 0.95625 0.8145833333333333 0.03125 0.02361111111111111
5 0.98203125 0.9305555555555556 0.034375 0.03611111111111111
5 0.98203125 0.9826388888888888 0.034375 0.03194444444444444
2 0.87421875 0.6666666666666666 0.0375 0.030555555555555555
5 0.48515625 0.8680555555555556 0.0703125 0.027777777777777776
5 0.822265625 0.7506944444444444 0.03671875 0.015277777777777777
2 0.6953125 0.6583333333333333 0.059375 0.041666666666666664
8 0.95859375 0.8368055555555556 0.0359375 0.0375
8 0.998046875 0.8229166666666666 0.00234375 0.004166666666666667
2 0.740234375 0.7236111111111111 0.03046875 0.03611111111111111
5 0.840234375 0.7368055555555556 0.05078125 0.015277777777777777
5 0.36015625 0.7305555555555555 0.0578125 0.016666666666666666
5 0.529296875 0.9083333333333333 0.07890625 0.03333333333333333
8 0.528125 0.9291666666666667 0.0828125 0.05555555555555555
8 0.836328125 0.775 0.04765625 0.03888888888888889
5 0.98203125 0.9486111111111111 0.034375 0.03888888888888889
8 0.576171875 0.8930555555555556 0.06171875 0.06388888888888888
5 0.46640625 0.8486111111111111 0.0671875 0.025
5 0.890625 0.7548611111111111 0.0515625 0.015277777777777777
2 0.8921875 0.6548611111111111 0.0203125 0.001388888888888889
5 0.284765625 0.7229166666666667 0.05859375 0.020833333333333332
2 0.863671875 0.7097222222222223 0.01640625 0.03333333333333333
2 0.87734375 0.6673611111111111 0.0203125 0.02638888888888889
2 0.942578125 0.7138888888888889 0.04296875 0.03611111111111111
2 0.919921875 0.65625 0.01015625 0.004166666666666667
5 0.284765625 0.7354166666666667 0.05859375 0.020833333333333332
8 0.8921875 0.7611111111111111 0.059375 0.019444444444444445
7 0.443359375 0.99375 0.07265625 0.009722222222222222
8 0.871484375 0.775 0.06484375 0.016666666666666666
1 0.984765625 0.6770833333333334 0.02734375 0.09027777777777778
5 0.284765625 0.7458333333333333 0.05859375 0.019444444444444445
2 0.98203125 0.7416666666666667 0.0265625 0.03888888888888889
8 0.4671875 0.8673611111111111 0.0734375 0.059722222222222225
1 0.888671875 0.6930555555555555 0.07265625 0.10833333333333334
2 0.908203125 0.6763888888888889 0.03359375 0.03333333333333333
5 0.99140625 0.7972222222222223 0.015625 0.011111111111111112
2 0.99140625 0.6986111111111111 0.015625 0.03888888888888889
2 0.99140625 0.7458333333333333 0.015625 0.03888888888888889
8 0.821875 0.7701388888888889 0.0359375 0.029166666666666667
4 0.521875 0.9729166666666667 0.04375 0.05138888888888889
2 0.92109375 0.6520833333333333 0.0078125 0.001388888888888889
5 0.977734375 0.8361111111111111 0.04296875 0.027777777777777776
2 0.993359375 0.6597222222222222 0.01171875 0.027777777777777776
5 0.99921875 0.8222222222222222 0.0 0.0
2 0.9078125 0.6513888888888889 0.034375 0.005555555555555556
5 0.98203125 0.9673611111111111 0.034375 0.04027777777777778
0 0.90859375 0.7965277777777777 0.14375 0.24305555555555555
4 0.450390625 0.9138888888888889 0.01328125 0.09722222222222222
3 0.499609375 0.8458333333333333 0.99921875 0.3055555555555556
5 0.97421875 0.8097222222222222 0.05 0.025
8 0.507421875 0.9048611111111111 0.08203125 0.06805555555555555
1 0.98203125 0.71875 0.034375 0.1125
5 0.97890625 0.9916666666666667 0.028125 0.013888888888888888
6 0.521484375 0.8111111111111111 0.05703125 0.10277777777777777
2 0.983984375 0.6944444444444444 0.03046875 0.03888888888888889
8 0.970703125 0.8027777777777778 0.05703125 0.03888888888888889
2 0.694921875 0.6909722222222222 0.06015625 0.04027777777777778
2 0.98671875 0.6576388888888889 0.025 0.03194444444444444
5 0.866015625 0.7458333333333333 0.05234375 0.013888888888888888
2 0.903125 0.6576388888888889 0.01875 0.001388888888888889
5 0.506640625 0.8854166666666666 0.07421875 0.029166666666666667
8 0.976171875 0.8555555555555555 0.04609375 0.058333333333333334
2 0.99140625 0.7236111111111111 0.0109375 0.002777777777777778
5 0.98203125 0.9118055555555555 0.034375 0.04027777777777778
5 0.97265625 0.7861111111111111 0.053125 0.019444444444444445
8 0.561328125 0.8715277777777778 0.07734375 0.0375
5 0.921875 0.7666666666666667 0.0578125 0.013888888888888888
2 0.914453125 0.6541666666666667 0.01640625 0.005555555555555556
2 0.89609375 0.7166666666666667 0.0578125 0.041666666666666664
2 0.740625 0.6909722222222222 0.0296875 0.034722222222222224
8 0.840625 0.7423611111111111 0.05625 0.018055555555555554
8 0.98984375 0.8069444444444445 0.01875 0.022222222222222223
2 0.694921875 0.7243055555555555 0.06015625 0.043055555555555555
5 0.8734375 0.7694444444444445 0.053125 0.013888888888888888
6 0.476953125 0.7743055555555556 0.05546875 0.09583333333333334
