2 0.640234375 0.7201388888888889 0.06328125 0.043055555555555555
5 0.753515625 0.7326388888888888 0.04921875 0.015277777777777777
3 0.499609375 0.8375 0.99921875 0.32222222222222224
1 0.9578125 0.7097222222222223 0.0828125 0.12222222222222222
1 0.82734375 0.6819444444444445 0.08125 0.10555555555555556
6 0.7546875 0.9270833333333334 0.0890625 0.14305555555555555
2 0.919140625 0.6319444444444444 0.00390625 0.0
2 0.85546875 0.6444444444444445 0.01875 0.005555555555555556
1 0.855859375 0.6798611111111111 0.08046875 0.10972222222222222
2 0.87109375 0.7 0.04375 0.03333333333333333
0 0.929296875 0.7861111111111111 0.13984375 0.23333333333333334
5 0.984765625 0.7798611111111111 0.02890625 0.020833333333333332
6 0.863671875 0.9444444444444444 0.10078125 0.10833333333333334
2 0.799609375 0.6965277777777777 0.01953125 0.03194444444444444
7 0.396484375 0.91875 0.08359375 0.043055555555555555
5 0.226953125 0.7645833333333333 0.06640625 0.02361111111111111
6 0.511328125 0.8013888888888889 0.06796875 0.10833333333333334
4 0.6984375 0.9888888888888889 0.05 0.019444444444444445
5 0.226953125 0.7402777777777778 0.06640625 0.025
2 0.80859375 0.68125 0.0109375 0.001388888888888889
5 0.812109375 0.7486111111111111 0.05234375 0.016666666666666666
5 0.782421875 0.7416666666666667 0.05078125 0.016666666666666666
8 0.812109375 0.7659722222222223 0.05859375 0.0375
5 0.646875 0.8881944444444444 0.0578125 0.034722222222222224
8 0.982421875 0.8152777777777778 0.02421875 0.03333333333333333
8 0.972265625 0.8111111111111111 0.00390625 0.019444444444444445
2 0.826171875 0.6625 0.02109375 0.03333333333333333
2 0.833984375 0.7027777777777777 0.06171875 0.03888888888888889
2 0.955859375 0.6652777777777777 0.02109375 0.002777777777777778
2 0.8234375 0.6430555555555556 0.01875 0.002777777777777778
8 0.627734375 0.9506944444444444 0.09296875 0.08194444444444444
5 0.984765625 0.79375 0.02890625 0.020833333333333332
0 0.44296875 0.6986111111111111 0.0703125 0.15833333333333333
2 0.83515625 0.6388888888888888 0.0328125 0.005555555555555556
2 0.931640625 0.6326388888888889 0.01640625 0.001388888888888889
5 0.6671875 0.9111111111111111 0.0171875 0.022222222222222223
2 0.640234375 0.6534722222222222 0.06328125 0.043055555555555555
8 0.644921875 0.90625 0.06171875 0.06805555555555555
8 0.9796875 0.7895833333333333 0.0390625 0.020833333333333332
8 0.664453125 0.9256944444444445 0.02109375 0.04027777777777778
8 0.518359375 0.8881944444444444 0.08046875 0.06805555555555555
2 0.941015625 0.6826388888888889 0.02265625 0.034722222222222224
5 0.626953125 0.9298611111111111 0.08359375 0.04027777777777778
2 0.98046875 0.6388888888888888 0.01875 0.027777777777777776
2 0.99140625 0.7118055555555556 0.015625 0.004166666666666667
2 0.89140625 0.6430555555555556 0.009375 0.027777777777777776
5 0.5515625 0.8881944444444444 0.0765625 0.034722222222222224
4 0.55234375 0.9430555555555555 0.015625 0.10277777777777777
5 0.792578125 0.7256944444444444 0.04765625 0.015277777777777777
2 0.846875 0.6638888888888889 0.034375 0.03333333333333333
2 0.839453125 0.6458333333333334 0.01953125 0.002777777777777778
2 0.964453125 0.7333333333333333 0.06953125 0.044444444444444446
2 0.867578125 0.6416666666666667 0.01953125 0.002777777777777778
2 0.981640625 0.6604166666666667 0.02265625 0.004166666666666667
6 0.551171875 0.7368055555555556 0.07734375 0.10972222222222222
2 0.87578125 0.6597222222222222 0.034375 0.03333333333333333
6 0.550390625 0.8166666666666667 0.07421875 0.08888888888888889
2 0.980859375 0.6888888888888889 0.03671875 0.03888888888888889
8 0.753125 0.7479166666666667 0.0546875 0.034722222222222224
2 0.958984375 0.6263888888888889 0.02890625 0.013888888888888888
2 0.673828125 0.7166666666666667 0.00390625 0.03333333333333333
2 0.95859375 0.6840277777777778 0.025 0.03194444444444444
2 0.923828125 0.6305555555555555 0.01328125 0.002777777777777778
8 0.99609375 0.8201388888888889 0.00625 0.034722222222222224
1 0.9515625 0.6520833333333333 0.0234375 0.015277777777777777
5 0.584375 0.8541666666666666 0.0703125 0.030555555555555555
5 0.587109375 0.90625 0.07890625 0.0375
5 0.30390625 0.7284722222222222 0.0625 0.02361111111111111
8 0.587890625 0.9263888888888889 0.08828125 0.075
5 0.61953125 0.8715277777777778 0.0734375 0.03194444444444444
8 0.872265625 0.7638888888888888 0.03046875 0.030555555555555555
5 0.875390625 0.75 0.03046875 0.016666666666666666
2 0.99296875 0.6625 0.0125 0.002777777777777778
2 0.853515625 0.6395833333333333 0.01796875 0.001388888888888889
2 0.92421875 0.6472222222222223 0.0140625 0.027777777777777776
6 0.476171875 0.7861111111111111 0.06640625 0.10277777777777777
2 0.6078125 0.6847222222222222 0.0 0.0
2 0.59140625 0.7069444444444445 0.0328125 0.044444444444444446
2 0.659375 0.6479166666666667 0.0328125 0.04027777777777778
2 0.96015625 0.6590277777777778 0.034375 0.006944444444444444
2 0.8125 0.6590277777777778 0.0203125 0.03194444444444444
2 0.8421875 0.6423611111111112 0.0203125 0.004166666666666667
1 0.9703125 0.6347222222222222 0.0578125 0.05
2 0.959375 0.6555555555555556 0.0 0.0
5 0.852734375 0.7409722222222223 0.05078125 0.015277777777777777
5 0.95078125 0.7694444444444445 0.05 0.013888888888888888
2 0.640234375 0.6868055555555556 0.06328125 0.04027777777777778
8 0.551953125 0.9083333333333333 0.08515625 0.07222222222222222
5 0.8453125 0.7590277777777777 0.053125 0.018055555555555554
2 0.995703125 0.66875 0.00703125 0.004166666666666667
2 0.893359375 0.6680555555555555 0.00078125 0.005555555555555556
2 0.92421875 0.7243055555555555 0.015625 0.0375
2 0.9875 0.6659722222222222 0.0234375 0.004166666666666667
5 0.30390625 0.7166666666666667 0.0625 0.022222222222222223
2 0.975 0.6229166666666667 0.0171875 0.001388888888888889
8 0.6203125 0.8923611111111112 0.08125 0.04861111111111111
8 0.852734375 0.7576388888888889 0.05703125 0.034722222222222224
2 0.933203125 0.6798611111111111 0.03359375 0.0375
5 0.226953125 0.7527777777777778 0.06640625 0.025
8 0.823046875 0.7423611111111111 0.05546875 0.020833333333333332
8 0.845703125 0.7763888888888889 0.06015625 0.03888888888888889
2 0.991015625 0.6409722222222223 0.01328125 0.029166666666666667
2 0.80625 0.6569444444444444 0.0328125 0.03333333333333333
5 0.518359375 0.86875 0.07265625 0.03194444444444444
2 0.96953125 0.6680555555555555 0.01875 0.002777777777777778
5 0.984765625 0.8159722222222222 0.02890625 0.02361111111111111
2 0.942578125 0.6472222222222223 0.03203125 0.027777777777777776
8 0.79296875 0.73125 0.053125 0.015277777777777777
8 0.949609375 0.7722222222222223 0.05859375 0.011111111111111112
2 0.966796875 0.6368055555555555 0.01796875 0.029166666666666667
2 0.92890625 0.70625 0.00625 0.001388888888888889
5 0.997265625 0.8041666666666667 0.00390625 0.005555555555555556
2 0.673828125 0.6840277777777778 0.00390625 0.03194444444444444
5 0.30390625 0.7409722222222223 0.0625 0.02361111111111111
2 0.990234375 0.6243055555555556 0.01484375 0.001388888888888889
2 0.972265625 0.6631944444444444 0.02578125 0.006944444444444444
1 0.92265625 0.6625 0.078125 0.08611111111111111
8 0.984765625 0.83125 0.02890625 0.029166666666666667
5 0.30390625 0.7520833333333333 0.0625 0.02361111111111111
8 0.7828125 0.7576388888888889 0.05625 0.034722222222222224
8 0.58515625 0.8715277777777778 0.078125 0.043055555555555555
5 0.82265625 0.7340277777777777 0.05 0.015277777777777777
