5 0.1375 0.6708333333333333 0.0078125 0.002777777777777778
0 0.5125 0.6534722222222222 0.0578125 0.11805555555555555
5 0.22265625 0.6715277777777777 0.046875 0.009722222222222222
7 0.120703125 0.64375 0.02578125 0.006944444444444444
2 0.445703125 0.775 0.03203125 0.03333333333333333
7 0.290234375 0.7777777777777778 0.01015625 0.016666666666666666
5 0.1421875 0.6902777777777778 0.0125 0.008333333333333333
2 0.344140625 0.8006944444444445 0.09609375 0.05138888888888889
5 0.22265625 0.7055555555555556 0.046875 0.011111111111111112
5 0.22265625 0.7194444444444444 0.046875 0.011111111111111112
5 0.556640625 0.6923611111111111 0.01953125 0.009722222222222222
6 0.494140625 0.6534722222222222 0.03359375 0.04583333333333333
5 0.22265625 0.6597222222222222 0.046875 0.008333333333333333
5 0.401171875 0.66875 0.02734375 0.006944444444444444
1 0.168359375 0.6416666666666667 0.05390625 0.044444444444444446
5 0.1421875 0.7048611111111112 0.0125 0.006944444444444444
5 0.558984375 0.6555555555555556 0.01015625 0.005555555555555556
5 0.133984375 0.6645833333333333 0.02265625 0.006944444444444444
5 0.558984375 0.65 0.01015625 0.005555555555555556
5 0.521875 0.7229166666666667 0.0453125 0.0125
7 0.17734375 0.6375 0.0015625 0.005555555555555556
4 0.24296875 0.6777777777777778 0.00625 0.03888888888888889
5 0.190234375 0.6881944444444444 0.02890625 0.009722222222222222
5 0.190234375 0.7208333333333333 0.02890625 0.011111111111111112
5 0.22265625 0.6375 0.046875 0.008333333333333333
5 0.391796875 0.6631944444444444 0.03046875 0.004166666666666667
5 0.1421875 0.6840277777777778 0.0125 0.006944444444444444
1 0.330859375 0.6270833333333333 0.03515625 0.034722222222222224
5 0.1421875 0.6972222222222222 0.0125 0.008333333333333333
5 0.1421875 0.7166666666666667 0.0125 0.008333333333333333
8 0.396875 0.6826388888888889 0.0171875 0.02361111111111111
5 0.394921875 0.6715277777777777 0.01484375 0.006944444444444444
0 0.565234375 0.6340277777777777 0.00234375 0.06527777777777778
7 0.253515625 0.6881944444444444 0.02734375 0.0125
5 0.1421875 0.6784722222222223 0.0125 0.006944444444444444
6 0.30546875 0.6798611111111111 0.0328125 0.059722222222222225
8 0.55546875 0.7041666666666667 0.021875 0.022222222222222223
2 0.375390625 0.7444444444444445 0.07734375 0.06111111111111111
2 0.344140625 0.7527777777777778 0.09609375 0.06388888888888888
5 0.162109375 0.6659722222222222 0.03203125 0.001388888888888889
1 0.254296875 0.6298611111111111 0.02578125 0.029166666666666667
1 0.311328125 0.6277777777777778 0.04453125 0.03611111111111111
0 0.35234375 0.6645833333333333 0.0734375 0.11805555555555555
5 0.116015625 0.6673611111111111 0.02890625 0.004166666666666667
5 0.558984375 0.6354166666666666 0.01015625 0.006944444444444444
5 0.22265625 0.6861111111111111 0.046875 0.008333333333333333
5 0.15859375 0.6715277777777777 0.0453125 0.006944444444444444
7 0.141015625 0.6409722222222223 0.01484375 0.006944444444444444
1 0.30234375 0.6284722222222222 0.03125 0.034722222222222224
7 0.11796875 0.6708333333333333 0.03125 0.011111111111111112
8 0.109765625 0.7125 0.04296875 0.03333333333333333
7 0.59921875 0.9506944444444444 0.0046875 0.02638888888888889
8 0.534765625 0.7173611111111111 0.05078125 0.034722222222222224
7 0.197265625 0.8104166666666667 0.04296875 0.02638888888888889
7 0.204296875 0.6381944444444444 0.00078125 0.001388888888888889
5 0.22265625 0.6986111111111111 0.046875 0.011111111111111112
2 0.499609375 0.7215277777777778 0.00078125 0.020833333333333332
1 0.278125 0.6291666666666667 0.040625 0.027777777777777776
2 0.59765625 0.7284722222222222 0.0078125 0.020833333333333332
7 0.2640625 0.7895833333333333 0.0625 0.020833333333333332
1 0.23203125 0.625 0.040625 0.019444444444444445
4 0.109765625 0.6965277777777777 0.00703125 0.04861111111111111
5 0.22265625 0.6243055555555556 0.046875 0.009722222222222222
7 0.117578125 0.8270833333333333 0.06015625 0.029166666666666667
5 0.22265625 0.6319444444444444 0.046875 0.008333333333333333
5 0.55859375 0.6423611111111112 0.009375 0.006944444444444444
5 0.190625 0.6743055555555556 0.028125 0.009722222222222222
2 0.450390625 0.7291666666666666 0.08515625 0.05555555555555555
8 0.393359375 0.675 0.00546875 0.019444444444444445
5 0.190234375 0.7083333333333334 0.02890625 0.011111111111111112
0 0.59765625 0.8680555555555556 0.0078125 0.03611111111111111
6 0.330078125 0.6708333333333333 0.03671875 0.05
5 0.190234375 0.7145833333333333 0.02890625 0.009722222222222222
2 0.9078125 0.6993055555555555 0.0125 0.02638888888888889
2 0.403515625 0.7868055555555555 0.02109375 0.03194444444444444
5 0.14609375 0.6722222222222223 0.0 0.0
3 0.5125 0.8166666666666667 0.8515625 0.3638888888888889
8 0.245703125 0.7006944444444444 0.01171875 0.02361111111111111
5 0.419140625 0.6666666666666666 0.03359375 0.005555555555555556
7 0.124609375 0.7305555555555555 0.04609375 0.016666666666666666
5 0.22265625 0.6652777777777777 0.046875 0.008333333333333333
8 0.54140625 0.7270833333333333 0.05 0.020833333333333332
5 0.22265625 0.7125 0.046875 0.011111111111111112
5 0.542578125 0.71875 0.04765625 0.0125
5 0.162109375 0.6576388888888889 0.03203125 0.004166666666666667
2 0.477734375 0.7659722222222223 0.03046875 0.03194444444444444
5 0.532421875 0.6409722222222223 0.03359375 0.006944444444444444
7 0.094140625 0.7395833333333334 0.01171875 0.015277777777777777
1 0.13515625 0.6416666666666667 0.0265625 0.03611111111111111
5 0.190234375 0.6826388888888889 0.02890625 0.006944444444444444
8 0.4203125 0.6756944444444445 0.0375 0.020833333333333332
1 0.9078125 0.7166666666666667 0.0125 0.022222222222222223
6 0.45390625 0.6194444444444445 0.0390625 0.041666666666666664
5 0.244140625 0.6895833333333333 0.01015625 0.006944444444444444
1 0.33828125 0.6243055555555556 0.0203125 0.029166666666666667
5 0.22265625 0.6451388888888889 0.046875 0.006944444444444444
5 0.222265625 0.7256944444444444 0.04609375 0.0125
5 0.22265625 0.6916666666666667 0.046875 0.011111111111111112
2 0.555859375 0.7666666666666667 0.09140625 0.06666666666666667
5 0.190234375 0.7013888888888888 0.02890625 0.011111111111111112
6 0.47265625 0.65625 0.0328125 0.04861111111111111
8 0.405078125 0.6805555555555556 0.01953125 0.019444444444444445
8 0.5234375 0.7368055555555556 0.0484375 0.029166666666666667
5 0.11875 0.6625 0.0328125 0.005555555555555556
2 0.417578125 0.7361111111111112 0.08828125 0.058333333333333334
7 0.56953125 0.9826388888888888 0.0640625 0.03194444444444444
6 0.453515625 0.6604166666666667 0.03828125 0.04861111111111111
5 0.3828125 0.6645833333333333 0.0109375 0.001388888888888889
5 0.22265625 0.6784722222222223 0.046875 0.009722222222222222
5 0.1421875 0.7111111111111111 0.0125 0.005555555555555556
5 0.544921875 0.6472222222222223 0.00859375 0.005555555555555556
5 0.190234375 0.6944444444444444 0.02890625 0.011111111111111112
5 0.162109375 0.6631944444444444 0.03203125 0.004166666666666667
5 0.22265625 0.6527777777777778 0.046875 0.008333333333333333
5 0.544921875 0.6534722222222222 0.00859375 0.006944444444444444
2 0.555859375 0.8229166666666666 0.09140625 0.059722222222222225
