3 0.499609375 0.8729166666666667 0.99921875 0.2513888888888889
4 0.38515625 0.8625 0.009375 0.09722222222222222
4 0.41015625 0.9236111111111112 0.05 0.125
4 0.45625 0.9506944444444444 0.0046875 0.09583333333333334
4 0.4703125 0.9701388888888889 0.053125 0.05694444444444444
5 0.317578125 0.7555555555555555 0.05546875 0.013888888888888888
5 0.317578125 0.7555555555555555 0.05546875 0.013888888888888888
5 0.317578125 0.7555555555555555 0.05546875 0.013888888888888888
5 0.31796875 0.74375 0.0546875 0.015277777777777777
5 0.31796875 0.74375 0.0546875 0.015277777777777777
5 0.31796875 0.74375 0.0546875 0.015277777777777777
5 0.317578125 0.7666666666666667 0.05546875 0.013888888888888888
5 0.317578125 0.7666666666666667 0.05546875 0.013888888888888888
5 0.317578125 0.7666666666666667 0.05546875 0.013888888888888888
5 0.39375 0.7631944444444444 0.0546875 0.0125
5 0.39375 0.7631944444444444 0.0546875 0.0125
5 0.39375 0.7631944444444444 0.0546875 0.0125
5 0.39375 0.7527777777777778 0.0546875 0.013888888888888888
5 0.39375 0.7527777777777778 0.0546875 0.013888888888888888
5 0.39375 0.7527777777777778 0.0546875 0.013888888888888888
5 0.39375 0.7416666666666667 0.0546875 0.013888888888888888
5 0.39375 0.7416666666666667 0.0546875 0.013888888888888888
5 0.39375 0.7416666666666667 0.0546875 0.013888888888888888
5 0.39375 0.7298611111111111 0.0546875 0.015277777777777777
5 0.39375 0.7298611111111111 0.0546875 0.015277777777777777
5 0.39375 0.7298611111111111 0.0546875 0.015277777777777777
6 0.509765625 0.7805555555555556 0.05546875 0.06111111111111111
6 0.471484375 0.7763888888888889 0.03828125 0.08888888888888889
6 0.511328125 0.7152777777777778 0.05859375 0.09444444444444444
6 0.491796875 0.7798611111111111 0.05078125 0.08472222222222223
6 0.5640625 0.8701388888888889 0.096875 0.13472222222222222
6 0.631640625 0.8923611111111112 0.11640625 0.14583333333333334
7 0.255078125 0.9958333333333333 0.05078125 0.005555555555555556
7 0.3125 0.8541666666666666 0.075 0.025
7 0.346484375 0.9395833333333333 0.09765625 0.0375
5 0.634765625 0.9618055555555556 0.06640625 0.018055555555555554
8 0.5203125 0.98125 0.0453125 0.034722222222222224
5 0.525390625 0.9784722222222222 0.04921875 0.04027777777777778
8 0.46796875 0.8854166666666666 0.0828125 0.059722222222222225
5 0.4671875 0.8618055555555556 0.075 0.02361111111111111
8 0.4546875 0.8673611111111111 0.0734375 0.059722222222222225
5 0.45546875 0.8451388888888889 0.0703125 0.018055555555555554
8 0.41484375 0.8569444444444444 0.015625 0.05277777777777778
5 0.43984375 0.8354166666666667 0.0609375 0.018055555555555554
8 0.434375 0.8423611111111111 0.0703125 0.05138888888888889
5 0.433203125 0.8222222222222222 0.06328125 0.013888888888888888
8 0.496875 0.8409722222222222 0.021875 0.029166666666666667
5 0.50234375 0.8326388888888889 0.0265625 0.018055555555555554
8 0.48671875 0.8333333333333334 0.009375 0.019444444444444445
5 0.498828125 0.8201388888888889 0.03359375 0.015277777777777777
8 0.509375 0.8645833333333334 0.0125 0.05416666666666667
5 0.509765625 0.8430555555555556 0.01171875 0.016666666666666666
8 0.51484375 0.8631944444444445 0.0015625 0.02361111111111111
5 0.909765625 0.7645833333333333 0.00703125 0.001388888888888889
8 0.906640625 0.7625 0.00078125 0.0
8 0.974609375 0.7881944444444444 0.02421875 0.009722222222222222
5 0.97265625 0.7826388888888889 0.0203125 0.0125
8 0.804296875 0.7791666666666667 0.01953125 0.03611111111111111
5 0.811328125 0.7652777777777777 0.02890625 0.011111111111111112
8 0.817578125 0.7715277777777778 0.00703125 0.006944444444444444
5 0.820703125 0.7708333333333334 0.00703125 0.008333333333333333
8 0.97734375 0.8506944444444444 0.04375 0.05694444444444444
5 0.977734375 0.8305555555555556 0.04296875 0.022222222222222223
8 0.9796875 0.8055555555555556 0.03125 0.022222222222222223
5 0.983203125 0.7965277777777777 0.03203125 0.0125
8 0.97890625 0.8291666666666667 0.040625 0.04722222222222222
5 0.98046875 0.8118055555555556 0.0375 0.018055555555555554
8 0.9703125 0.8381944444444445 0.028125 0.04027777777777778
5 0.9671875 0.8166666666666667 0.0234375 0.016666666666666666
0 0.8921875 0.7777777777777778 0.1359375 0.2361111111111111
0 0.512890625 0.7125 0.05546875 0.14722222222222223
1 0.98671875 0.7284722222222222 0.025 0.11527777777777778
2 0.973046875 0.6826388888888889 0.02421875 0.001388888888888889
2 0.98984375 0.7041666666666667 0.01875 0.03333333333333333
2 0.98046875 0.7472222222222222 0.0375 0.03888888888888889
2 0.961328125 0.6861111111111111 0.00078125 0.0
2 0.991015625 0.6840277777777778 0.01171875 0.001388888888888889
2 0.98203125 0.6868055555555556 0.015625 0.001388888888888889
2 0.994921875 0.6854166666666667 0.00859375 0.001388888888888889
1 0.9453125 0.7298611111111111 0.0796875 0.10416666666666667
2 0.908984375 0.7430555555555556 0.00703125 0.030555555555555555
2 0.908984375 0.7069444444444445 0.00703125 0.016666666666666666
2 0.97109375 0.7048611111111112 0.0203125 0.034722222222222224
2 0.971875 0.7493055555555556 0.0203125 0.0375
2 0.9609375 0.6875 0.0 0.0
2 0.69296875 0.7472222222222222 0.021875 0.03888888888888889
2 0.733984375 0.7555555555555555 0.05859375 0.041666666666666664
2 0.784375 0.75625 0.0421875 0.034722222222222224
2 0.733203125 0.7208333333333333 0.05859375 0.03888888888888889
2 0.784375 0.7215277777777778 0.0421875 0.034722222222222224
2 0.733203125 0.6881944444444444 0.05859375 0.0375
2 0.775390625 0.6868055555555556 0.06015625 0.0375
5 0.616796875 0.9701388888888889 0.13359375 0.05694444444444444
5 0.616796875 0.9840277777777777 0.13359375 0.029166666666666667
5 0.59765625 0.9944444444444445 0.0953125 0.008333333333333333
5 0.74296875 0.9875 0.1171875 0.022222222222222223
5 0.7328125 0.9979166666666667 0.0765625 0.001388888888888889
5 0.748828125 0.9777777777777777 0.13671875 0.041666666666666664
5 0.7484375 0.9604166666666667 0.1375 0.05694444444444444
5 0.866015625 0.9819444444444444 0.09765625 0.03333333333333333
5 0.86328125 0.9916666666666667 0.090625 0.013888888888888888
5 0.865234375 0.9722222222222222 0.09921875 0.05
5 0.865234375 0.9513888888888888 0.09921875 0.04722222222222222
5 0.8640625 0.83125 0.0984375 0.0375
5 0.864453125 0.8527777777777777 0.09921875 0.03888888888888889
5 0.864453125 0.89375 0.09921875 0.043055555555555555
5 0.864453125 0.8736111111111111 0.09921875 0.041666666666666664
5 0.865234375 0.9326388888888889 0.09921875 0.04583333333333333
5 0.841015625 0.9125 0.05078125 0.044444444444444446
5 0.8640625 0.8138888888888889 0.0984375 0.03611111111111111
5 0.8640625 0.7916666666666666 0.0984375 0.03611111111111111
