3 0.499609375 0.8798611111111111 0.99921875 0.2375
4 0.1296875 0.7958333333333333 0.0078125 0.07222222222222222
4 0.017578125 0.7597222222222222 0.00234375 0.027777777777777776
6 0.00546875 0.7402777777777778 0.0109375 0.03888888888888889
8 0.16328125 0.9201388888888888 0.1359375 0.11527777777777778
5 0.6296875 0.7826388888888889 0.028125 0.0125
5 0.6296875 0.7826388888888889 0.028125 0.0125
5 0.6296875 0.7826388888888889 0.028125 0.0125
5 0.629296875 0.7715277777777778 0.02734375 0.0125
5 0.629296875 0.7715277777777778 0.02734375 0.0125
5 0.629296875 0.7715277777777778 0.02734375 0.0125
5 0.63046875 0.79375 0.0296875 0.0125
5 0.63046875 0.79375 0.0296875 0.0125
5 0.63046875 0.79375 0.0296875 0.0125
6 0.39140625 0.7881944444444444 0.075 0.0875
6 0.495703125 0.7833333333333333 0.06953125 0.08611111111111111
6 0.391796875 0.7083333333333334 0.07578125 0.08611111111111111
6 0.445703125 0.7861111111111111 0.07265625 0.08888888888888889
6 0.089453125 0.8020833333333334 0.06953125 0.10694444444444444
6 0.0171875 0.8048611111111111 0.034375 0.10694444444444444
7 0.266796875 0.8180555555555555 0.00078125 0.0
7 0.0203125 0.8263888888888888 0.040625 0.022222222222222223
7 0.21015625 0.7652777777777777 0.0265625 0.008333333333333333
7 0.24765625 0.7645833333333333 0.0265625 0.009722222222222222
7 0.156640625 0.7673611111111112 0.02734375 0.009722222222222222
8 0.145703125 0.8222222222222222 0.04453125 0.03888888888888889
5 0.1453125 0.8006944444444445 0.04375 0.0125
8 0.193359375 0.8166666666666667 0.05859375 0.041666666666666664
5 0.19296875 0.7979166666666667 0.053125 0.0125
8 0.23828125 0.81875 0.0515625 0.03194444444444444
5 0.235546875 0.7958333333333333 0.05234375 0.011111111111111112
8 0.2734375 0.8201388888888889 0.0234375 0.015277777777777777
5 0.265234375 0.7909722222222222 0.01640625 0.004166666666666667
8 0.253125 0.8222222222222222 0.0390625 0.03888888888888889
5 0.25390625 0.8006944444444445 0.0375 0.0125
8 0.2203125 0.8229166666666666 0.0640625 0.04583333333333333
5 0.219140625 0.8041666666666667 0.05703125 0.013888888888888888
8 0.165625 0.8263888888888888 0.0640625 0.04722222222222222
5 0.164453125 0.8069444444444445 0.05703125 0.013888888888888888
8 0.866015625 0.8659722222222223 0.06640625 0.05416666666666667
5 0.863671875 0.8354166666666667 0.06953125 0.020833333333333332
8 0.882421875 0.8680555555555556 0.00859375 0.019444444444444445
5 0.886328125 0.825 0.02421875 0.005555555555555556
8 0.839453125 0.8673611111111111 0.10390625 0.06527777777777778
5 0.8375 0.8402777777777778 0.0953125 0.022222222222222223
8 0.79453125 0.8763888888888889 0.0953125 0.06388888888888888
5 0.791015625 0.8458333333333333 0.08828125 0.022222222222222223
8 0.862890625 0.8479166666666667 0.04453125 0.05138888888888889
5 0.84140625 0.8201388888888889 0.0828125 0.0125
8 0.800390625 0.8520833333333333 0.08515625 0.05416666666666667
5 0.79765625 0.8229166666666666 0.084375 0.0125
8 0.78046875 0.8583333333333333 0.0546875 0.05555555555555555
5 0.775 0.8277777777777777 0.05625 0.013888888888888888
8 0.7109375 0.8576388888888888 0.0984375 0.05416666666666667
5 0.708984375 0.8347222222222223 0.08828125 0.019444444444444445
8 0.488671875 0.9076388888888889 0.12578125 0.07916666666666666
5 0.489453125 0.8715277777777778 0.11328125 0.029166666666666667
8 0.54296875 0.9222222222222223 0.134375 0.08611111111111111
5 0.543359375 0.8840277777777777 0.12109375 0.03194444444444444
8 0.447265625 0.9 0.07734375 0.06666666666666667
5 0.45234375 0.8631944444444445 0.0875 0.02638888888888889
8 0.3953125 0.88125 0.1015625 0.0625
5 0.40078125 0.8527777777777777 0.1 0.022222222222222223
8 0.6796875 0.8861111111111111 0.1140625 0.07222222222222222
5 0.678125 0.8555555555555555 0.1015625 0.025
8 0.621484375 0.8951388888888889 0.11796875 0.0763888888888889
5 0.61953125 0.8625 0.1046875 0.027777777777777776
8 0.53828125 0.8847222222222222 0.109375 0.06944444444444445
5 0.540234375 0.8527777777777777 0.10078125 0.022222222222222223
8 0.493359375 0.8729166666666667 0.10390625 0.0625
5 0.494921875 0.8430555555555556 0.09453125 0.016666666666666666
8 0.008203125 0.9659722222222222 0.01640625 0.06527777777777778
5 0.003125 0.9375 0.00625 0.027777777777777776
8 0.0796875 0.9541666666666667 0.13125 0.08888888888888889
5 0.07734375 0.9208333333333333 0.115625 0.044444444444444446
0 0.322265625 0.7611111111111111 0.18515625 0.2722222222222222
0 0.699609375 0.7368055555555556 0.11328125 0.16805555555555557
1 0.418359375 0.7347222222222223 0.01640625 0.07222222222222222
1 0.350390625 0.7298611111111111 0.02734375 0.0625
1 0.344140625 0.7284722222222222 0.02578125 0.059722222222222225
1 0.3421875 0.7305555555555555 0.0359375 0.06388888888888888
1 0.33828125 0.7298611111111111 0.0296875 0.0625
1 0.29921875 0.7368055555555556 0.0546875 0.0763888888888889
1 0.30078125 0.7090277777777778 0.053125 0.020833333333333332
1 0.074609375 0.7472222222222222 0.08515625 0.1
1 0.061328125 0.7416666666666667 0.08359375 0.08888888888888889
1 0.996484375 0.8125 0.00546875 0.24722222222222223
1 0.94375 0.8222222222222222 0.109375 0.26666666666666666
2 0.984375 0.8125 0.0234375 0.002777777777777778
2 0.94609375 0.7576388888888889 0.0984375 0.07916666666666666
2 0.9484375 0.8604166666666667 0.1 0.09583333333333334
2 0.97578125 0.7166666666666667 0.0359375 0.0
2 0.940234375 0.7166666666666667 0.03359375 0.0
2 0.983203125 0.7166666666666667 0.00078125 0.0
2 0.926171875 0.8118055555555556 0.05546875 0.015277777777777777
2 0.97109375 0.8104166666666667 0.003125 0.004166666666666667
2 0.897265625 0.76875 0.00078125 0.04583333333333333
2 0.923828125 0.7194444444444444 0.05546875 0.05
2 0.980078125 0.7048611111111112 0.02734375 0.020833333333333332
5 0.015625 0.7895833333333333 0.0171875 0.006944444444444444
5 0.013671875 0.8006944444444445 0.01640625 0.001388888888888889
5 0.019921875 0.79375 0.03984375 0.009722222222222222
5 0.01875 0.8006944444444445 0.0375 0.006944444444444444
5 0.019921875 0.7875 0.03984375 0.008333333333333333
5 0.01953125 0.7784722222222222 0.0375 0.009722222222222222
