3 0.50546875 0.88125 0.9875 0.23472222222222222
4 0.075390625 0.9243055555555556 0.02578125 0.11527777777777778
5 0.41875 0.7618055555555555 0.0359375 0.009722222222222222
5 0.41875 0.7618055555555555 0.0359375 0.009722222222222222
5 0.41875 0.7618055555555555 0.0359375 0.009722222222222222
5 0.427734375 0.7486111111111111 0.05390625 0.013888888888888888
5 0.427734375 0.7486111111111111 0.05390625 0.013888888888888888
5 0.427734375 0.7486111111111111 0.05390625 0.013888888888888888
5 0.426953125 0.7729166666666667 0.05234375 0.009722222222222222
5 0.426953125 0.7729166666666667 0.05234375 0.009722222222222222
5 0.426953125 0.7729166666666667 0.05234375 0.009722222222222222
5 0.503515625 0.7722222222222223 0.05234375 0.013888888888888888
5 0.503515625 0.7722222222222223 0.05234375 0.013888888888888888
5 0.503515625 0.7722222222222223 0.05234375 0.013888888888888888
5 0.50625 0.7618055555555555 0.046875 0.015277777777777777
5 0.50625 0.7618055555555555 0.046875 0.015277777777777777
5 0.50625 0.7618055555555555 0.046875 0.015277777777777777
5 0.503125 0.75 0.053125 0.013888888888888888
5 0.503125 0.75 0.053125 0.013888888888888888
5 0.503125 0.75 0.053125 0.013888888888888888
5 0.503125 0.7381944444444445 0.053125 0.015277777777777777
5 0.503125 0.7381944444444445 0.053125 0.015277777777777777
5 0.503125 0.7381944444444445 0.053125 0.015277777777777777
6 0.453515625 0.8159722222222222 0.05859375 0.10694444444444444
6 0.479296875 0.7902777777777777 0.05078125 0.09444444444444444
6 0.45546875 0.7284722222222222 0.0625 0.10138888888888889
6 0.46875 0.8020833333333334 0.053125 0.10138888888888889
6 0.334375 0.8958333333333334 0.078125 0.14444444444444443
6 0.3265625 0.9215277777777777 0.0625 0.15416666666666667
7 0.090625 0.9409722222222222 0.096875 0.0375
8 0.12578125 0.9847222222222223 0.0 0.0
5 0.153125 0.9909722222222223 0.05 0.015277777777777777
8 0.09453125 0.9951388888888889 0.0109375 0.006944444444444444
5 0.05625 0.9888888888888889 0.0859375 0.019444444444444445
8 0.374609375 0.8354166666666667 0.00234375 0.009722222222222222
5 0.33984375 0.8291666666666667 0.05625 0.005555555555555556
8 0.42890625 0.8736111111111111 0.01875 0.05555555555555555
5 0.402734375 0.85 0.06015625 0.016666666666666666
8 0.414453125 0.8597222222222223 0.07734375 0.05277777777777778
5 0.413671875 0.8388888888888889 0.06953125 0.019444444444444445
8 0.400390625 0.8881944444444444 0.05390625 0.059722222222222225
5 0.397265625 0.8652777777777778 0.04921875 0.022222222222222223
8 0.39140625 0.9055555555555556 0.0359375 0.06388888888888888
5 0.38828125 0.8826388888888889 0.03125 0.02361111111111111
8 0.971484375 0.8347222222222223 0.01953125 0.044444444444444446
5 0.981640625 0.8180555555555555 0.03515625 0.013888888888888888
8 0.973828125 0.8166666666666667 0.04296875 0.025
5 0.976953125 0.8069444444444445 0.04453125 0.011111111111111112
8 0.9859375 0.8465277777777778 0.0234375 0.04861111111111111
5 0.98828125 0.8291666666666667 0.021875 0.016666666666666666
8 0.992578125 0.8520833333333333 0.01328125 0.0375
5 0.994140625 0.8395833333333333 0.01015625 0.015277777777777777
8 0.91171875 0.8236111111111111 0.0671875 0.044444444444444446
5 0.910546875 0.8048611111111111 0.06015625 0.009722222222222222
8 0.91640625 0.8333333333333334 0.0640625 0.04722222222222222
5 0.91875 0.8152777777777778 0.0640625 0.013888888888888888
8 0.93125 0.8444444444444444 0.0734375 0.05
5 0.930078125 0.8236111111111111 0.06640625 0.011111111111111112
8 0.940625 0.85625 0.078125 0.05138888888888889
5 0.93984375 0.8388888888888889 0.0703125 0.019444444444444445
8 0.98671875 0.9340277777777778 0.025 0.07916666666666666
5 0.988671875 0.9083333333333333 0.02109375 0.030555555555555555
8 0.934375 0.93125 0.075 0.08194444444444444
5 0.93359375 0.90625 0.065625 0.034722222222222224
8 0.978515625 0.90625 0.04140625 0.07083333333333333
5 0.980078125 0.8819444444444444 0.03828125 0.025
8 0.9203125 0.9027777777777778 0.0671875 0.06944444444444445
5 0.91953125 0.8784722222222222 0.059375 0.02638888888888889
0 0.762109375 0.8673611111111111 0.13515625 0.2625
0 0.776171875 0.8201388888888889 0.08671875 0.2791666666666667
0 0.5875 0.7270833333333333 0.0515625 0.1597222222222222
1 0.078125 0.7277777777777777 0.0671875 0.10555555555555556
1 0.05234375 0.7326388888888888 0.0765625 0.10972222222222222
1 0.01640625 0.7270833333333333 0.0046875 0.10138888888888889
2 0.827734375 0.7770833333333333 0.00546875 0.04583333333333333
2 0.884375 0.7777777777777778 0.0 0.041666666666666664
2 0.85703125 0.7888888888888889 0.053125 0.05
2 0.9125 0.7847222222222222 0.05625 0.041666666666666664
2 0.85703125 0.7486111111111111 0.053125 0.04722222222222222
2 0.9125 0.7506944444444444 0.05625 0.04861111111111111
2 0.856640625 0.7104166666666667 0.05390625 0.04583333333333333
2 0.912109375 0.7104166666666667 0.05546875 0.04583333333333333
5 0.007421875 0.9868055555555556 0.01484375 0.02361111111111111
5 0.01171875 0.9986111111111111 0.0015625 0.0
5 0.082421875 0.9881944444444445 0.13828125 0.020833333333333332
5 0.259765625 0.9958333333333333 0.10234375 0.005555555555555556
5 0.233984375 0.8840277777777777 0.15390625 0.04861111111111111
5 0.233984375 0.9076388888888889 0.15390625 0.05138888888888889
5 0.23359375 0.95625 0.1546875 0.05694444444444444
5 0.233984375 0.9319444444444445 0.15390625 0.05555555555555555
5 0.24140625 0.9854166666666667 0.1390625 0.02638888888888889
5 0.23359375 0.9736111111111111 0.1546875 0.05
5 0.234375 0.8604166666666667 0.1546875 0.04861111111111111
5 0.234375 0.8354166666666667 0.1546875 0.04861111111111111
