2 0.51796875 0.5909722222222222 0.0203125 0.020833333333333332
1 0.7140625 0.7 0.1140625 0.1527777777777778
2 0.4796875 0.6548611111111111 0.0265625 0.006944444444444444
2 0.509765625 0.6465277777777778 0.02578125 0.009722222222222222
2 0.50390625 0.6208333333333333 0.0234375 0.027777777777777776
5 0.597265625 0.8555555555555555 0.05390625 0.044444444444444446
2 0.499609375 0.5888888888888889 0.02265625 0.025
7 0.869140625 0.6923611111111111 0.03515625 0.029166666666666667
2 0.692578125 0.6083333333333333 0.02265625 0.005555555555555556
8 0.95703125 0.8902777777777777 0.084375 0.075
1 0.549609375 0.6993055555555555 0.00703125 0.15694444444444444
2 0.449609375 0.7465277777777778 0.02890625 0.05416666666666667
2 0.1703125 0.8652777777777778 0.059375 0.09444444444444444
8 0.603125 0.8347222222222223 0.05625 0.07222222222222222
2 0.46796875 0.6430555555555556 0.0171875 0.016666666666666666
8 0.730078125 0.8388888888888889 0.05546875 0.06944444444444445
8 0.661328125 0.8375 0.05390625 0.075
0 0.08359375 0.9055555555555556 0.1671875 0.18611111111111112
2 0.67109375 0.6222222222222222 0.021875 0.03333333333333333
2 0.33671875 0.8388888888888889 0.021875 0.08333333333333333
2 0.5125 0.6388888888888888 0.025 0.005555555555555556
5 0.660546875 0.8576388888888888 0.05078125 0.04583333333333333
2 0.5546875 0.6805555555555556 0.009375 0.044444444444444446
2 0.484765625 0.6465277777777778 0.02578125 0.009722222222222222
2 0.503125 0.7465277777777778 0.08125 0.059722222222222225
1 0.528515625 0.625 0.08671875 0.12222222222222222
2 0.546484375 0.7305555555555555 0.00546875 0.03888888888888889
2 0.501953125 0.6861111111111111 0.02734375 0.05277777777777778
2 0.528125 0.6055555555555555 0.021875 0.005555555555555556
2 0.716015625 0.6256944444444444 0.02265625 0.029166666666666667
1 0.7046875 0.6590277777777778 0.1 0.1375
2 0.475390625 0.6847222222222222 0.02890625 0.05277777777777778
2 0.70703125 0.5819444444444445 0.0203125 0.002777777777777778
2 0.539453125 0.5791666666666667 0.01953125 0.002777777777777778
5 0.95859375 0.8694444444444445 0.08125 0.03611111111111111
5 0.526953125 0.8506944444444444 0.05703125 0.043055555555555555
5 0.855078125 0.8340277777777778 0.06328125 0.04027777777777778
2 0.6625 0.7138888888888889 0.0 0.0
1 0.6984375 0.6270833333333333 0.0890625 0.12083333333333333
2 0.731640625 0.75625 0.08359375 0.05694444444444444
8 0.659765625 0.8798611111111111 0.05859375 0.0875
8 0.990234375 0.8319444444444445 0.01796875 0.05
2 0.505078125 0.65625 0.02734375 0.006944444444444444
8 0.53828125 0.8326388888888889 0.059375 0.0763888888888889
2 0.5203125 0.5784722222222223 0.01875 0.004166666666666667
2 0.703125 0.6604166666666667 0.0265625 0.006944444444444444
2 0.731640625 0.6916666666666667 0.02890625 0.05277777777777778
7 0.93828125 0.6923611111111111 0.0390625 0.029166666666666667
5 0.965625 0.9048611111111111 0.0671875 0.04027777777777778
8 0.963671875 0.9256944444444445 0.07109375 0.08194444444444444
5 0.5390625 0.8118055555555556 0.0515625 0.0375
1 0.489453125 0.7180555555555556 0.11796875 0.16944444444444445
2 0.693359375 0.6256944444444444 0.02265625 0.03194444444444444
2 0.676953125 0.7534722222222222 0.02734375 0.05416666666666667
2 0.336328125 0.78125 0.02265625 0.07916666666666666
2 0.7515625 0.65 0.0296875 0.016666666666666666
2 0.727734375 0.5930555555555556 0.02265625 0.025
2 0.724609375 0.6430555555555556 0.02578125 0.005555555555555556
2 0.46484375 0.7208333333333333 0.0 0.0
5 0.6625 0.8180555555555555 0.046875 0.03888888888888889
5 0.924609375 0.8347222222222223 0.06796875 0.03888888888888889
2 0.7296875 0.6604166666666667 0.028125 0.006944444444444444
2 0.675 0.6472222222222223 0.025 0.016666666666666666
2 0.533984375 0.6652777777777777 0.02421875 0.05555555555555555
5 0.604296875 0.8166666666666667 0.04921875 0.03888888888888889
2 0.289453125 0.7208333333333333 0.11640625 0.08333333333333333
8 0.526171875 0.8722222222222222 0.06484375 0.08611111111111111
2 0.7375 0.6236111111111111 0.025 0.03333333333333333
2 0.16953125 0.8027777777777778 0.059375 0.03333333333333333
2 0.26171875 0.7479166666666667 0.1265625 0.09027777777777778
2 0.708203125 0.5951388888888889 0.02109375 0.020833333333333332
8 0.9984375 0.8451388888888889 0.0015625 0.02361111111111111
2 0.488671875 0.6388888888888888 0.02578125 0.005555555555555556
2 0.564453125 0.6465277777777778 0.00703125 0.04027777777777778
8 0.85390625 0.8541666666666666 0.071875 0.08055555555555556
2 0.537890625 0.5916666666666667 0.01953125 0.019444444444444445
8 0.734375 0.8847222222222222 0.0609375 0.08888888888888889
2 0.699609375 0.64375 0.02578125 0.006944444444444444
2 0.529296875 0.6826388888888889 0.02890625 0.059722222222222225
2 0.6625 0.7388888888888889 0.0 0.0
2 0.704296875 0.6909722222222222 0.02734375 0.05416666666666667
2 0.451171875 0.6805555555555556 0.03203125 0.058333333333333334
2 0.6765625 0.6861111111111111 0.028125 0.06111111111111111
5 0.991796875 0.8194444444444444 0.01484375 0.025
2 0.6671875 0.5993055555555555 0.0203125 0.04027777777777778
2 0.687890625 0.5944444444444444 0.01953125 0.022222222222222223
8 0.9234375 0.85625 0.0765625 0.07916666666666666
2 0.557421875 0.5986111111111111 0.01953125 0.041666666666666664
2 0.548046875 0.6263888888888889 0.02265625 0.04722222222222222
2 0.483203125 0.61875 0.02578125 0.034722222222222224
2 0.52578125 0.6215277777777778 0.021875 0.029166666666666667
1 0.515625 0.65625 0.096875 0.1375
5 0.73046875 0.8229166666666666 0.0484375 0.04027777777777778
2 0.70078125 0.6534722222222222 0.0265625 0.015277777777777777
5 0.734765625 0.8631944444444445 0.05390625 0.04583333333333333
2 0.262890625 0.875 0.12578125 0.09166666666666666
3 0.5015625 0.8270833333333333 0.9953125 0.34305555555555556
2 0.262109375 0.8131944444444444 0.12578125 0.0875
8 0.596484375 0.8770833333333333 0.06171875 0.0875
2 0.714453125 0.6076388888888888 0.02265625 0.004166666666666667
2 0.50703125 0.6041666666666666 0.021875 0.002777777777777778
2 0.7265625 0.6520833333333333 0.0265625 0.009722222222222222
2 0.687109375 0.5819444444444445 0.01953125 0.002777777777777778
6 0.74375 0.9986111111111111 0.0015625 0.0
1 0.716796875 0.725 0.11796875 0.17222222222222222
2 0.7578125 0.6888888888888889 0.03125 0.06111111111111111
