3 0.441015625 0.8972222222222223 0.88203125 0.20277777777777778
4 0.150390625 0.7819444444444444 0.00234375 0.027777777777777776
4 0.003515625 0.7868055555555555 0.00703125 0.04027777777777778
5 0.138671875 0.7861111111111111 0.03046875 0.005555555555555556
5 0.138671875 0.7861111111111111 0.03046875 0.005555555555555556
5 0.138671875 0.7861111111111111 0.03046875 0.005555555555555556
5 0.138671875 0.7791666666666667 0.03046875 0.005555555555555556
5 0.138671875 0.7791666666666667 0.03046875 0.005555555555555556
5 0.138671875 0.7791666666666667 0.03046875 0.005555555555555556
5 0.138671875 0.7916666666666666 0.03046875 0.005555555555555556
5 0.138671875 0.7916666666666666 0.03046875 0.005555555555555556
5 0.138671875 0.7916666666666666 0.03046875 0.005555555555555556
5 0.1078125 0.7930555555555555 0.0296875 0.005555555555555556
5 0.1078125 0.7930555555555555 0.0296875 0.005555555555555556
5 0.1078125 0.7930555555555555 0.0296875 0.005555555555555556
5 0.108203125 0.7875 0.02890625 0.005555555555555556
5 0.108203125 0.7875 0.02890625 0.005555555555555556
5 0.108203125 0.7875 0.02890625 0.005555555555555556
5 0.108203125 0.7805555555555556 0.02890625 0.005555555555555556
5 0.108203125 0.7805555555555556 0.02890625 0.005555555555555556
5 0.108203125 0.7805555555555556 0.02890625 0.005555555555555556
5 0.10859375 0.7736111111111111 0.0296875 0.005555555555555556
5 0.10859375 0.7736111111111111 0.0296875 0.005555555555555556
5 0.10859375 0.7736111111111111 0.0296875 0.005555555555555556
6 0.1890625 0.74375 0.028125 0.020833333333333332
5 0.789453125 0.7847222222222222 0.04609375 0.011111111111111112
5 0.789453125 0.7847222222222222 0.04609375 0.011111111111111112
5 0.789453125 0.7847222222222222 0.04609375 0.011111111111111112
6 0.378125 0.7979166666666667 0.071875 0.09027777777777778
6 0.503515625 0.7965277777777777 0.07109375 0.0875
6 0.37890625 0.7145833333333333 0.071875 0.09027777777777778
6 0.442578125 0.7965277777777777 0.07109375 0.0875
6 0.066015625 0.8 0.05546875 0.09722222222222222
6 0.00390625 0.8 0.0078125 0.09722222222222222
7 0.3046875 0.8152777777777778 0.0 0.0
7 0.037109375 0.8298611111111112 0.00234375 0.015277777777777777
7 0.384375 0.7972222222222223 0.0203125 0.005555555555555556
7 0.432421875 0.8 0.00078125 0.002777777777777778
7 0.29140625 0.7958333333333333 0.01875 0.002777777777777778
7 0.335546875 0.7979166666666667 0.01171875 0.009722222222222222
5 0.121484375 0.8006944444444445 0.00078125 0.001388888888888889
8 0.253125 0.8208333333333333 0.009375 0.025
5 0.253515625 0.8027777777777778 0.00546875 0.008333333333333333
8 0.28828125 0.8166666666666667 0.04375 0.030555555555555555
5 0.287109375 0.8027777777777778 0.03828125 0.008333333333333333
8 0.257421875 0.8194444444444444 0.01796875 0.027777777777777776
5 0.25625 0.80625 0.0140625 0.009722222222222222
8 0.296484375 0.8118055555555556 0.04765625 0.018055555555555554
5 0.295703125 0.8048611111111111 0.04140625 0.009722222222222222
8 0.120703125 0.8111111111111111 0.00078125 0.005555555555555556
5 0.12109375 0.8076388888888889 0.0015625 0.009722222222222222
8 0.562890625 0.8659722222222223 0.08359375 0.07361111111111111
5 0.547265625 0.8347222222222223 0.04453125 0.019444444444444445
5 0.567578125 0.8208333333333333 0.00390625 0.002777777777777778
8 0.540625 0.8583333333333333 0.0578125 0.06111111111111111
5 0.540625 0.8284722222222223 0.0578125 0.018055555555555554
8 0.161328125 0.8736111111111111 0.11640625 0.08055555555555556
5 0.16328125 0.8409722222222222 0.1046875 0.020833333333333332
8 0.159765625 0.8840277777777777 0.12734375 0.0875
5 0.16171875 0.8479166666666667 0.1140625 0.02361111111111111
8 0.155078125 0.8652777777777778 0.10703125 0.07222222222222222
5 0.157421875 0.8305555555555556 0.09765625 0.008333333333333333
8 0.15859375 0.8263888888888888 0.0984375 0.002777777777777778
5 0.15859375 0.8243055555555555 0.090625 0.004166666666666667
8 0.41328125 0.8701388888888889 0.0984375 0.0763888888888889
5 0.41171875 0.8368055555555556 0.0875 0.020833333333333332
8 0.323828125 0.8729166666666667 0.09609375 0.07916666666666666
5 0.322265625 0.8395833333333333 0.08515625 0.020833333333333332
8 0.281640625 0.8645833333333334 0.10390625 0.07083333333333333
5 0.28359375 0.8340277777777778 0.0953125 0.018055555555555554
8 0.27109375 0.8576388888888888 0.090625 0.06527777777777778
5 0.27578125 0.8291666666666667 0.0890625 0.016666666666666666
0 0.142578125 0.7430555555555556 0.21484375 0.26666666666666666
0 0.716015625 0.78125 0.09921875 0.0125
1 0.52578125 0.7680555555555556 0.028125 0.08611111111111111
1 0.495703125 0.76875 0.05234375 0.0875
1 0.50234375 0.7673611111111112 0.05 0.07916666666666666
1 0.46328125 0.7680555555555556 0.0328125 0.08333333333333333
1 0.46796875 0.7673611111111112 0.0234375 0.0763888888888889
1 0.450390625 0.76875 0.04609375 0.07916666666666666
1 0.466015625 0.76875 0.02734375 0.06527777777777778
1 0.204296875 0.7402777777777778 0.07265625 0.03611111111111111
1 0.171875 0.7430555555555556 0.0125 0.03611111111111111
1 0.00390625 0.74375 0.0078125 0.004166666666666667
1 0.911328125 0.75625 0.17578125 0.44583333333333336
2 0.91953125 0.6736111111111112 0.159375 0.15833333333333333
2 0.92109375 0.8868055555555555 0.15625 0.16805555555555557
1 0.994921875 0.7909722222222222 0.00859375 0.020833333333333332
1 0.75390625 0.7944444444444444 0.2796875 0.34444444444444444
2 0.809765625 0.7916666666666666 0.03515625 0.0
2 0.854296875 0.8458333333333333 0.05546875 0.10555555555555556
2 0.837109375 0.7034722222222223 0.01015625 0.09861111111111111
2 0.645703125 0.7034722222222223 0.04140625 0.10416666666666667
2 0.72734375 0.8472222222222222 0.2046875 0.1111111111111111
2 0.791796875 0.7541666666666667 0.00234375 0.002777777777777778
2 0.803515625 0.7041666666666667 0.04609375 0.10277777777777777
2 0.769921875 0.7034722222222223 0.02421875 0.10416666666666667
1 0.94453125 0.7902777777777777 0.075 0.025
2 0.957421875 0.7944444444444444 0.08359375 0.016666666666666666
1 0.68515625 0.7847222222222222 0.25 0.3194444444444444
2 0.764453125 0.7888888888888889 0.00859375 0.0
2 0.778515625 0.7895833333333333 0.03671875 0.001388888888888889
2 0.59765625 0.7090277777777778 0.0546875 0.09305555555555556
2 0.618359375 0.8388888888888889 0.09765625 0.1
2 0.91015625 0.7909722222222222 0.0328125 0.02361111111111111
2 0.95859375 0.7826388888888889 0.0625 0.004166666666666667
5 0.134375 0.7951388888888888 0.0265625 0.006944444444444444
