3 0.499609375 0.8222222222222222 0.99921875 0.3527777777777778
4 0.53359375 0.7979166666666667 0.009375 0.06805555555555555
4 0.62265625 0.8430555555555556 0.0390625 0.07777777777777778
4 0.6984375 0.8715277777777778 0.0125 0.08194444444444444
4 0.752734375 0.9027777777777778 0.04609375 0.09166666666666666
4 0.9296875 0.9638888888888889 0.04375 0.06944444444444445
4 0.12734375 0.8833333333333333 0.0046875 0.08333333333333333
4 0.194921875 0.9361111111111111 0.01796875 0.05555555555555555
8 0.93046875 0.9597222222222223 0.0734375 0.07777777777777778
8 0.9875 0.7631944444444444 0.0234375 0.04027777777777778
5 0.287109375 0.6951388888888889 0.04609375 0.015277777777777777
5 0.287109375 0.6951388888888889 0.04609375 0.015277777777777777
5 0.287109375 0.6951388888888889 0.04609375 0.015277777777777777
5 0.287109375 0.6847222222222222 0.04609375 0.016666666666666666
5 0.287109375 0.6847222222222222 0.04609375 0.016666666666666666
5 0.287109375 0.6847222222222222 0.04609375 0.016666666666666666
5 0.287109375 0.7034722222222223 0.04609375 0.018055555555555554
5 0.287109375 0.7034722222222223 0.04609375 0.018055555555555554
5 0.287109375 0.7034722222222223 0.04609375 0.018055555555555554
5 0.353515625 0.6972222222222222 0.03671875 0.011111111111111112
5 0.353515625 0.6972222222222222 0.03671875 0.011111111111111112
5 0.353515625 0.6972222222222222 0.03671875 0.011111111111111112
5 0.353515625 0.6881944444444444 0.03671875 0.0125
5 0.353515625 0.6881944444444444 0.03671875 0.0125
5 0.353515625 0.6881944444444444 0.03671875 0.0125
5 0.353515625 0.6791666666666667 0.03671875 0.013888888888888888
5 0.353515625 0.6791666666666667 0.03671875 0.013888888888888888
5 0.353515625 0.6791666666666667 0.03671875 0.013888888888888888
5 0.353515625 0.66875 0.03671875 0.015277777777777777
5 0.353515625 0.66875 0.03671875 0.015277777777777777
5 0.353515625 0.66875 0.03671875 0.015277777777777777
6 0.5359375 0.7284722222222222 0.053125 0.059722222222222225
6 0.481640625 0.7125 0.04765625 0.07222222222222222
6 0.53671875 0.6715277777777777 0.0546875 0.0763888888888889
6 0.507421875 0.7180555555555556 0.04921875 0.06944444444444445
6 0.667578125 0.7916666666666666 0.06171875 0.09722222222222222
6 0.734375 0.8090277777777778 0.065625 0.09861111111111111
7 0.5953125 0.9243055555555556 0.071875 0.04583333333333333
7 0.148046875 0.9444444444444444 0.06796875 0.03333333333333333
7 0.42734375 0.7916666666666666 0.0578125 0.025
7 0.555078125 0.8576388888888888 0.06796875 0.03194444444444444
6 0.224609375 0.9180555555555555 0.09921875 0.16111111111111112
6 0.082421875 0.93125 0.10234375 0.13472222222222222
6 0.22265625 0.9888888888888889 0.09375 0.019444444444444445
8 0.770703125 0.8673611111111111 0.03203125 0.029166666666666667
5 0.773828125 0.8569444444444444 0.02890625 0.025
8 0.751953125 0.89375 0.07109375 0.059722222222222225
5 0.754296875 0.8722222222222222 0.06640625 0.03333333333333333
8 0.583984375 0.8097222222222222 0.06015625 0.041666666666666664
5 0.584375 0.7909722222222222 0.05625 0.020833333333333332
8 0.558984375 0.7972222222222223 0.06015625 0.03888888888888889
5 0.55859375 0.7798611111111111 0.0546875 0.020833333333333332
8 0.535546875 0.7875 0.05859375 0.03888888888888889
5 0.534765625 0.7708333333333334 0.05234375 0.019444444444444445
8 0.5125 0.7770833333333333 0.05625 0.0375
5 0.512109375 0.7604166666666666 0.05078125 0.018055555555555554
8 0.583984375 0.7715277777777778 0.05703125 0.02361111111111111
5 0.583203125 0.7618055555555555 0.05078125 0.018055555555555554
8 0.559765625 0.7590277777777777 0.05546875 0.018055555555555554
5 0.559375 0.7527777777777778 0.05 0.016666666666666666
8 0.593359375 0.7861111111111111 0.02890625 0.03611111111111111
5 0.59765625 0.7708333333333334 0.0328125 0.019444444444444445
8 0.609375 0.7909722222222222 0.009375 0.02361111111111111
5 0.610546875 0.7819444444444444 0.00703125 0.011111111111111112
8 0.73984375 0.6909722222222222 0.01875 0.020833333333333332
5 0.751953125 0.68125 0.03828125 0.009722222222222222
8 0.730078125 0.6777777777777778 0.04140625 0.005555555555555556
5 0.7296875 0.6756944444444445 0.0375 0.009722222222222222
8 0.761328125 0.6881944444444444 0.01953125 0.006944444444444444
5 0.768359375 0.6854166666666667 0.02890625 0.009722222222222222
8 0.69765625 0.6923611111111111 0.0421875 0.02638888888888889
5 0.69765625 0.6805555555555556 0.0375 0.011111111111111112
8 0.719140625 0.6979166666666666 0.04296875 0.02638888888888889
5 0.71875 0.6861111111111111 0.0390625 0.011111111111111112
8 0.740625 0.7034722222222223 0.04375 0.02638888888888889
5 0.740234375 0.6902777777777778 0.03984375 0.011111111111111112
8 0.751953125 0.7097222222222223 0.02109375 0.027777777777777776
5 0.75390625 0.6972222222222222 0.0203125 0.011111111111111112
8 0.916015625 0.7368055555555556 0.04140625 0.029166666666666667
5 0.914453125 0.7229166666666667 0.03828125 0.015277777777777777
8 0.929296875 0.7263888888888889 0.03984375 0.022222222222222223
5 0.930078125 0.71875 0.03828125 0.015277777777777777
8 0.905859375 0.7444444444444445 0.02109375 0.030555555555555555
5 0.904296875 0.7298611111111111 0.01796875 0.0125
0 0.991796875 0.7583333333333333 0.01484375 0.16944444444444445
0 0.775 0.6965277777777777 0.028125 0.14305555555555555
0 0.45625 0.6520833333333333 0.0546875 0.12083333333333333
0 0.2171875 0.9604166666666667 0.1875 0.0763888888888889
0 0.1734375 0.9368055555555556 0.1796875 0.12361111111111112
1 0.012890625 0.7048611111111112 0.02578125 0.09583333333333334
1 0.0171875 0.7173611111111111 0.034375 0.10694444444444444
1 0.03046875 0.8263888888888888 0.0609375 0.16944444444444445
1 0.03671875 0.9194444444444444 0.0734375 0.15833333333333333
1 0.106640625 0.9118055555555555 0.10703125 0.1736111111111111
1 0.909375 0.6097222222222223 0.025 0.03333333333333333
2 0.9078125 0.6118055555555556 0.0234375 0.02361111111111111
2 0.915625 0.6458333333333334 0.003125 0.0
2 0.89765625 0.6 0.003125 0.0
2 0.9 0.5993055555555555 0.0078125 0.001388888888888889
1 0.983984375 0.6361111111111111 0.03046875 0.075
2 0.969140625 0.6465277777777778 0.00234375 0.0125
2 0.975 0.6395833333333333 0.009375 0.001388888888888889
2 0.974609375 0.6138888888888889 0.01328125 0.011111111111111112
2 0.99609375 0.6256944444444444 0.00625 0.02361111111111111
2 0.983984375 0.6548611111111111 0.03046875 0.029166666666666667
2 0.97734375 0.6229166666666667 0.0171875 0.02361111111111111
2 0.983984375 0.6104166666666667 0.01328125 0.001388888888888889
2 0.98828125 0.6243055555555556 0.015625 0.02361111111111111
2 0.994921875 0.6118055555555556 0.00859375 0.001388888888888889
1 0.93828125 0.6486111111111111 0.06875 0.08611111111111111
2 0.915234375 0.6604166666666667 0.01796875 0.02638888888888889
2 0.921875 0.6479166666666667 0.009375 0.001388888888888889
2 0.919921875 0.6270833333333333 0.02734375 0.02638888888888889
2 0.955859375 0.6333333333333333 0.02734375 0.025
2 0.944140625 0.6638888888888889 0.05234375 0.030555555555555555
2 0.927734375 0.6298611111111111 0.01953125 0.02638888888888889
2 0.9359375 0.6173611111111111 0.015625 0.001388888888888889
2 0.93828125 0.6319444444444444 0.0171875 0.025
2 0.94453125 0.61875 0.0109375 0.001388888888888889
1 0.7640625 0.6041666666666666 0.0203125 0.011111111111111112
2 0.769140625 0.6097222222222223 0.02578125 0.002777777777777778
2 0.787890625 0.6145833333333334 0.00234375 0.001388888888888889
2 0.7828125 0.6451388888888889 0.0125 0.001388888888888889
2 0.775 0.6118055555555556 0.0171875 0.004166666666666667
2 0.782421875 0.6104166666666667 0.01328125 0.001388888888888889
2 0.7828125 0.6138888888888889 0.0125 0.002777777777777778
2 0.787890625 0.6111111111111112 0.00234375 0.0
1 0.905859375 0.6625 0.02109375 0.08611111111111111
2 0.905859375 0.6409722222222223 0.01484375 0.02638888888888889
2 0.90546875 0.6756944444444445 0.015625 0.029166666666666667
2 0.899609375 0.6263888888888889 0.00234375 0.0
1 0.759375 0.6402777777777777 0.059375 0.07777777777777778
2 0.73984375 0.6555555555555556 0.015625 0.025
2 0.748046875 0.6430555555555556 0.00546875 0.0
2 0.7453125 0.6229166666666667 0.0265625 0.02638888888888889
2 0.775390625 0.6284722222222222 0.02734375 0.02638888888888889
2 0.765625 0.6597222222222222 0.046875 0.030555555555555555
2 0.75078125 0.625 0.0171875 0.025
2 0.758984375 0.6131944444444445 0.01484375 0.001388888888888889
2 0.759375 0.6277777777777778 0.015625 0.025
2 0.76875 0.6145833333333334 0.0125 0.001388888888888889
2 0.574609375 0.6638888888888889 0.02421875 0.03333333333333333
2 0.606640625 0.6729166666666667 0.03828125 0.03194444444444444
2 0.65078125 0.6708333333333333 0.0265625 0.027777777777777776
2 0.606640625 0.6465277777777778 0.03828125 0.03194444444444444
2 0.65078125 0.6451388888888889 0.0265625 0.02638888888888889
2 0.606640625 0.6201388888888889 0.03828125 0.03194444444444444
2 0.644921875 0.6173611111111111 0.03828125 0.03194444444444444
5 0.0203125 0.9486111111111111 0.040625 0.013888888888888888
5 0.019921875 0.9555555555555556 0.03984375 0.025
5 0.9140625 0.8770833333333333 0.0390625 0.020833333333333332
5 0.9140625 0.8881944444444444 0.0390625 0.02361111111111111
5 0.913671875 0.9118055555555555 0.03828125 0.02361111111111111
5 0.9140625 0.8993055555555556 0.0390625 0.02361111111111111
5 0.913671875 0.9326388888888889 0.03828125 0.02361111111111111
5 0.913671875 0.9215277777777777 0.03828125 0.020833333333333332
5 0.08203125 0.9236111111111112 0.040625 0.025
5 0.081640625 0.9388888888888889 0.04140625 0.022222222222222223
5 0.9140625 0.8666666666666667 0.0390625 0.022222222222222223
5 0.9140625 0.8493055555555555 0.0390625 0.034722222222222224
5 0.958984375 0.8604166666666667 0.05078125 0.020833333333333332
5 0.9546875 0.8708333333333333 0.0578125 0.022222222222222223
5 0.95859375 0.8930555555555556 0.05 0.022222222222222223
5 0.958984375 0.8819444444444444 0.04921875 0.022222222222222223
5 0.95859375 0.9138888888888889 0.05 0.022222222222222223
5 0.95859375 0.9027777777777778 0.05 0.022222222222222223
5 0.17109375 0.9076388888888889 0.028125 0.0125
5 0.1671875 0.9173611111111111 0.0359375 0.018055555555555554
5 0.946875 0.8472222222222222 0.075 0.027777777777777776
5 0.946484375 0.8361111111111111 0.07578125 0.025
5 0.946875 0.7722222222222223 0.075 0.025
5 0.946875 0.7840277777777778 0.075 0.02361111111111111
5 0.946484375 0.8055555555555556 0.07578125 0.025
5 0.946484375 0.7944444444444444 0.07578125 0.025
5 0.946484375 0.8263888888888888 0.07578125 0.025
5 0.946484375 0.8152777777777778 0.07578125 0.025
5 0.196484375 0.8881944444444444 0.01484375 0.018055555555555554
5 0.179296875 0.8743055555555556 0.06015625 0.020833333333333332
5 0.946875 0.7631944444444444 0.075 0.02361111111111111
5 0.946875 0.7486111111111111 0.075 0.027777777777777776
