6 0.84375 0.5048611111111111 0.0015625 0.034722222222222224
2 0.430859375 0.5097222222222222 0.00078125 0.0
2 0.379296875 0.5152777777777777 0.01328125 0.0
0 0.998828125 0.5027777777777778 0.00078125 0.022222222222222223
2 0.429296875 0.5138888888888888 0.02265625 0.008333333333333333
5 0.80390625 0.8284722222222223 0.0484375 0.0375
1 0.41640625 0.5076388888888889 0.0203125 0.015277777777777777
6 0.79765625 0.5506944444444445 0.0234375 0.001388888888888889
8 0.0453125 0.9159722222222222 0.090625 0.06805555555555555
5 0.694140625 0.6520833333333333 0.06015625 0.02361111111111111
6 0.7984375 0.5340277777777778 0.028125 0.034722222222222224
2 0.801953125 0.5708333333333333 0.01484375 0.027777777777777776
8 0.490625 0.6083333333333333 0.0375 0.025
2 0.437109375 0.5069444444444444 0.01171875 0.0
6 0.7984375 0.6479166666666667 0.034375 0.0763888888888889
5 0.810546875 0.5513888888888889 0.00078125 0.0
5 0.81953125 0.6833333333333333 0.046875 0.016666666666666666
2 0.259765625 0.7826388888888889 0.08984375 0.08194444444444444
8 0.152734375 0.8041666666666667 0.08359375 0.06111111111111111
0 0.948828125 0.5763888888888888 0.00078125 0.06944444444444445
6 0.474609375 0.5729166666666666 0.02734375 0.04583333333333333
8 0.4875 0.5798611111111112 0.034375 0.018055555555555554
2 0.4375 0.5173611111111112 0.015625 0.001388888888888889
0 0.260546875 0.5465277777777777 0.07421875 0.10138888888888889
2 0.32109375 0.5423611111111111 0.003125 0.018055555555555554
5 0.694140625 0.6625 0.06015625 0.022222222222222223
5 0.693359375 0.8041666666666667 0.06015625 0.027777777777777776
7 0.473046875 0.6458333333333334 0.04453125 0.013888888888888888
2 0.76953125 0.5708333333333333 0.015625 0.030555555555555555
8 0.81796875 0.6930555555555555 0.05 0.03333333333333333
5 0.48984375 0.5979166666666667 0.0359375 0.009722222222222222
2 0.33359375 0.5159722222222223 0.003125 0.018055555555555554
8 0.180078125 0.7916666666666666 0.06796875 0.04722222222222222
8 0.526953125 0.5833333333333334 0.03359375 0.022222222222222223
2 0.33203125 0.5395833333333333 0.0234375 0.020833333333333332
5 0.859375 0.7951388888888888 0.0625 0.03194444444444444
2 0.390625 0.5576388888888889 0.0109375 0.020833333333333332
5 0.69375 0.7277777777777777 0.0609375 0.025
2 0.786328125 0.5576388888888889 0.01484375 0.001388888888888889
4 0.936328125 0.8201388888888889 0.02109375 0.09861111111111111
8 0.805078125 0.7229166666666667 0.03984375 0.04861111111111111
5 0.84765625 0.7826388888888889 0.0375 0.02361111111111111
2 0.799609375 0.6090277777777777 0.04296875 0.03194444444444444
6 0.79921875 0.6333333333333333 0.0328125 0.06388888888888888
2 0.286328125 0.65 0.07421875 0.05
8 0.81796875 0.6777777777777778 0.05 0.022222222222222223
2 0.4265625 0.53125 0.025 0.020833333333333332
2 0.397265625 0.5298611111111111 0.02421875 0.020833333333333332
1 0.32578125 0.5284722222222222 0.0375 0.059722222222222225
4 0.888671875 0.6409722222222223 0.00859375 0.05416666666666667
6 0.50859375 0.5534722222222223 0.0265625 0.04027777777777778
2 0.37421875 0.5576388888888889 0.0140625 0.020833333333333332
5 0.694140625 0.6847222222222222 0.06015625 0.025
5 0.853515625 0.99375 0.07734375 0.009722222222222222
1 0.762109375 0.56875 0.00234375 0.05138888888888889
2 0.368359375 0.5298611111111111 0.02421875 0.020833333333333332
8 0.17421875 0.8291666666666667 0.103125 0.07222222222222222
5 0.81875 0.6708333333333333 0.0453125 0.011111111111111112
2 0.405078125 0.5131944444444444 0.01796875 0.006944444444444444
0 0.24296875 0.8458333333333333 0.159375 0.3055555555555556
5 0.77890625 0.7555555555555555 0.059375 0.027777777777777776
8 0.00859375 0.9458333333333333 0.0171875 0.022222222222222223
1 0.403125 0.5451388888888888 0.040625 0.07083333333333333
5 0.69375 0.7493055555555556 0.0609375 0.02638888888888889
5 0.00546875 0.9423611111111111 0.0109375 0.020833333333333332
1 0.290625 0.5381944444444444 0.040625 0.0625
2 0.087109375 0.6604166666666667 0.07109375 0.05138888888888889
6 0.73671875 0.8555555555555555 0.109375 0.12777777777777777
5 0.804296875 0.7076388888888889 0.03515625 0.020833333333333332
7 0.1890625 0.6083333333333333 0.0421875 0.013888888888888888
8 0.534375 0.5798611111111112 0.03125 0.020833333333333332
0 0.361328125 0.5104166666666666 0.03203125 0.0763888888888889
5 0.291015625 0.7166666666666667 0.03359375 0.016666666666666666
2 0.440234375 0.5298611111111111 0.00546875 0.020833333333333332
2 0.283203125 0.5152777777777777 0.01015625 0.0
2 0.403125 0.5590277777777778 0.0140625 0.020833333333333332
2 0.24765625 0.6708333333333333 0.0765625 0.05277777777777778
5 0.86015625 0.75 0.0625 0.030555555555555555
2 0.78671875 0.5534722222222223 0.0140625 0.004166666666666667
1 0.78984375 0.5916666666666667 0.0625 0.09166666666666666
1 0.461328125 0.5326388888888889 0.03515625 0.0625
6 0.428125 0.6013888888888889 0.034375 0.06111111111111111
2 0.4109375 0.5298611111111111 0.00625 0.020833333333333332
2 0.372265625 0.5166666666666667 0.01171875 0.0
2 0.33828125 0.6763888888888889 0.0109375 0.041666666666666664
2 0.362109375 0.5576388888888889 0.01171875 0.020833333333333332
6 0.51875 0.5784722222222223 0.03125 0.05416666666666667
5 0.693359375 0.78125 0.06015625 0.02638888888888889
2 0.8015625 0.5555555555555556 0.0140625 0.002777777777777778
0 0.690625 0.5854166666666667 0.040625 0.13194444444444445
5 0.69375 0.7388888888888889 0.0609375 0.025
2 0.2859375 0.5138888888888888 0.0046875 0.0
5 0.69375 0.7180555555555556 0.0609375 0.025
2 0.41015625 0.5180555555555556 0.0234375 0.002777777777777778
8 0.101171875 0.9416666666666667 0.10859375 0.1
2 0.294921875 0.55 0.02890625 0.019444444444444445
5 0.323046875 0.7368055555555556 0.06328125 0.020833333333333332
2 0.4421875 0.5090277777777777 0.00625 0.001388888888888889
7 0.760546875 0.7673611111111112 0.06796875 0.02638888888888889
7 0.165625 0.6159722222222223 0.0421875 0.0125
2 0.469140625 0.54375 0.01640625 0.020833333333333332
2 0.3765625 0.5548611111111111 0.0234375 0.02361111111111111
2 0.1484375 0.6777777777777778 0.05 0.044444444444444446
5 0.694140625 0.6729166666666667 0.06015625 0.02361111111111111
6 0.798046875 0.5479166666666667 0.02265625 0.004166666666666667
5 0.778515625 0.7993055555555556 0.05859375 0.02638888888888889
2 0.786328125 0.5541666666666667 0.01484375 0.002777777777777778
0 0.748046875 0.5201388888888889 0.02578125 0.08472222222222223
7 0.42890625 0.6770833333333334 0.053125 0.015277777777777777
5 0.487890625 0.5729166666666666 0.03046875 0.006944444444444444
7 0.446484375 0.6645833333333333 0.05078125 0.018055555555555554
2 0.335546875 0.5145833333333333 0.00703125 0.018055555555555554
2 0.322265625 0.7888888888888889 0.08828125 0.08333333333333333
0 0.995703125 0.6333333333333333 0.00703125 0.12777777777777777
8 0.251171875 0.7458333333333333 0.05234375 0.027777777777777776
2 0.3140625 0.5354166666666667 0.0109375 0.006944444444444444
2 0.47109375 0.51875 0.00625 0.018055555555555554
6 0.84375 0.5340277777777778 0.0015625 0.03194444444444444
6 0.549609375 0.5583333333333333 0.02734375 0.04722222222222222
5 0.8765625 0.8347222222222223 0.0453125 0.03888888888888889
2 0.4546875 0.5083333333333333 0.0 0.0
1 0.371484375 0.5444444444444444 0.03359375 0.07222222222222222
6 0.79453125 0.6277777777777778 0.03125 0.06944444444444445
8 0.32421875 0.7402777777777778 0.065625 0.025
5 0.854296875 0.7104166666666667 0.02578125 0.020833333333333332
2 0.46640625 0.51875 0.009375 0.018055555555555554
4 0.891796875 0.7076388888888889 0.00859375 0.0763888888888889
2 0.45390625 0.5472222222222223 0.0015625 0.019444444444444445
2 0.78515625 0.5722222222222222 0.015625 0.027777777777777776
8 0.05 0.9680555555555556 0.0734375 0.06111111111111111
7 0.76328125 0.74375 0.0640625 0.020833333333333332
2 0.315625 0.5152777777777777 0.0140625 0.016666666666666666
2 0.307421875 0.6388888888888888 0.07265625 0.044444444444444446
5 0.693359375 0.7708333333333334 0.06015625 0.027777777777777776
2 0.816015625 0.5736111111111111 0.01171875 0.030555555555555555
6 0.601171875 0.5277777777777778 0.02734375 0.03333333333333333
5 0.25078125 0.7319444444444444 0.0515625 0.016666666666666666
4 0.933984375 0.8548611111111111 0.01328125 0.10138888888888889
2 0.26640625 0.6604166666666667 0.0796875 0.05138888888888889
5 0.344921875 0.7229166666666667 0.06015625 0.020833333333333332
2 0.816015625 0.5548611111111111 0.01171875 0.004166666666666667
8 0.500390625 0.6034722222222222 0.03515625 0.02361111111111111
5 0.77890625 0.7666666666666667 0.059375 0.027777777777777776
5 0.693359375 0.8145833333333333 0.06015625 0.029166666666666667
4 0.863671875 0.5958333333333333 0.00234375 0.041666666666666664
8 0.733203125 0.9847222222222223 0.10546875 0.027777777777777776
5 0.73203125 0.9847222222222223 0.1015625 0.027777777777777776
7 0.487890625 0.6354166666666666 0.04140625 0.015277777777777777
2 0.43203125 0.5597222222222222 0.0140625 0.019444444444444445
5 0.69375 0.7069444444444445 0.0609375 0.025
6 0.7953125 0.6152777777777778 0.0296875 0.058333333333333334
2 0.42109375 0.5590277777777778 0.0140625 0.020833333333333332
2 0.29609375 0.5256944444444445 0.0015625 0.020833333333333332
4 0.86640625 0.6173611111111111 0.003125 0.05138888888888889
2 0.770703125 0.5541666666666667 0.01484375 0.005555555555555556
7 0.002734375 0.68125 0.00546875 0.0125
1 0.432421875 0.5458333333333333 0.03984375 0.07222222222222222
7 0.995703125 0.9916666666666667 0.00703125 0.013888888888888888
5 0.77890625 0.74375 0.059375 0.029166666666666667
4 0.898828125 0.7243055555555555 0.00703125 0.07083333333333333
2 0.44140625 0.5284722222222222 0.0078125 0.020833333333333332
5 0.5265625 0.5743055555555555 0.03125 0.006944444444444444
6 0.636328125 0.9534722222222223 0.13828125 0.09027777777777778
6 0.75859375 0.9222222222222223 0.1125 0.1527777777777778
8 0.34375 0.7347222222222223 0.0671875 0.041666666666666664
5 0.01328125 0.8902777777777777 0.0265625 0.027777777777777776
2 0.8015625 0.5722222222222222 0.015625 0.025
6 0.55703125 0.5291666666666667 0.028125 0.03611111111111111
5 0.7765625 0.8097222222222222 0.0546875 0.025
4 0.908203125 0.8166666666666667 0.00078125 0.005555555555555556
7 0.379296875 0.7159722222222222 0.06015625 0.02361111111111111
0 0.649609375 0.5173611111111112 0.02578125 0.07916666666666666
2 0.801953125 0.5541666666666667 0.01484375 0.005555555555555556
5 0.693359375 0.7604166666666666 0.06015625 0.02638888888888889
2 0.416015625 0.5069444444444444 0.01796875 0.0
6 0.55703125 0.4986111111111111 0.028125 0.03611111111111111
2 0.76953125 0.6090277777777777 0.015625 0.029166666666666667
0 0.614453125 0.5333333333333333 0.03046875 0.09166666666666666
2 0.464453125 0.5451388888888888 0.00703125 0.015277777777777777
2 0.248046875 0.7076388888888889 0.07578125 0.0375
5 0.776953125 0.8215277777777777 0.05546875 0.02638888888888889
2 0.41171875 0.5118055555555555 0.0078125 0.006944444444444444
8 0.455859375 0.5965277777777778 0.03828125 0.015277777777777777
5 0.84375 0.5611111111111111 0.0015625 0.002777777777777778
8 0.444921875 0.6013888888888889 0.03828125 0.011111111111111112
2 0.430078125 0.5180555555555556 0.01015625 0.0
5 0.18671875 0.7680555555555556 0.071875 0.025
0 0.71328125 0.5402777777777777 0.028125 0.1
6 0.480078125 0.6 0.03671875 0.05555555555555555
8 0.81171875 0.99375 0.00625 0.009722222222222222
8 0.893359375 0.7659722222222223 0.00390625 0.029166666666666667
5 0.499609375 0.5923611111111111 0.03359375 0.006944444444444444
2 0.40625 0.5069444444444444 0.0 0.0
5 0.859765625 0.7631944444444444 0.06171875 0.02638888888888889
2 0.13515625 0.6402777777777777 0.0765625 0.04722222222222222
8 0.28203125 0.7284722222222222 0.05625 0.03194444444444444
2 0.30546875 0.5236111111111111 0.0078125 0.019444444444444445
2 0.4375 0.5131944444444444 0.0109375 0.006944444444444444
2 0.283203125 0.5263888888888889 0.02421875 0.019444444444444445
4 0.990234375 0.9875 0.00390625 0.022222222222222223
5 0.154296875 0.7861111111111111 0.07578125 0.027777777777777776
2 0.456640625 0.5208333333333334 0.02265625 0.019444444444444445
2 0.41875 0.5097222222222222 0.0015625 0.0
5 0.694140625 0.6958333333333333 0.06015625 0.025
5 0.49609375 0.5680555555555555 0.0296875 0.005555555555555556
2 0.408984375 0.55625 0.02578125 0.02361111111111111
2 0.406640625 0.5083333333333333 0.00078125 0.0
5 0.446484375 0.5958333333333333 0.03515625 0.008333333333333333
2 0.4328125 0.5569444444444445 0.025 0.025
8 0.873828125 0.8555555555555555 0.06171875 0.07777777777777778
2 0.3 0.5236111111111111 0.009375 0.019444444444444445
2 0.42578125 0.5194444444444445 0.0109375 0.0
3 0.499609375 0.7708333333333334 0.99921875 0.45555555555555555
2 0.469140625 0.5173611111111112 0.01640625 0.018055555555555554
5 0.84375 0.5548611111111111 0.0015625 0.006944444444444444
2 0.45703125 0.5097222222222222 0.0078125 0.0
0 0.582421875 0.5694444444444444 0.03984375 0.11666666666666667
2 0.3671875 0.5180555555555556 0.0109375 0.0
5 0.859765625 0.7708333333333334 0.06171875 0.022222222222222223
8 0.850390625 0.725 0.03359375 0.04722222222222222
2 0.29609375 0.69375 0.0203125 0.03194444444444444
2 0.087890625 0.7006944444444444 0.07109375 0.04861111111111111
8 0.01796875 0.9104166666666667 0.0296875 0.05694444444444444
5 0.45546875 0.5895833333333333 0.0328125 0.006944444444444444
0 0.280859375 0.5402777777777777 0.06015625 0.09722222222222222
2 0.38359375 0.5180555555555556 0.009375 0.002777777777777778
1 0.434375 0.5083333333333333 0.0359375 0.016666666666666666
6 0.7984375 0.5034722222222222 0.028125 0.034722222222222224
5 0.042578125 0.90625 0.08515625 0.05138888888888889
5 0.855859375 0.8159722222222222 0.05546875 0.02361111111111111
0 0.079296875 0.5854166666666667 0.05703125 0.10416666666666667
2 0.778125 0.5944444444444444 0.0 0.002777777777777778
2 0.3375 0.5131944444444444 0.0109375 0.018055555555555554
2 0.315234375 0.6895833333333333 0.01640625 0.043055555555555555
1 0.78671875 0.53125 0.028125 0.0375
5 0.693359375 0.7930555555555555 0.06015625 0.027777777777777776
5 0.8578125 0.8319444444444445 0.059375 0.016666666666666666
8 0.8046875 0.8493055555555555 0.05625 0.0763888888888889
5 0.1015625 0.9166666666666666 0.096875 0.05277777777777778
5 0.040234375 0.9680555555555556 0.08046875 0.06111111111111111
1 0.78515625 0.5284722222222222 0.0265625 0.04027777777777778
7 0.398046875 0.6993055555555555 0.05078125 0.020833333333333332
8 0.49609375 0.5791666666666667 0.0296875 0.016666666666666666
5 0.533984375 0.5701388888888889 0.03046875 0.006944444444444444
1 0.808984375 0.5298611111111111 0.01796875 0.043055555555555555
1 0.809765625 0.53125 0.01640625 0.034722222222222224
5 0.859375 0.8055555555555556 0.0625 0.027777777777777776
2 0.412890625 0.51875 0.01015625 0.001388888888888889
2 0.769921875 0.60625 0.01484375 0.029166666666666667
0 0.421484375 0.4895833333333333 0.02578125 0.034722222222222224
4 0.965625 0.9625 0.05 0.025
5 0.77890625 0.7777777777777778 0.059375 0.027777777777777776
6 0.601171875 0.4986111111111111 0.02734375 0.03333333333333333
0 0.45078125 0.7159722222222222 0.084375 0.2263888888888889
5 0.77890625 0.7895833333333333 0.059375 0.029166666666666667
2 0.379296875 0.5284722222222222 0.01171875 0.020833333333333332
4 0.918359375 0.7534722222222222 0.03046875 0.08472222222222223
