8 0.928515625 0.8152777777777778 0.10703125 0.075
8 0.922265625 0.8145833333333333 0.10234375 0.059722222222222225
8 0.65234375 0.8166666666666667 0.1265625 0.11388888888888889
8 0.683203125 0.8166666666666667 0.17421875 0.10277777777777777
2 0.18671875 0.3472222222222222 0.3734375 0.5555555555555556
2 0.983203125 0.8180555555555555 0.03203125 0.030555555555555555
8 0.7390625 0.8159722222222222 0.0734375 0.05694444444444444
2 0.93203125 0.7555555555555555 0.065625 0.03611111111111111
8 0.907421875 0.8152777777777778 0.10546875 0.06111111111111111
2 0.184765625 0.7680555555555556 0.36953125 0.46111111111111114
5 0.990625 0.7944444444444444 0.0 0.0
8 0.804296875 0.8152777777777778 0.09140625 0.06111111111111111
2 0.932421875 0.8173611111111111 0.06328125 0.029166666666666667
5 0.615625 0.8229166666666666 0.0203125 0.006944444444444444
5 0.9671875 0.7888888888888889 0.0640625 0.011111111111111112
0 0.598046875 0.7041666666666667 0.02109375 0.2638888888888889
2 0.930859375 0.7159722222222222 0.06640625 0.04861111111111111
2 0.98203125 0.7597222222222222 0.034375 0.044444444444444446
8 0.898046875 0.8194444444444444 0.07734375 0.03333333333333333
8 0.6484375 0.8118055555555556 0.11875 0.08472222222222223
5 0.84140625 0.7840277777777778 0.0765625 0.015277777777777777
5 0.928515625 0.7868055555555555 0.07734375 0.006944444444444444
3 0.641796875 0.9131944444444444 0.71484375 0.17083333333333334
2 0.4765625 0.4798611111111111 0.2125 0.37916666666666665
5 0.983203125 0.7909722222222222 0.01328125 0.006944444444444444
5 0.928125 0.7819444444444444 0.0953125 0.016666666666666666
5 0.874609375 0.7868055555555555 0.03984375 0.006944444444444444
5 0.80546875 0.7888888888888889 0.0609375 0.005555555555555556
5 0.86484375 0.7881944444444444 0.0578125 0.004166666666666667
5 0.701953125 0.7708333333333334 0.11484375 0.022222222222222223
8 0.871484375 0.8131944444444444 0.07421875 0.05138888888888889
2 0.475390625 0.7993055555555556 0.21796875 0.35694444444444445
5 0.783203125 0.7847222222222222 0.04140625 0.013888888888888888
8 0.88828125 0.8201388888888889 0.0875 0.034722222222222224
5 0.64609375 0.7666666666666667 0.1140625 0.025
0 0.64921875 0.7472222222222222 0.06875 0.1638888888888889
8 0.834765625 0.8145833333333333 0.10546875 0.07083333333333333
8 0.91875 0.8166666666666667 0.0765625 0.027777777777777776
8 0.677734375 0.8208333333333333 0.09609375 0.05277777777777778
5 0.6109375 0.7965277777777777 0.00625 0.004166666666666667
8 0.758984375 0.8145833333333333 0.10078125 0.06805555555555555
8 0.962109375 0.8138888888888889 0.07421875 0.05555555555555555
8 0.976953125 0.8131944444444444 0.04453125 0.02361111111111111
8 0.975390625 0.8194444444444444 0.02109375 0.03333333333333333
2 0.980859375 0.7131944444444445 0.03671875 0.04861111111111111
8 0.965234375 0.8222222222222222 0.01015625 0.030555555555555555
