5 0.599609375 0.7541666666666667 0.00546875 0.002777777777777778
8 0.897265625 0.8013888888888889 0.01484375 0.013888888888888888
2 0.373046875 0.6069444444444444 0.16484375 0.2361111111111111
8 0.762890625 0.7923611111111111 0.08046875 0.04861111111111111
2 0.925 0.7805555555555556 0.0140625 0.041666666666666664
2 0.92265625 0.6958333333333333 0.0140625 0.041666666666666664
2 0.964453125 0.8215277777777777 0.06953125 0.3541666666666667
8 0.7203125 0.7930555555555555 0.0828125 0.05555555555555555
8 0.861328125 0.7930555555555555 0.06015625 0.025
8 0.658984375 0.7993055555555556 0.07890625 0.03194444444444444
8 0.913671875 0.7944444444444444 0.03828125 0.027777777777777776
8 0.79296875 0.7930555555555555 0.0734375 0.058333333333333334
5 0.601171875 0.7930555555555555 0.01171875 0.0
5 0.860546875 0.7673611111111112 0.08046875 0.0125
8 0.86484375 0.7895833333333333 0.0875 0.04861111111111111
2 0.923828125 0.7381944444444445 0.01484375 0.04027777777777778
8 0.651953125 0.8020833333333334 0.13671875 0.07916666666666666
2 0.51328125 0.8180555555555555 0.1171875 0.19444444444444445
2 0.892578125 0.7375 0.04921875 0.041666666666666664
2 0.89140625 0.6965277777777777 0.0484375 0.043055555555555555
8 0.84765625 0.7923611111111111 0.0921875 0.04861111111111111
8 0.919140625 0.7923611111111111 0.01640625 0.029166666666666667
2 0.019921875 0.85 0.03984375 0.2972222222222222
5 0.91796875 0.7673611111111112 0.0296875 0.009722222222222222
8 0.8609375 0.7944444444444444 0.090625 0.06111111111111111
8 0.6265625 0.8041666666666667 0.096875 0.08611111111111111
5 0.735546875 0.7666666666666667 0.04609375 0.011111111111111112
8 0.9015625 0.7888888888888889 0.0640625 0.04722222222222222
8 0.6265625 0.7916666666666666 0.0984375 0.08055555555555556
5 0.688671875 0.7659722222222223 0.04609375 0.015277777777777777
0 0.640625 0.7208333333333333 0.075 0.14444444444444443
8 0.8375 0.7916666666666666 0.065625 0.022222222222222223
2 0.1671875 0.5666666666666667 0.2515625 0.2972222222222222
2 0.893359375 0.7805555555555556 0.04921875 0.041666666666666664
5 0.86640625 0.7673611111111112 0.0734375 0.009722222222222222
5 0.919140625 0.76875 0.01171875 0.006944444444444444
5 0.829296875 0.7701388888888889 0.03203125 0.004166666666666667
5 0.762890625 0.7701388888888889 0.04765625 0.004166666666666667
2 0.958203125 0.41875 0.08203125 0.4847222222222222
8 0.820703125 0.7958333333333333 0.07578125 0.030555555555555555
2 0.024609375 0.5486111111111112 0.04921875 0.3055555555555556
2 0.37109375 0.8284722222222223 0.1671875 0.23472222222222222
3 0.481640625 0.8972222222222223 0.91484375 0.20277777777777778
8 0.702734375 0.7916666666666666 0.07265625 0.04722222222222222
5 0.621484375 0.7659722222222223 0.08828125 0.018055555555555554
5 0.727734375 0.7701388888888889 0.01484375 0.004166666666666667
2 0.161328125 0.84375 0.25703125 0.29583333333333334
2 0.51328125 0.6340277777777777 0.115625 0.19583333333333333
8 0.867578125 0.7819444444444444 0.06328125 0.002777777777777778
5 0.7875 0.7673611111111112 0.0640625 0.0125
0 0.586328125 0.69375 0.01953125 0.22916666666666666
