3 0.362109375 0.85 0.72421875 0.2972222222222222
4 0.076953125 0.7805555555555556 0.01796875 0.025
4 0.023828125 0.7131944444444445 0.01953125 0.009722222222222222
8 0.345703125 0.7069444444444445 0.00078125 0.013888888888888888
5 0.312890625 0.6923611111111111 0.02421875 0.004166666666666667
5 0.312890625 0.6923611111111111 0.02421875 0.004166666666666667
5 0.312890625 0.6923611111111111 0.02421875 0.004166666666666667
5 0.312890625 0.6881944444444444 0.02421875 0.001388888888888889
5 0.312890625 0.6881944444444444 0.02421875 0.001388888888888889
5 0.312890625 0.6881944444444444 0.02421875 0.001388888888888889
5 0.312890625 0.6979166666666666 0.02421875 0.004166666666666667
5 0.312890625 0.6979166666666666 0.02421875 0.004166666666666667
5 0.312890625 0.6979166666666666 0.02421875 0.004166666666666667
5 0.2875 0.6993055555555555 0.028125 0.004166666666666667
5 0.2875 0.6993055555555555 0.028125 0.004166666666666667
5 0.2875 0.6993055555555555 0.028125 0.004166666666666667
5 0.28671875 0.69375 0.0265625 0.004166666666666667
5 0.28671875 0.69375 0.0265625 0.004166666666666667
5 0.28671875 0.69375 0.0265625 0.004166666666666667
5 0.28671875 0.6875 0.0265625 0.005555555555555556
5 0.28671875 0.6875 0.0265625 0.005555555555555556
5 0.28671875 0.6875 0.0265625 0.005555555555555556
5 0.2875 0.6805555555555556 0.028125 0.005555555555555556
5 0.2875 0.6805555555555556 0.028125 0.005555555555555556
5 0.2875 0.6805555555555556 0.028125 0.005555555555555556
6 0.348828125 0.6611111111111111 0.00390625 0.03333333333333333
6 0.35078125 0.6819444444444445 0.0 0.013888888888888888
6 0.265625 0.6854166666666667 0.0046875 0.034722222222222224
5 0.75859375 0.7666666666666667 0.0171875 0.008333333333333333
5 0.75859375 0.7666666666666667 0.0171875 0.008333333333333333
5 0.75859375 0.7666666666666667 0.0171875 0.008333333333333333
5 0.75859375 0.7625 0.0171875 0.008333333333333333
5 0.75859375 0.7625 0.0171875 0.008333333333333333
5 0.75859375 0.7625 0.0171875 0.008333333333333333
6 0.38984375 0.7708333333333334 0.0578125 0.016666666666666666
6 0.50859375 0.7868055555555555 0.0578125 0.05138888888888889
6 0.390625 0.6875 0.0578125 0.05555555555555555
6 0.449609375 0.7708333333333334 0.05703125 0.016666666666666666
6 0.0390625 0.79375 0.0734375 0.05416666666666667
7 0.03515625 0.7770833333333333 0.05625 0.015277777777777777
7 0.347265625 0.775 0.00546875 0.008333333333333333
7 0.512109375 0.7131944444444445 0.01640625 0.001388888888888889
7 0.5484375 0.7131944444444445 0.015625 0.001388888888888889
7 0.425390625 0.7145833333333333 0.01171875 0.001388888888888889
7 0.462109375 0.7131944444444445 0.01484375 0.001388888888888889
7 0.109765625 0.7166666666666667 0.00546875 0.0
6 0.04453125 0.6743055555555556 0.0484375 0.05416666666666667
6 0.058203125 0.6722222222222223 0.04609375 0.05277777777777778
6 0.04375 0.7069444444444445 0.0484375 0.022222222222222223
6 0.058203125 0.7055555555555556 0.04609375 0.025
8 0.2625 0.7666666666666667 0.0 0.0
8 0.281640625 0.7847222222222222 0.03671875 0.03888888888888889
5 0.28046875 0.76875 0.0359375 0.006944444444444444
5 0.3171875 0.7694444444444445 0.015625 0.011111111111111112
8 0.278125 0.79375 0.03125 0.04027777777777778
5 0.276953125 0.7784722222222222 0.02890625 0.0125
8 0.304296875 0.7881944444444444 0.01015625 0.015277777777777777
5 0.316015625 0.7770833333333333 0.01796875 0.0125
8 0.553515625 0.9048611111111111 0.02890625 0.07361111111111111
5 0.548046875 0.8798611111111111 0.03203125 0.029166666666666667
8 0.619140625 0.9034722222222222 0.05546875 0.07361111111111111
5 0.616015625 0.8784722222222222 0.04921875 0.029166666666666667
8 0.5953125 0.8777777777777778 0.0640625 0.06111111111111111
5 0.59453125 0.8555555555555555 0.05625 0.022222222222222223
8 0.52734375 0.8791666666666667 0.059375 0.06111111111111111
5 0.526171875 0.85625 0.05234375 0.020833333333333332
8 0.054296875 0.9083333333333333 0.10703125 0.06944444444444445
5 0.05625 0.8826388888888889 0.096875 0.02361111111111111
8 0.042578125 0.9277777777777778 0.08515625 0.075
5 0.040625 0.9013888888888889 0.08125 0.027777777777777776
8 0.0671875 0.8930555555555556 0.0921875 0.06388888888888888
5 0.070703125 0.8659722222222223 0.08515625 0.018055555555555554
8 0.080078125 0.8631944444444445 0.06640625 0.034722222222222224
5 0.083203125 0.85 0.06015625 0.013888888888888888
8 0.263671875 0.9013888888888889 0.00390625 0.03611111111111111
5 0.26796875 0.8826388888888889 0.0109375 0.029166666666666667
0 0.09765625 0.75 0.0359375 0.18611111111111112
0 0.701953125 0.7319444444444444 0.09453125 0.17222222222222222
0 0.009765625 0.6777777777777778 0.01953125 0.08055555555555556
1 0.619140625 0.6881944444444444 0.04453125 0.04861111111111111
1 0.6 0.6881944444444444 0.0171875 0.04861111111111111
1 0.6078125 0.6868055555555556 0.0328125 0.05138888888888889
1 0.57265625 0.6875 0.040625 0.05277777777777778
1 0.599609375 0.6847222222222222 0.01640625 0.05
1 0.55234375 0.6868055555555556 0.021875 0.05416666666666667
1 0.612109375 0.6854166666666667 0.04140625 0.05416666666666667
1 0.317578125 0.6895833333333333 0.06328125 0.05138888888888889
1 0.319921875 0.6888888888888889 0.06015625 0.05277777777777778
1 0.11328125 0.6909722222222222 0.003125 0.05138888888888889
1 0.11015625 0.6909722222222222 0.009375 0.05138888888888889
1 0.9703125 0.94375 0.0578125 0.10972222222222222
2 0.979296875 0.9715277777777778 0.03984375 0.05416666666666667
1 0.61640625 0.9506944444444444 0.05 0.09583333333333334
2 0.554296875 0.9805555555555555 0.10859375 0.03611111111111111
2 0.28828125 0.9854166666666667 0.0546875 0.02638888888888889
2 0.458984375 0.9819444444444444 0.09765625 0.03333333333333333
2 0.458984375 0.9965277777777778 0.09609375 0.004166666666666667
2 0.362890625 0.9833333333333333 0.09609375 0.030555555555555555
2 0.389453125 0.9979166666666667 0.03984375 0.001388888888888889
1 0.865234375 0.9020833333333333 0.18828125 0.19305555555555556
2 0.97421875 0.8493055555555555 0.05 0.020833333333333332
2 0.8328125 0.9131944444444444 0.0984375 0.1375
2 0.803125 0.9916666666666667 0.040625 0.013888888888888888
2 0.941015625 0.8472222222222222 0.06953125 0.011111111111111112
2 0.960546875 0.9152777777777777 0.07734375 0.125
2 0.878515625 0.8486111111111111 0.07890625 0.011111111111111112
2 0.90625 0.9159722222222222 0.0859375 0.12361111111111112
1 0.405859375 0.8923611111111112 0.28828125 0.1597222222222222
2 0.501171875 0.9111111111111111 0.07578125 0.11666666666666667
2 0.303125 0.9201388888888888 0.0703125 0.12638888888888888
2 0.434375 0.8625 0.0640625 0.016666666666666666
2 0.436328125 0.9256944444444445 0.06796875 0.11527777777777778
2 0.3703125 0.8631944444444445 0.0625 0.015277777777777777
2 0.36953125 0.9194444444444444 0.0671875 0.1
1 0.77890625 0.8784722222222222 0.203125 0.24027777777777778
2 0.847265625 0.8138888888888889 0.06640625 0.05555555555555555
2 0.72109375 0.8375 0.0703125 0.09722222222222222
2 0.75 0.9465277777777777 0.1296875 0.10416666666666667
2 0.799609375 0.7902777777777777 0.05703125 0.005555555555555556
2 0.816015625 0.81875 0.06015625 0.04861111111111111
2 0.755078125 0.7909722222222222 0.05390625 0.006944444444444444
2 0.771875 0.8395833333333333 0.0578125 0.09027777777777778
1 0.398046875 0.8104166666666667 0.21328125 0.09305555555555556
2 0.4703125 0.825 0.053125 0.06111111111111111
2 0.325390625 0.8305555555555556 0.04921875 0.06666666666666667
2 0.42109375 0.7986111111111112 0.046875 0.008333333333333333
2 0.422265625 0.8326388888888889 0.04921875 0.059722222222222225
2 0.37421875 0.7993055555555556 0.0453125 0.006944444444444444
2 0.373828125 0.8291666666666667 0.04765625 0.05277777777777778
1 0.75078125 0.8784722222222222 0.2 0.24027777777777778
2 0.809375 0.7784722222222222 0.0671875 0.015277777777777777
2 0.6890625 0.8166666666666667 0.0609375 0.08611111111111111
2 0.682421875 0.9166666666666666 0.04765625 0.09444444444444444
2 0.762109375 0.775 0.04765625 0.005555555555555556
2 0.77578125 0.7826388888888889 0.0515625 0.009722222222222222
2 0.72265625 0.7756944444444445 0.05 0.004166666666666667
2 0.7359375 0.7826388888888889 0.05 0.009722222222222222
1 0.396875 0.7840277777777778 0.1921875 0.043055555555555555
2 0.462109375 0.7868055555555555 0.04765625 0.018055555555555554
2 0.33125 0.7916666666666666 0.04375 0.022222222222222223
2 0.41796875 0.7819444444444444 0.0421875 0.005555555555555556
2 0.41875 0.7895833333333333 0.04375 0.009722222222222222
2 0.375390625 0.7819444444444444 0.04140625 0.005555555555555556
2 0.375 0.7902777777777777 0.04375 0.011111111111111112
2 0.955859375 0.8319444444444445 0.06484375 0.013888888888888888
2 0.959765625 0.8395833333333333 0.07265625 0.001388888888888889
2 0.892578125 0.8145833333333333 0.06015625 0.05138888888888889
2 0.78046875 0.7645833333333333 0.025 0.0125
2 0.8578125 0.7736111111111111 0.128125 0.03333333333333333
