3 0.499609375 0.8520833333333333 0.99921875 0.29305555555555557
4 0.317578125 0.7423611111111111 0.00234375 0.05138888888888889
4 0.25859375 0.75 0.0078125 0.030555555555555555
4 0.241796875 0.7909722222222222 0.00234375 0.07916666666666666
4 0.198828125 0.8048611111111111 0.02109375 0.08472222222222223
4 0.1078125 0.8284722222222223 0.0234375 0.05416666666666667
4 0.05703125 0.8416666666666667 0.0046875 0.013888888888888888
4 0.009375 0.8923611111111112 0.01875 0.07916666666666666
8 0.1921875 0.8625 0.0875 0.06944444444444445
8 0.868359375 0.7930555555555555 0.08203125 0.03333333333333333
5 0.43203125 0.6979166666666666 0.0390625 0.009722222222222222
5 0.43203125 0.6979166666666666 0.0390625 0.009722222222222222
5 0.43203125 0.6979166666666666 0.0390625 0.009722222222222222
5 0.43125 0.6895833333333333 0.040625 0.009722222222222222
5 0.43125 0.6895833333333333 0.040625 0.009722222222222222
5 0.43125 0.6895833333333333 0.040625 0.009722222222222222
5 0.433984375 0.70625 0.03515625 0.009722222222222222
5 0.433984375 0.70625 0.03515625 0.009722222222222222
5 0.433984375 0.70625 0.03515625 0.009722222222222222
5 0.490234375 0.7069444444444445 0.03984375 0.008333333333333333
5 0.490234375 0.7069444444444445 0.03984375 0.008333333333333333
5 0.490234375 0.7069444444444445 0.03984375 0.008333333333333333
5 0.490234375 0.6986111111111111 0.03984375 0.008333333333333333
5 0.490234375 0.6986111111111111 0.03984375 0.008333333333333333
5 0.490234375 0.6986111111111111 0.03984375 0.008333333333333333
5 0.490234375 0.6895833333333333 0.03984375 0.009722222222222222
5 0.490234375 0.6895833333333333 0.03984375 0.009722222222222222
5 0.490234375 0.6895833333333333 0.03984375 0.009722222222222222
5 0.490234375 0.6805555555555556 0.03984375 0.008333333333333333
5 0.490234375 0.6805555555555556 0.03984375 0.008333333333333333
5 0.490234375 0.6805555555555556 0.03984375 0.008333333333333333
6 0.47265625 0.7215277777777778 0.0375 0.07083333333333333
6 0.485546875 0.7097222222222223 0.03203125 0.06388888888888888
6 0.4734375 0.6611111111111111 0.040625 0.06944444444444445
6 0.480859375 0.7159722222222222 0.03359375 0.06805555555555555
6 0.40234375 0.7541666666666667 0.0609375 0.08333333333333333
6 0.403125 0.7666666666666667 0.0609375 0.08888888888888889
7 0.3046875 0.9006944444444445 0.1 0.034722222222222224
7 0.270703125 0.9354166666666667 0.11171875 0.043055555555555555
7 0.97734375 0.9909722222222223 0.04375 0.015277777777777777
7 0.954296875 0.9611111111111111 0.08984375 0.044444444444444446
7 0.011328125 0.8791666666666667 0.02265625 0.019444444444444445
7 0.133203125 0.8145833333333333 0.04453125 0.02638888888888889
7 0.315234375 0.7506944444444444 0.04765625 0.015277777777777777
6 0.00546875 0.9763888888888889 0.0109375 0.025
8 0.1046875 0.9826388888888888 0.04375 0.03194444444444444
5 0.05859375 0.9819444444444444 0.1171875 0.03333333333333333
8 0.17109375 0.9472222222222222 0.1 0.09166666666666666
5 0.190234375 0.9131944444444444 0.05234375 0.029166666666666667
8 0.125390625 0.9583333333333334 0.01328125 0.011111111111111112
8 0.31875 0.8201388888888889 0.0171875 0.0125
5 0.318359375 0.7993055555555556 0.01640625 0.018055555555555554
8 0.3546875 0.7604166666666666 0.0328125 0.018055555555555554
5 0.358984375 0.7513888888888889 0.02421875 0.011111111111111112
8 0.36328125 0.76875 0.003125 0.006944444444444444
5 0.36171875 0.7416666666666667 0.01875 0.005555555555555556
8 0.368359375 0.7652777777777777 0.00546875 0.0
5 0.366015625 0.7361111111111112 0.01015625 0.002777777777777778
8 0.36953125 0.7333333333333333 0.0 0.0
5 0.371484375 0.7326388888888888 0.00078125 0.001388888888888889
8 0.459375 0.7527777777777778 0.0171875 0.030555555555555555
5 0.456640625 0.7395833333333334 0.01640625 0.006944444444444444
8 0.46953125 0.7486111111111111 0.0109375 0.03333333333333333
5 0.460546875 0.7354166666666667 0.02265625 0.009722222222222222
8 0.457421875 0.7611111111111111 0.01328125 0.03611111111111111
5 0.455078125 0.7465277777777778 0.01171875 0.009722222222222222
8 0.452734375 0.7666666666666667 0.00703125 0.03333333333333333
5 0.45078125 0.7520833333333333 0.003125 0.009722222222222222
8 0.82890625 0.7319444444444444 0.0109375 0.025
5 0.846875 0.7229166666666667 0.04375 0.009722222222222222
8 0.8421875 0.7284722222222222 0.046875 0.02638888888888889
5 0.8390625 0.7166666666666667 0.0375 0.005555555555555556
8 0.853125 0.7340277777777777 0.0453125 0.020833333333333332
5 0.8546875 0.7256944444444444 0.0453125 0.006944444444444444
8 0.86171875 0.7368055555555556 0.0515625 0.015277777777777777
5 0.8609375 0.7326388888888888 0.046875 0.009722222222222222
8 0.790234375 0.7284722222222222 0.04453125 0.029166666666666667
5 0.78984375 0.7152777777777778 0.040625 0.002777777777777778
8 0.792578125 0.73125 0.04296875 0.02361111111111111
5 0.793359375 0.7222222222222222 0.04140625 0.008333333333333333
8 0.800390625 0.7381944444444445 0.04765625 0.029166666666666667
5 0.799609375 0.7243055555555555 0.04296875 0.004166666666666667
8 0.805078125 0.7375 0.04921875 0.019444444444444445
5 0.804296875 0.73125 0.04453125 0.009722222222222222
8 0.88125 0.7736111111111111 0.046875 0.03611111111111111
5 0.88046875 0.7618055555555555 0.040625 0.015277777777777777
8 0.930859375 0.7756944444444445 0.04921875 0.0375
5 0.93359375 0.7631944444444444 0.0359375 0.015277777777777777
8 0.83828125 0.7743055555555556 0.04375 0.04027777777777778
5 0.8375 0.7604166666666666 0.0390625 0.015277777777777777
8 0.789453125 0.7736111111111111 0.04140625 0.041666666666666664
5 0.7890625 0.7590277777777777 0.0359375 0.015277777777777777
8 0.865625 0.7569444444444444 0.05 0.03611111111111111
5 0.866796875 0.7430555555555556 0.04765625 0.011111111111111112
8 0.879296875 0.7611111111111111 0.05546875 0.030555555555555555
5 0.880078125 0.75 0.05390625 0.011111111111111112
8 0.830859375 0.7652777777777777 0.04140625 0.03888888888888889
5 0.830078125 0.7486111111111111 0.03671875 0.011111111111111112
8 0.784375 0.7638888888888888 0.0390625 0.03888888888888889
5 0.784375 0.7479166666666667 0.034375 0.009722222222222222
8 0.958984375 0.8291666666666667 0.08046875 0.044444444444444446
5 0.959765625 0.8152777777777778 0.07578125 0.019444444444444445
8 0.940625 0.8090277777777778 0.0671875 0.02638888888888889
5 0.9453125 0.8 0.071875 0.011111111111111112
8 0.984765625 0.8895833333333333 0.02890625 0.06805555555555555
5 0.98671875 0.8659722222222223 0.025 0.02361111111111111
8 0.976171875 0.8708333333333333 0.04609375 0.06388888888888888
5 0.977734375 0.8479166666666667 0.04296875 0.020833333333333332
8 0.906640625 0.8861111111111111 0.09765625 0.06944444444444445
5 0.905078125 0.8631944444444445 0.08828125 0.02638888888888889
8 0.89296875 0.8680555555555556 0.090625 0.06388888888888888
5 0.891015625 0.8423611111111111 0.08203125 0.018055555555555554
0 0.68125 0.7638888888888888 0.071875 0.25277777777777777
0 0.692578125 0.7076388888888889 0.05234375 0.17083333333333334
0 0.104296875 0.9201388888888888 0.20859375 0.15694444444444444
0 0.55859375 0.6666666666666666 0.0359375 0.11666666666666667
1 0.14765625 0.6736111111111112 0.06875 0.08055555555555556
1 0.12734375 0.6763888888888889 0.0578125 0.08333333333333333
1 0.08515625 0.6729166666666667 0.0703125 0.08194444444444444
1 0.069921875 0.6763888888888889 0.07265625 0.08333333333333333
1 0.030078125 0.6722222222222223 0.06015625 0.08055555555555556
1 0.022265625 0.6756944444444445 0.04453125 0.08194444444444444
1 0.971484375 0.66875 0.05546875 0.05138888888888889
2 0.953515625 0.6548611111111111 0.01484375 0.001388888888888889
2 0.9796875 0.6597222222222222 0.0390625 0.005555555555555556
2 0.9578125 0.7069444444444445 0.0015625 0.0
2 0.95234375 0.6583333333333333 0.003125 0.008333333333333333
2 0.95859375 0.6590277777777778 0.0046875 0.006944444444444444
2 0.976171875 0.6555555555555556 0.00703125 0.0
1 0.996484375 0.6854166666666667 0.00546875 0.05138888888888889
2 0.996875 0.7104166666666667 0.0046875 0.004166666666666667
2 0.996484375 0.6652777777777777 0.00546875 0.002777777777777778
1 0.928515625 0.69375 0.05546875 0.10138888888888889
2 0.909375 0.7020833333333333 0.0125 0.020833333333333332
2 0.930078125 0.6923611111111111 0.01796875 0.001388888888888889
2 0.913671875 0.6673611111111111 0.02109375 0.029166666666666667
2 0.933984375 0.6715277777777777 0.03828125 0.029166666666666667
2 0.934375 0.7104166666666667 0.0390625 0.034722222222222224
2 0.919140625 0.6541666666666667 0.00859375 0.0
2 0.93203125 0.6541666666666667 0.015625 0.0
2 0.921484375 0.6701388888888888 0.01328125 0.029166666666666667
2 0.937109375 0.6555555555555556 0.01640625 0.0
1 0.970703125 0.7069444444444445 0.05703125 0.1111111111111111
2 0.953515625 0.7243055555555555 0.01640625 0.03194444444444444
2 0.977734375 0.7083333333333334 0.00859375 0.0
2 0.962890625 0.6798611111111111 0.03671875 0.03194444444444444
2 0.980078125 0.6847222222222222 0.03828125 0.03333333333333333
2 0.975 0.7298611111111111 0.0484375 0.04027777777777778
2 0.95546875 0.6819444444444445 0.0109375 0.03333333333333333
2 0.96484375 0.6833333333333333 0.01875 0.03333333333333333
2 0.987109375 0.6673611111111111 0.02421875 0.001388888888888889
2 0.887890625 0.8263888888888888 0.08203125 0.058333333333333334
2 0.8109375 0.8333333333333334 0.075 0.075
2 0.7359375 0.7041666666666667 0.003125 0.030555555555555555
2 0.776171875 0.7013888888888888 0.00078125 0.022222222222222223
2 0.756640625 0.7111111111111111 0.03671875 0.03333333333333333
2 0.7953125 0.70625 0.0359375 0.02361111111111111
2 0.756640625 0.6819444444444445 0.03671875 0.03333333333333333
2 0.794921875 0.6826388888888889 0.03515625 0.03194444444444444
2 0.75625 0.6534722222222222 0.0375 0.03194444444444444
2 0.794921875 0.6534722222222222 0.03515625 0.03194444444444444
5 0.246484375 0.7770833333333333 0.07578125 0.020833333333333332
5 0.246484375 0.7895833333333333 0.07578125 0.020833333333333332
5 0.246484375 0.8006944444444445 0.07578125 0.020833333333333332
5 0.246484375 0.8125 0.07578125 0.022222222222222223
5 0.24609375 0.8375 0.075 0.022222222222222223
5 0.246484375 0.825 0.07578125 0.022222222222222223
5 0.246484375 0.8597222222222223 0.07421875 0.025
5 0.246484375 0.8486111111111111 0.07421875 0.022222222222222223
5 0.324609375 0.8013888888888889 0.07265625 0.022222222222222223
5 0.324609375 0.8145833333333333 0.07265625 0.020833333333333332
5 0.324609375 0.8381944444444445 0.07265625 0.02361111111111111
5 0.324609375 0.8263888888888888 0.07265625 0.022222222222222223
5 0.324609375 0.8625 0.07265625 0.025
5 0.324609375 0.85 0.07265625 0.022222222222222223
5 0.324609375 0.7909722222222222 0.07265625 0.020833333333333332
5 0.324609375 0.7784722222222222 0.07265625 0.020833333333333332
5 0.41328125 0.8041666666666667 0.0703125 0.022222222222222223
5 0.41328125 0.8166666666666667 0.0703125 0.022222222222222223
5 0.41328125 0.8409722222222222 0.0703125 0.02361111111111111
5 0.41328125 0.8291666666666667 0.0703125 0.022222222222222223
5 0.41328125 0.8645833333333334 0.0703125 0.02638888888888889
5 0.41328125 0.8520833333333333 0.0703125 0.02361111111111111
5 0.007421875 0.7625 0.01484375 0.011111111111111112
5 0.007421875 0.7708333333333334 0.01484375 0.011111111111111112
5 0.41328125 0.79375 0.0703125 0.020833333333333332
5 0.41328125 0.7805555555555556 0.0703125 0.019444444444444445
5 0.413671875 0.7090277777777778 0.06953125 0.018055555555555554
5 0.41328125 0.7215277777777778 0.0703125 0.018055555555555554
5 0.41328125 0.7458333333333333 0.0703125 0.019444444444444445
5 0.41328125 0.7333333333333333 0.0703125 0.019444444444444445
5 0.41328125 0.7694444444444445 0.0703125 0.019444444444444445
5 0.41328125 0.7576388888888889 0.0703125 0.018055555555555554
5 0.007421875 0.7548611111111111 0.01484375 0.009722222222222222
5 0.0078125 0.7472222222222222 0.015625 0.011111111111111112
5 0.413671875 0.6979166666666666 0.06953125 0.018055555555555554
5 0.413671875 0.6854166666666667 0.06953125 0.015277777777777777
