3 0.570703125 0.8847222222222222 0.85703125 0.22777777777777777
5 0.0234375 0.9923611111111111 0.04375 0.0125
5 0.0234375 0.9923611111111111 0.04375 0.0125
5 0.0234375 0.9923611111111111 0.04375 0.0125
5 0.02265625 0.975 0.0453125 0.04722222222222222
5 0.02265625 0.975 0.0453125 0.04722222222222222
5 0.02265625 0.975 0.0453125 0.04722222222222222
6 0.620703125 0.9875 0.02578125 0.022222222222222223
8 0.94140625 0.9423611111111111 0.084375 0.07083333333333333
5 0.941796875 0.9243055555555556 0.07421875 0.0375
8 0.875 0.9333333333333333 0.08125 0.06111111111111111
5 0.875390625 0.9090277777777778 0.07265625 0.034722222222222224
8 0.98125 0.9548611111111112 0.0359375 0.07083333333333333
5 0.983984375 0.9354166666666667 0.03046875 0.034722222222222224
8 0.8328125 0.9618055555555556 0.0875 0.07361111111111111
5 0.833203125 0.9333333333333333 0.07734375 0.03888888888888889
8 0.901953125 0.9645833333333333 0.08984375 0.06805555555555555
5 0.90234375 0.9513888888888888 0.0796875 0.041666666666666664
8 0.961328125 0.9715277777777778 0.07578125 0.05416666666666667
5 0.9640625 0.9673611111111111 0.0703125 0.04583333333333333
0 0.310546875 0.88125 0.16484375 0.23472222222222222
1 0.9546875 0.70625 0.0171875 0.03194444444444444
2 0.966796875 0.7138888888888889 0.03203125 0.022222222222222223
2 0.985546875 0.7173611111111111 0.02734375 0.018055555555555554
2 0.98984375 0.7069444444444445 0.01875 0.002777777777777778
2 0.996484375 0.7194444444444444 0.00546875 0.016666666666666666
1 0.9484375 0.7826388888888889 0.1015625 0.15416666666666667
2 0.920703125 0.7333333333333333 0.03671875 0.027777777777777776
2 0.984765625 0.7527777777777778 0.02421875 0.05
2 0.971875 0.8083333333333333 0.053125 0.05277777777777778
2 0.93984375 0.7375 0.0296875 0.025
2 0.9484375 0.7243055555555555 0.025 0.004166666666666667
2 0.96328125 0.7506944444444444 0.0296875 0.04583333333333333
2 0.971484375 0.7270833333333333 0.02578125 0.004166666666666667
1 0.899609375 0.8111111111111111 0.12890625 0.175
2 0.861328125 0.7465277777777778 0.04140625 0.0125
2 0.9375 0.7784722222222222 0.0421875 0.05694444444444444
2 0.940625 0.8416666666666667 0.0375 0.058333333333333334
2 0.88125 0.7520833333333333 0.0328125 0.009722222222222222
2 0.89140625 0.7472222222222222 0.028125 0.005555555555555556
2 0.90625 0.7555555555555555 0.0328125 0.008333333333333333
2 0.916015625 0.75 0.03203125 0.005555555555555556
1 0.8734375 0.8236111111111111 0.134375 0.18055555555555555
2 0.82890625 0.8444444444444444 0.034375 0.05555555555555555
2 0.83671875 0.8173611111111111 0.025 0.004166666666666667
2 0.833984375 0.7784722222222222 0.04453125 0.05694444444444444
2 0.91171875 0.7909722222222222 0.0453125 0.059722222222222225
2 0.886328125 0.8548611111111111 0.09765625 0.06805555555555555
2 0.85390625 0.7847222222222222 0.034375 0.05277777777777778
2 0.86484375 0.7569444444444444 0.0328125 0.005555555555555556
2 0.8796875 0.7888888888888889 0.034375 0.05555555555555555
2 0.890625 0.7604166666666666 0.03125 0.006944444444444444
2 0.505859375 0.8854166666666666 0.07109375 0.08472222222222223
2 0.52890625 0.8402777777777778 0.025 0.016666666666666666
2 0.587890625 0.9131944444444444 0.09140625 0.07916666666666666
2 0.587890625 0.8555555555555555 0.09140625 0.075
2 0.587890625 0.7944444444444444 0.09140625 0.08055555555555556
2 0.6109375 0.7520833333333333 0.0453125 0.018055555555555554
