7 0.25859375 0.9604166666666667 0.1203125 0.034722222222222224
5 0.60390625 0.9201388888888888 0.065625 0.020833333333333332
8 0.936328125 0.9013888888888889 0.03671875 0.022222222222222223
5 0.954296875 0.8715277777777778 0.06796875 0.004166666666666667
5 0.44609375 0.9104166666666667 0.1015625 0.018055555555555554
5 0.321875 0.8847222222222222 0.0734375 0.013888888888888888
2 0.96953125 0.80625 0.0171875 0.0375
5 0.977734375 0.9972222222222222 0.04296875 0.002777777777777778
5 0.54140625 0.9347222222222222 0.1296875 0.027777777777777776
5 0.977734375 0.8736111111111111 0.03984375 0.002777777777777778
3 0.499609375 0.9430555555555555 0.99921875 0.1111111111111111
8 0.590234375 0.9548611111111112 0.03984375 0.07916666666666666
8 0.928515625 0.8986111111111111 0.07734375 0.044444444444444446
5 0.89375 0.8763888888888889 0.0703125 0.011111111111111112
5 0.472265625 0.9180555555555555 0.11015625 0.022222222222222223
6 0.498828125 0.8645833333333334 0.08203125 0.0875
0 0.488671875 0.8111111111111111 0.08046875 0.18333333333333332
2 0.754296875 0.8270833333333333 0.07890625 0.020833333333333332
8 0.535546875 0.9354166666666667 0.06953125 0.06527777777777778
8 0.58359375 0.9444444444444444 0.10625 0.06944444444444445
8 0.607421875 0.9423611111111111 0.00546875 0.0375
4 0.870703125 0.9520833333333333 0.16328125 0.09305555555555556
8 0.50625 0.9590277777777778 0.1296875 0.07916666666666666
5 0.996875 0.8756944444444444 0.0015625 0.001388888888888889
0 0.998828125 0.875 0.00078125 0.025
2 0.81796875 0.7958333333333333 0.0484375 0.041666666666666664
8 0.97421875 0.9034722222222222 0.0359375 0.020833333333333332
5 0.555859375 0.90625 0.10078125 0.015277777777777777
5 0.322265625 0.8701388888888889 0.07421875 0.015277777777777777
6 0.723828125 0.9111111111111111 0.17734375 0.175
2 0.82734375 0.8819444444444444 0.034375 0.041666666666666664
2 0.9921875 0.8416666666666667 0.009375 0.0
4 0.52734375 0.9340277777777778 0.084375 0.12916666666666668
5 0.623046875 0.925 0.02578125 0.011111111111111112
6 0.8921875 0.9118055555555555 0.2015625 0.1736111111111111
5 0.222265625 0.8708333333333333 0.07578125 0.016666666666666666
5 0.503125 0.9243055555555556 0.1140625 0.02361111111111111
2 0.996875 0.8069444444444445 0.0046875 0.03888888888888889
6 0.5328125 0.7673611111111112 0.0890625 0.13472222222222222
8 0.894140625 0.8951388888888889 0.07734375 0.043055555555555555
8 0.54140625 0.9631944444444445 0.140625 0.07083333333333333
2 0.986328125 0.8069444444444445 0.01796875 0.03888888888888889
8 0.96328125 0.9027777777777778 0.071875 0.04722222222222222
6 0.533203125 0.8888888888888888 0.08984375 0.13333333333333333
5 0.964453125 0.8819444444444444 0.06640625 0.011111111111111112
4 0.411328125 0.9270833333333334 0.00703125 0.14305555555555555
8 0.431640625 0.9409722222222222 0.08203125 0.07083333333333333
5 0.5859375 0.9131944444444444 0.1015625 0.018055555555555554
8 0.469140625 0.9506944444444444 0.10859375 0.0763888888888889
2 0.971484375 0.8555555555555555 0.01796875 0.027777777777777776
4 0.70390625 0.9423611111111111 0.0125 0.1125
2 0.98984375 0.85625 0.01875 0.029166666666666667
2 0.75390625 0.7951388888888888 0.0796875 0.043055555555555555
5 0.98671875 0.8847222222222222 0.025 0.011111111111111112
8 0.987109375 0.9090277777777778 0.02421875 0.04027777777777778
5 0.222265625 0.8868055555555555 0.07578125 0.015277777777777777
8 0.998828125 0.8972222222222223 0.00078125 0.0
5 0.221484375 0.9006944444444445 0.07578125 0.015277777777777777
1 0.977734375 0.8215277777777777 0.04296875 0.09305555555555556
5 0.321484375 0.8986111111111111 0.07421875 0.013888888888888888
5 0.322265625 0.8541666666666666 0.07421875 0.013888888888888888
6 0.473828125 0.8631944444444445 0.06484375 0.08472222222222223
5 0.930078125 0.8791666666666667 0.07265625 0.011111111111111112
2 0.819140625 0.8375 0.04921875 0.041666666666666664
