3 0.499609375 0.8208333333333333 0.99921875 0.35555555555555557
4 0.115625 0.7256944444444444 0.009375 0.006944444444444444
4 0.062890625 0.7715277777777778 0.01015625 0.06527777777777778
4 0.003125 0.7861111111111111 0.00625 0.075
4 0.071484375 0.6784722222222223 0.00078125 0.02361111111111111
8 0.061328125 0.7958333333333333 0.07109375 0.05
8 0.628125 0.7819444444444444 0.0703125 0.03611111111111111
5 0.5015625 0.6631944444444444 0.025 0.006944444444444444
5 0.5015625 0.6631944444444444 0.025 0.006944444444444444
5 0.5015625 0.6631944444444444 0.025 0.006944444444444444
5 0.5015625 0.6527777777777778 0.025 0.008333333333333333
5 0.5015625 0.6527777777777778 0.025 0.008333333333333333
5 0.5015625 0.6527777777777778 0.025 0.008333333333333333
5 0.5015625 0.6701388888888888 0.025 0.006944444444444444
5 0.5015625 0.6701388888888888 0.025 0.006944444444444444
5 0.5015625 0.6701388888888888 0.025 0.006944444444444444
5 0.54765625 0.6743055555555556 0.025 0.006944444444444444
5 0.54765625 0.6743055555555556 0.025 0.006944444444444444
5 0.54765625 0.6743055555555556 0.025 0.006944444444444444
5 0.54765625 0.6659722222222222 0.025 0.006944444444444444
5 0.54765625 0.6659722222222222 0.025 0.006944444444444444
5 0.54765625 0.6659722222222222 0.025 0.006944444444444444
5 0.54765625 0.6583333333333333 0.025 0.008333333333333333
5 0.54765625 0.6583333333333333 0.025 0.008333333333333333
5 0.54765625 0.6583333333333333 0.025 0.008333333333333333
5 0.54765625 0.6493055555555556 0.025 0.009722222222222222
5 0.54765625 0.6493055555555556 0.025 0.009722222222222222
5 0.54765625 0.6493055555555556 0.025 0.009722222222222222
6 0.453515625 0.6916666666666667 0.04296875 0.06111111111111111
6 0.490625 0.6798611111111111 0.0375 0.05694444444444444
6 0.454296875 0.6409722222222223 0.04453125 0.059722222222222225
6 0.4734375 0.6854166666666667 0.040625 0.059722222222222225
6 0.334765625 0.7215277777777778 0.04921875 0.07083333333333333
6 0.298828125 0.7340277777777777 0.02734375 0.07916666666666666
7 0.100390625 0.8284722222222223 0.06796875 0.02638888888888889
7 0.03984375 0.8486111111111111 0.071875 0.030555555555555555
7 0.380859375 0.9534722222222223 0.09453125 0.04583333333333333
7 0.426171875 0.9194444444444444 0.07578125 0.03888888888888889
7 0.29609375 0.9902777777777778 0.1015625 0.016666666666666666
7 0.097265625 0.7569444444444444 0.01484375 0.013888888888888888
7 0.028515625 0.7125 0.04296875 0.013888888888888888
7 0.24609375 0.7416666666666667 0.003125 0.008333333333333333
7 0.073046875 0.6541666666666667 0.02890625 0.008333333333333333
7 0.096875 0.6506944444444445 0.021875 0.006944444444444444
7 0.01328125 0.6645833333333333 0.01875 0.009722222222222222
7 0.03671875 0.6597222222222222 0.03125 0.008333333333333333
8 0.365234375 0.71875 0.00703125 0.02361111111111111
5 0.3625 0.7090277777777778 0.00625 0.006944444444444444
8 0.369921875 0.71875 0.00234375 0.02361111111111111
5 0.367578125 0.7041666666666667 0.01640625 0.008333333333333333
8 0.37578125 0.7118055555555556 0.0328125 0.02638888888888889
5 0.379296875 0.6986111111111111 0.03984375 0.008333333333333333
8 0.405078125 0.7180555555555556 0.02734375 0.013888888888888888
5 0.401953125 0.7076388888888889 0.03515625 0.009722222222222222
8 0.42890625 0.7131944444444445 0.025 0.02361111111111111
5 0.41796875 0.7013888888888888 0.040625 0.008333333333333333
8 0.38046875 0.725 0.0390625 0.025
5 0.376953125 0.7104166666666667 0.02890625 0.006944444444444444
8 0.37421875 0.7333333333333333 0.0296875 0.027777777777777776
5 0.373046875 0.7194444444444444 0.02734375 0.011111111111111112
8 0.80625 0.7222222222222222 0.009375 0.025
5 0.787109375 0.7097222222222223 0.04140625 0.008333333333333333
8 0.801953125 0.7180555555555556 0.03359375 0.027777777777777776
5 0.79609375 0.7055555555555556 0.040625 0.011111111111111112
8 0.78828125 0.7298611111111111 0.0359375 0.029166666666666667
5 0.78359375 0.7166666666666667 0.0390625 0.011111111111111112
8 0.775390625 0.7361111111111112 0.04453125 0.030555555555555555
5 0.773828125 0.7229166666666667 0.04140625 0.0125
8 0.76484375 0.7076388888888889 0.0140625 0.015277777777777777
5 0.749609375 0.7013888888888888 0.03984375 0.008333333333333333
8 0.740625 0.7194444444444444 0.034375 0.019444444444444445
5 0.738671875 0.70625 0.03828125 0.009722222222222222
8 0.735546875 0.7236111111111111 0.04296875 0.025
5 0.73359375 0.7125 0.040625 0.011111111111111112
8 0.723046875 0.7298611111111111 0.04609375 0.02638888888888889
5 0.72890625 0.7180555555555556 0.03125 0.011111111111111112
8 0.712109375 0.7680555555555556 0.04609375 0.03888888888888889
5 0.712109375 0.7527777777777778 0.04140625 0.016666666666666666
8 0.753515625 0.7729166666666667 0.04609375 0.04027777777777778
5 0.753515625 0.7569444444444444 0.04140625 0.016666666666666666
8 0.671875 0.7666666666666667 0.0390625 0.03333333333333333
5 0.673046875 0.7493055555555556 0.03671875 0.015277777777777777
8 0.63671875 0.7604166666666666 0.046875 0.0375
5 0.640625 0.7444444444444445 0.0328125 0.013888888888888888
8 0.75078125 0.7458333333333333 0.05 0.027777777777777776
5 0.750390625 0.7326388888888888 0.04453125 0.009722222222222222
8 0.743359375 0.75625 0.05078125 0.034722222222222224
5 0.742578125 0.7416666666666667 0.04609375 0.013888888888888888
8 0.694921875 0.7520833333333333 0.04453125 0.034722222222222224
5 0.694921875 0.7381944444444445 0.03984375 0.0125
8 0.659765625 0.7479166666666667 0.03984375 0.03194444444444444
5 0.658203125 0.7347222222222223 0.03671875 0.013888888888888888
8 0.674609375 0.8083333333333333 0.00390625 0.008333333333333333
5 0.64140625 0.8048611111111111 0.0625 0.015277777777777777
8 0.660546875 0.8145833333333333 0.06640625 0.043055555555555555
5 0.659375 0.7958333333333333 0.059375 0.019444444444444445
8 0.490625 0.8611111111111112 0.078125 0.044444444444444446
5 0.484375 0.8416666666666667 0.059375 0.025
8 0.51640625 0.84375 0.0734375 0.0375
5 0.51640625 0.8277777777777777 0.0671875 0.022222222222222223
0 0.401171875 0.7479166666666667 0.10078125 0.2013888888888889
0 0.5609375 0.6972222222222222 0.065625 0.15555555555555556
0 0.5890625 0.6409722222222223 0.0484375 0.10138888888888889
1 0.26875 0.63125 0.028125 0.06527777777777778
1 0.260546875 0.6347222222222222 0.04453125 0.06944444444444445
1 0.240625 0.6305555555555555 0.0484375 0.06666666666666667
1 0.221484375 0.6333333333333333 0.05390625 0.06666666666666667
1 0.19765625 0.6270833333333333 0.0515625 0.0625
1 0.1875 0.6319444444444444 0.03125 0.06388888888888888
1 0.1359375 0.6194444444444445 0.028125 0.06111111111111111
1 0.0828125 0.65625 0.065625 0.07916666666666666
1 0.05703125 0.6555555555555556 0.065625 0.08055555555555556
1 0.93671875 0.6895833333333333 0.0421875 0.10416666666666667
2 0.955859375 0.7013888888888888 0.00078125 0.027777777777777776
2 0.9390625 0.6625 0.0328125 0.030555555555555555
2 0.934375 0.66875 0.034375 0.03194444444444444
2 0.951953125 0.7041666666666667 0.00546875 0.030555555555555555
2 0.9296875 0.6493055555555556 0.015625 0.001388888888888889
2 0.946484375 0.6638888888888889 0.01640625 0.027777777777777776
2 0.927734375 0.6520833333333333 0.01640625 0.001388888888888889
2 0.9453125 0.6666666666666666 0.0171875 0.027777777777777776
1 0.92734375 0.7125 0.0484375 0.11944444444444445
2 0.948828125 0.725 0.00078125 0.030555555555555555
2 0.93046875 0.6805555555555556 0.0375 0.03333333333333333
2 0.924609375 0.6888888888888889 0.03828125 0.03611111111111111
2 0.926953125 0.7319444444444444 0.04296875 0.041666666666666664
2 0.91953125 0.6673611111111111 0.01875 0.001388888888888889
2 0.9390625 0.6840277777777778 0.01875 0.03194444444444444
2 0.91875 0.6708333333333333 0.015625 0.0
2 0.937109375 0.6861111111111111 0.01953125 0.03333333333333333
1 0.892578125 0.6798611111111111 0.04296875 0.09027777777777778
2 0.895703125 0.6479166666666667 0.03359375 0.006944444444444444
2 0.8890625 0.6652777777777777 0.0328125 0.030555555555555555
2 0.90390625 0.7034722222222223 0.009375 0.034722222222222224
2 0.8859375 0.6472222222222223 0.015625 0.0
2 0.903125 0.6576388888888889 0.015625 0.020833333333333332
2 0.883984375 0.65 0.01484375 0.0
2 0.900390625 0.6590277777777778 0.01640625 0.018055555555555554
1 0.878125 0.7083333333333334 0.05 0.11666666666666667
2 0.89921875 0.7222222222222222 0.003125 0.03333333333333333
2 0.882421875 0.6784722222222223 0.03671875 0.034722222222222224
2 0.873828125 0.6861111111111111 0.03671875 0.03611111111111111
2 0.876953125 0.7277777777777777 0.04296875 0.041666666666666664
2 0.8703125 0.6645833333333333 0.01875 0.001388888888888889
2 0.889453125 0.6819444444444445 0.01796875 0.03333333333333333
2 0.86796875 0.6673611111111111 0.0171875 0.001388888888888889
2 0.887109375 0.6826388888888889 0.01953125 0.03194444444444444
2 0.95390625 0.9569444444444445 0.0125 0.08333333333333333
2 0.876953125 0.9847222222222223 0.13984375 0.027777777777777776
2 0.8765625 0.9388888888888889 0.140625 0.11944444444444445
2 0.89921875 0.8854166666666666 0.121875 0.10138888888888889
2 0.621484375 0.8472222222222222 0.11328125 0.08611111111111111
2 0.566796875 0.8895833333333333 0.12890625 0.10138888888888889
2 0.617578125 0.9583333333333334 0.02734375 0.08055555555555556
2 0.667578125 0.9111111111111111 0.02109375 0.07777777777777778
2 0.595703125 0.8673611111111111 0.12109375 0.09305555555555556
2 0.533984375 0.9159722222222222 0.13828125 0.1125
2 0.533984375 0.9722222222222222 0.13828125 0.05277777777777778
2 0.644140625 0.9361111111111111 0.02421875 0.08333333333333333
2 0.573828125 0.8041666666666667 0.07734375 0.03888888888888889
2 0.51796875 0.8069444444444445 0.0765625 0.058333333333333334
2 0.8234375 0.6881944444444444 0.009375 0.03194444444444444
2 0.75859375 0.6909722222222222 0.0359375 0.02638888888888889
2 0.79765625 0.6909722222222222 0.040625 0.02361111111111111
2 0.758203125 0.6659722222222222 0.03671875 0.029166666666666667
2 0.79765625 0.6673611111111111 0.040625 0.03194444444444444
2 0.760546875 0.6375 0.04140625 0.03333333333333333
2 0.79765625 0.6395833333333333 0.040625 0.03194444444444444
5 0.126953125 0.7354166666666667 0.06015625 0.018055555555555554
5 0.122265625 0.7458333333333333 0.05078125 0.016666666666666666
5 0.122265625 0.7534722222222222 0.05078125 0.015277777777777777
5 0.122265625 0.7618055555555555 0.05078125 0.018055555555555554
5 0.122265625 0.7798611111111111 0.05078125 0.018055555555555554
5 0.122265625 0.7708333333333334 0.05078125 0.016666666666666666
5 0.122265625 0.7965277777777777 0.05078125 0.018055555555555554
5 0.122265625 0.7888888888888889 0.05078125 0.013888888888888888
5 0.02421875 0.6986111111111111 0.040625 0.011111111111111112
5 0.019921875 0.7041666666666667 0.03203125 0.008333333333333333
5 0.170703125 0.7590277777777777 0.06015625 0.015277777777777777
5 0.169921875 0.7673611111111112 0.05859375 0.018055555555555554
5 0.1703125 0.7861111111111111 0.059375 0.016666666666666666
5 0.170703125 0.7770833333333333 0.06015625 0.018055555555555554
5 0.169921875 0.8034722222222223 0.05859375 0.018055555555555554
5 0.16953125 0.7944444444444444 0.0578125 0.016666666666666666
5 0.050390625 0.7013888888888888 0.03828125 0.011111111111111112
5 0.055078125 0.7083333333333334 0.02734375 0.011111111111111112
5 0.17109375 0.7506944444444444 0.0609375 0.018055555555555554
5 0.170703125 0.7409722222222223 0.06015625 0.018055555555555554
5 0.223046875 0.7652777777777777 0.06171875 0.016666666666666666
5 0.223046875 0.775 0.06171875 0.016666666666666666
5 0.223046875 0.79375 0.06171875 0.018055555555555554
5 0.223046875 0.7840277777777778 0.06171875 0.018055555555555554
5 0.223046875 0.8104166666666667 0.06171875 0.018055555555555554
5 0.223046875 0.8020833333333334 0.06171875 0.018055555555555554
5 0.08515625 0.7055555555555556 0.0421875 0.011111111111111112
5 0.084765625 0.7118055555555556 0.04296875 0.009722222222222222
5 0.223046875 0.7576388888888889 0.06171875 0.018055555555555554
5 0.223046875 0.7486111111111111 0.06171875 0.016666666666666666
5 0.223046875 0.6951388888888889 0.06171875 0.015277777777777777
5 0.223046875 0.7041666666666667 0.06171875 0.016666666666666666
5 0.223046875 0.7222222222222222 0.06171875 0.016666666666666666
5 0.223046875 0.7131944444444445 0.06171875 0.015277777777777777
5 0.223046875 0.7402777777777778 0.06171875 0.016666666666666666
5 0.223046875 0.73125 0.06171875 0.015277777777777777
5 0.08515625 0.7006944444444444 0.0421875 0.009722222222222222
5 0.084765625 0.6944444444444444 0.04296875 0.011111111111111112
5 0.223046875 0.6868055555555556 0.06171875 0.015277777777777777
5 0.223046875 0.6770833333333334 0.06171875 0.015277777777777777
