5 0.3734375 0.75625 0.0484375 0.009722222222222222
5 0.4890625 0.8888888888888888 0.00625 0.025
8 0.99453125 0.8381944444444445 0.009375 0.015277777777777777
5 0.951171875 0.7902777777777777 0.06171875 0.011111111111111112
8 0.3390625 0.8583333333333333 0.0 0.002777777777777778
2 0.844921875 0.6881944444444444 0.05859375 0.043055555555555555
8 0.922265625 0.8305555555555556 0.07421875 0.04722222222222222
8 0.983203125 0.8618055555555556 0.03203125 0.029166666666666667
8 0.9625 0.8215277777777777 0.0421875 0.0375
2 0.994921875 0.7145833333333333 0.00078125 0.02638888888888889
5 0.99609375 0.8347222222222223 0.00625 0.011111111111111112
6 0.439453125 0.90625 0.09296875 0.14305555555555555
8 0.461328125 0.8430555555555556 0.06640625 0.025
8 0.4921875 0.8520833333333333 0.003125 0.0125
5 0.36484375 0.8666666666666667 0.0546875 0.016666666666666666
8 0.384765625 0.8368055555555556 0.06484375 0.0125
6 0.483203125 0.7270833333333333 0.04921875 0.10138888888888889
8 0.492578125 0.8854166666666666 0.01015625 0.05138888888888889
5 0.448828125 0.7326388888888888 0.05078125 0.015277777777777777
5 0.58203125 0.9534722222222223 0.1203125 0.05694444444444444
0 0.844140625 0.8229166666666666 0.11328125 0.2763888888888889
2 0.79609375 0.725 0.05625 0.044444444444444446
5 0.979296875 0.8131944444444444 0.03984375 0.015277777777777777
3 0.499609375 0.8756944444444444 0.99921875 0.24583333333333332
5 0.489453125 0.8673611111111111 0.00703125 0.018055555555555554
8 0.9109375 0.7840277777777778 0.01875 0.015277777777777777
2 0.79609375 0.7611111111111111 0.05625 0.04722222222222222
8 0.9046875 0.8208333333333333 0.0515625 0.03611111111111111
5 0.3734375 0.7326388888888888 0.0484375 0.015277777777777777
5 0.575390625 0.9840277777777777 0.10703125 0.029166666666666667
8 0.95703125 0.9013888888888889 0.0390625 0.06388888888888888
5 0.387109375 0.7451388888888889 0.02109375 0.009722222222222222
2 0.847265625 0.7263888888888889 0.04453125 0.03888888888888889
5 0.878515625 0.7791666666666667 0.03984375 0.008333333333333333
7 0.203515625 0.9673611111111111 0.10390625 0.034722222222222224
8 0.88671875 0.8104166666666667 0.0515625 0.034722222222222224
5 0.371484375 0.8506944444444444 0.04609375 0.0125
8 0.94921875 0.8069444444444445 0.0625 0.041666666666666664
5 0.904296875 0.8006944444444445 0.05390625 0.015277777777777777
5 0.58203125 0.9305555555555556 0.1203125 0.05277777777777778
6 0.4796875 0.7881944444444444 0.0375 0.0875
2 0.760546875 0.7493055555555556 0.01328125 0.043055555555555555
7 0.266796875 0.8618055555555556 0.07578125 0.02638888888888889
5 0.487890625 0.8506944444444444 0.00390625 0.0125
5 0.582421875 0.9729166666666667 0.12109375 0.05138888888888889
5 0.448828125 0.7201388888888889 0.05078125 0.015277777777777777
8 0.977734375 0.8263888888888888 0.04296875 0.03888888888888889
5 0.58203125 0.8881944444444444 0.1203125 0.05138888888888889
8 0.900390625 0.7833333333333333 0.00390625 0.0
2 0.99765625 0.7145833333333333 0.003125 0.02638888888888889
5 0.448828125 0.74375 0.05078125 0.015277777777777777
5 0.3828125 0.8361111111111111 0.059375 0.013888888888888888
5 0.921484375 0.8131944444444444 0.06640625 0.015277777777777777
0 0.551171875 0.7111111111111111 0.04609375 0.1527777777777778
5 0.440625 0.7534722222222222 0.034375 0.015277777777777777
6 0.47890625 0.775 0.0359375 0.08055555555555556
1 0.991015625 0.7277777777777777 0.01640625 0.1
5 0.930859375 0.78125 0.05390625 0.0125
5 0.568359375 0.9930555555555556 0.09296875 0.011111111111111112
5 0.460546875 0.8368055555555556 0.06015625 0.015277777777777777
5 0.58203125 0.9111111111111111 0.1203125 0.05277777777777778
2 0.996875 0.7541666666666667 0.0046875 0.030555555555555555
6 0.48125 0.8159722222222222 0.0453125 0.09305555555555556
2 0.84609375 0.7548611111111111 0.0421875 0.02638888888888889
0 0.9609375 0.8840277777777777 0.0765625 0.22916666666666666
8 0.49140625 0.9097222222222222 0.0109375 0.06388888888888888
6 0.466015625 0.93125 0.11171875 0.13472222222222222
5 0.9703125 0.8006944444444445 0.0578125 0.015277777777777777
4 0.215625 0.9784722222222222 0.0046875 0.04027777777777778
5 0.984765625 0.8576388888888888 0.02890625 0.02638888888888889
1 0.020703125 0.7229166666666667 0.04140625 0.1125
8 0.36328125 0.8902777777777777 0.05625 0.03611111111111111
4 0.23203125 0.9486111111111111 0.03125 0.1
8 0.941015625 0.8777777777777778 0.06796875 0.06388888888888888
8 0.359765625 0.9097222222222222 0.06484375 0.06388888888888888
5 0.887109375 0.7909722222222222 0.05546875 0.0125
5 0.941796875 0.85625 0.06328125 0.02361111111111111
5 0.359765625 0.8881944444444444 0.06484375 0.02361111111111111
5 0.96953125 0.8833333333333333 0.059375 0.030555555555555555
2 0.79609375 0.6888888888888889 0.05625 0.041666666666666664
2 0.99765625 0.7597222222222222 0.003125 0.03611111111111111
1 0.0125 0.7305555555555555 0.025 0.11666666666666667
