3 0.295703125 0.7777777777777778 0.59140625 0.2
4 0.2140625 0.6777777777777778 0.0109375 0.04722222222222222
4 0.062890625 0.6784722222222223 0.00234375 0.04583333333333333
4 0.004296875 0.6798611111111111 0.00859375 0.04861111111111111
4 0.03125 0.6736111111111112 0.0171875 0.041666666666666664
8 0.049609375 0.6972222222222222 0.04765625 0.03333333333333333
8 0.516015625 0.7013888888888888 0.00390625 0.030555555555555555
6 0.449609375 0.61875 0.04296875 0.043055555555555555
7 0.060546875 0.7104166666666667 0.02578125 0.015277777777777777
7 0.021875 0.7138888888888889 0.04375 0.016666666666666666
7 0.2234375 0.7347222222222223 0.071875 0.022222222222222223
7 0.256640625 0.7263888888888889 0.00546875 0.011111111111111112
7 0.036328125 0.7506944444444444 0.07265625 0.02638888888888889
7 0.13671875 0.7430555555555556 0.059375 0.025
7 0.069140625 0.6875 0.00859375 0.008333333333333333
7 0.235546875 0.6944444444444444 0.03671875 0.011111111111111112
8 0.215625 0.69375 0.015625 0.02638888888888889
5 0.2140625 0.68125 0.0125 0.004166666666666667
8 0.510546875 0.7090277777777778 0.01640625 0.029166666666666667
5 0.510546875 0.6902777777777778 0.01640625 0.008333333333333333
0 0.6703125 0.6208333333333333 0.0734375 0.2833333333333333
0 0.335546875 0.6013888888888889 0.06953125 0.07777777777777778
0 0.51796875 0.6388888888888888 0.0546875 0.125
0 0.580859375 0.6166666666666667 0.01953125 0.04722222222222222
1 0.3140625 0.6277777777777778 0.009375 0.011111111111111112
1 0.305859375 0.63125 0.02421875 0.018055555555555554
1 0.29609375 0.6319444444444444 0.0453125 0.016666666666666666
1 0.278125 0.6513888888888889 0.0453125 0.058333333333333334
1 0.255859375 0.6513888888888889 0.03359375 0.05555555555555555
1 0.23984375 0.6513888888888889 0.0359375 0.058333333333333334
1 0.21953125 0.65 0.03125 0.05
1 0.1390625 0.6347222222222222 0.059375 0.03333333333333333
1 0.12421875 0.6354166666666666 0.0328125 0.03194444444444444
1 0.00859375 0.6541666666666667 0.0171875 0.075
1 0.019140625 0.6548611111111111 0.03828125 0.0763888888888889
2 0.581640625 0.7361111111111112 0.12578125 0.06666666666666667
2 0.581640625 0.6729166666666667 0.12578125 0.06527777777777778
2 0.478125 0.6673611111111111 0.0359375 0.05138888888888889
2 0.411328125 0.6694444444444444 0.01796875 0.05555555555555555
2 0.4109375 0.725 0.0171875 0.05555555555555555
2 0.478125 0.71875 0.0359375 0.05138888888888889
2 0.440234375 0.66875 0.03984375 0.05416666666666667
2 0.31484375 0.6708333333333333 0.109375 0.06111111111111111
2 0.314453125 0.7298611111111111 0.11015625 0.0625
2 0.440234375 0.7222222222222222 0.03984375 0.05555555555555555
2 0.502734375 0.6840277777777778 0.00078125 0.004166666666666667
5 0.121875 0.6555555555555556 0.028125 0.005555555555555556
5 0.1234375 0.6631944444444444 0.03125 0.006944444444444444
5 0.121875 0.6701388888888888 0.028125 0.006944444444444444
5 0.121875 0.6777777777777778 0.028125 0.005555555555555556
5 0.121484375 0.6930555555555555 0.02890625 0.005555555555555556
5 0.121875 0.6854166666666667 0.028125 0.006944444444444444
5 0.121484375 0.7076388888888889 0.02890625 0.006944444444444444
5 0.121484375 0.6993055555555555 0.02890625 0.006944444444444444
5 0.070703125 0.68125 0.00546875 0.001388888888888889
5 0.148828125 0.6708333333333333 0.04921875 0.005555555555555556
5 0.148828125 0.6784722222222223 0.04921875 0.006944444444444444
5 0.1484375 0.69375 0.05 0.006944444444444444
5 0.1484375 0.6868055555555556 0.05 0.006944444444444444
5 0.1453125 0.7090277777777778 0.04375 0.006944444444444444
5 0.145703125 0.7006944444444444 0.04453125 0.006944444444444444
5 0.14609375 0.6638888888888889 0.04375 0.005555555555555556
5 0.14609375 0.65625 0.04375 0.006944444444444444
5 0.18828125 0.6715277777777777 0.053125 0.006944444444444444
5 0.187890625 0.6798611111111111 0.05390625 0.006944444444444444
5 0.1875 0.6958333333333333 0.053125 0.008333333333333333
5 0.187890625 0.6875 0.05390625 0.008333333333333333
5 0.1875 0.7111111111111111 0.053125 0.008333333333333333
5 0.1875 0.7027777777777777 0.053125 0.008333333333333333
5 0.18828125 0.6645833333333333 0.053125 0.006944444444444444
5 0.18828125 0.65625 0.053125 0.006944444444444444
5 0.18828125 0.6104166666666667 0.053125 0.006944444444444444
5 0.18828125 0.61875 0.053125 0.006944444444444444
5 0.18828125 0.6340277777777777 0.053125 0.006944444444444444
5 0.18828125 0.6263888888888889 0.053125 0.005555555555555556
5 0.18828125 0.6493055555555556 0.053125 0.006944444444444444
5 0.18828125 0.6409722222222223 0.053125 0.006944444444444444
5 0.188671875 0.6034722222222222 0.05234375 0.006944444444444444
5 0.1890625 0.5951388888888889 0.053125 0.006944444444444444
