1 0.9234375 0.6861111111111111 0.0734375 0.09444444444444444
1 0.019140625 0.7055555555555556 0.03828125 0.1111111111111111
4 0.390625 0.9847222222222223 0.0375 0.027777777777777776
5 0.353125 0.7048611111111112 0.0484375 0.015277777777777777
5 0.5796875 0.9944444444444445 0.053125 0.008333333333333333
6 0.487109375 0.7527777777777778 0.03828125 0.07777777777777778
0 0.523828125 0.6743055555555556 0.04609375 0.1375
2 0.770703125 0.6486111111111111 0.05234375 0.03888888888888889
8 0.494140625 0.8166666666666667 0.05859375 0.04722222222222222
2 0.730859375 0.6805555555555556 0.05078125 0.03888888888888889
8 0.803125 0.7395833333333334 0.053125 0.02361111111111111
5 0.353125 0.69375 0.0484375 0.015277777777777777
5 0.49921875 0.8152777777777778 0.0546875 0.019444444444444445
8 0.79296875 0.74375 0.003125 0.0125
8 0.4265625 0.8104166666666667 0.05625 0.03194444444444444
1 0.023828125 0.6972222222222222 0.04765625 0.10555555555555556
5 0.49140625 0.9888888888888889 0.0875 0.019444444444444445
5 0.353125 0.7138888888888889 0.0484375 0.013888888888888888
5 0.816015625 0.7381944444444445 0.04609375 0.006944444444444444
8 0.957421875 0.8027777777777778 0.00859375 0.008333333333333333
6 0.498828125 0.76875 0.04609375 0.0763888888888889
8 0.5265625 0.9798611111111111 0.05625 0.034722222222222224
5 0.437109375 0.8333333333333334 0.05703125 0.019444444444444445
5 0.421875 0.7034722222222223 0.0484375 0.0125
2 0.696484375 0.6993055555555555 0.01640625 0.04027777777777778
5 0.8671875 0.7395833333333334 0.040625 0.0125
2 0.96171875 0.6729166666666667 0.0015625 0.029166666666666667
5 0.421875 0.6923611111111111 0.0484375 0.015277777777777777
5 0.88515625 0.7576388888888889 0.0046875 0.009722222222222222
8 0.442578125 0.8694444444444445 0.06640625 0.05555555555555555
5 0.853515625 0.7291666666666666 0.04921875 0.011111111111111112
2 0.95546875 0.6701388888888888 0.0140625 0.03194444444444444
5 0.7171875 0.9840277777777777 0.1015625 0.029166666666666667
5 0.493359375 0.8 0.05390625 0.016666666666666666
8 0.954296875 0.8222222222222222 0.01484375 0.03333333333333333
8 0.854296875 0.7451388888888889 0.01484375 0.006944444444444444
8 0.95390625 0.8444444444444444 0.0140625 0.03611111111111111
5 0.872265625 0.8027777777777778 0.03046875 0.022222222222222223
2 0.730859375 0.6493055555555556 0.05078125 0.04027777777777778
5 0.717578125 0.8840277777777777 0.10078125 0.04027777777777778
5 0.8875 0.8166666666666667 0.0 0.008333333333333333
5 0.717578125 0.9145833333333333 0.10078125 0.043055555555555555
4 0.37421875 0.9243055555555556 0.0375 0.10416666666666667
8 0.478125 0.8243055555555555 0.0 0.001388888888888889
8 0.498046875 0.8298611111111112 0.05703125 0.04583333333333333
5 0.953515625 0.7819444444444444 0.01328125 0.008333333333333333
5 0.954296875 0.7944444444444444 0.01484375 0.016666666666666666
3 0.480859375 0.8465277777777778 0.96171875 0.30416666666666664
5 0.717578125 0.8652777777777778 0.10078125 0.044444444444444446
5 0.7171875 0.9625 0.1015625 0.044444444444444446
5 0.717578125 0.93125 0.10078125 0.043055555555555555
2 0.9546875 0.6958333333333333 0.0140625 0.002777777777777778
8 0.842578125 0.7631944444444444 0.04609375 0.0375
6 0.500390625 0.7013888888888888 0.04921875 0.08888888888888889
5 0.6 0.9861111111111112 0.09375 0.025
8 0.858984375 0.7770833333333333 0.05234375 0.029166666666666667
8 0.870703125 0.81875 0.03203125 0.05138888888888889
6 0.517578125 0.8659722222222223 0.07890625 0.12083333333333333
1 0.955078125 0.6659722222222222 0.01328125 0.05694444444444444
5 0.717578125 0.8986111111111111 0.10078125 0.041666666666666664
5 0.706640625 0.9916666666666667 0.08046875 0.013888888888888888
4 0.39609375 0.9618055555555556 0.003125 0.07361111111111111
2 0.730859375 0.7118055555555556 0.05078125 0.04027777777777778
6 0.48203125 0.7444444444444445 0.0375 0.08333333333333333
0 0.95390625 0.8805555555555555 0.015625 0.2361111111111111
5 0.428125 0.8180555555555555 0.0515625 0.019444444444444445
0 0.81953125 0.7805555555555556 0.103125 0.225
5 0.846875 0.7486111111111111 0.03125 0.011111111111111112
2 0.959375 0.6520833333333333 0.00625 0.001388888888888889
5 0.80234375 0.73125 0.0484375 0.0125
5 0.85625 0.7611111111111111 0.05 0.013888888888888888
5 0.717578125 0.9472222222222222 0.10078125 0.044444444444444446
2 0.776953125 0.7138888888888889 0.03984375 0.03333333333333333
7 0.24140625 0.9930555555555556 0.040625 0.011111111111111112
5 0.69609375 0.9972222222222222 0.059375 0.002777777777777778
5 0.421875 0.7118055555555556 0.0484375 0.0125
5 0.421875 0.68125 0.0484375 0.015277777777777777
7 0.3234375 0.8270833333333333 0.0625 0.02361111111111111
5 0.44140625 0.8520833333333333 0.059375 0.02361111111111111
8 0.427734375 0.8361111111111111 0.05390625 0.04722222222222222
2 0.776953125 0.6819444444444445 0.03984375 0.03333333333333333
8 0.454296875 0.9840277777777777 0.05546875 0.029166666666666667
6 0.563671875 0.9048611111111111 0.09140625 0.14305555555555555
8 0.437890625 0.8479166666666667 0.06328125 0.04861111111111111
5 0.954296875 0.8215277777777777 0.01484375 0.02361111111111111
5 0.456640625 0.9833333333333333 0.05078125 0.030555555555555555
8 0.958203125 0.7861111111111111 0.00078125 0.0
8 0.917578125 0.8340277777777778 0.06640625 0.04027777777777778
7 0.329296875 0.9263888888888889 0.07890625 0.03333333333333333
5 0.535546875 0.9805555555555555 0.06484375 0.03611111111111111
2 0.955078125 0.6493055555555556 0.01484375 0.001388888888888889
5 0.498046875 0.9972222222222222 0.03515625 0.002777777777777778
4 0.37421875 0.8513888888888889 0.009375 0.08055555555555556
8 0.854296875 0.7354166666666667 0.05390625 0.018055555555555554
5 0.7171875 0.9763888888888889 0.1015625 0.044444444444444446
5 0.87578125 0.7486111111111111 0.0234375 0.013888888888888888
2 0.951953125 0.6743055555555556 0.00859375 0.03194444444444444
5 0.426171875 0.8020833333333334 0.05234375 0.015277777777777777
2 0.95234375 0.6534722222222222 0.009375 0.004166666666666667
8 0.874609375 0.7625 0.02578125 0.03611111111111111
8 0.883984375 0.7701388888888889 0.00703125 0.03194444444444444
5 0.952734375 0.8034722222222223 0.01171875 0.0125
