6 0.151953125 0.6638888888888889 0.04765625 0.04722222222222222
8 0.341015625 0.8777777777777778 0.06171875 0.05
1 0.92109375 0.7604166666666666 0.05 0.13472222222222222
7 0.00390625 0.6902777777777778 0.0078125 0.008333333333333333
6 0.273828125 0.6763888888888889 0.01328125 0.058333333333333334
7 0.353515625 0.7125 0.02890625 0.011111111111111112
6 0.273828125 0.7305555555555555 0.01328125 0.058333333333333334
1 0.920703125 0.7368055555555556 0.04296875 0.10416666666666667
6 0.116015625 0.7222222222222222 0.04921875 0.058333333333333334
4 0.013671875 0.79375 0.02734375 0.0625
2 0.1953125 0.65 0.0109375 0.0
4 0.132421875 0.73125 0.01640625 0.04861111111111111
1 0.87421875 0.7423611111111111 0.0453125 0.12083333333333333
1 0.533984375 0.7291666666666666 0.08203125 0.10833333333333334
5 0.998828125 0.9361111111111111 0.00078125 0.019444444444444445
0 0.1984375 0.7 0.0046875 0.09722222222222222
7 0.898828125 0.7458333333333333 0.02109375 0.013888888888888888
8 0.303515625 0.8958333333333334 0.07265625 0.06111111111111111
8 0.57265625 0.6888888888888889 0.0078125 0.005555555555555556
5 0.640625 0.6756944444444445 0.028125 0.006944444444444444
8 0.18359375 0.8868055555555555 0.0328125 0.04583333333333333
1 0.19296875 0.6625 0.0046875 0.030555555555555555
2 0.1921875 0.6625 0.00625 0.019444444444444445
1 0.176953125 0.6645833333333333 0.02265625 0.0375
1 0.01953125 0.7048611111111112 0.0390625 0.0875
5 0.640625 0.6826388888888889 0.028125 0.006944444444444444
5 0.6796875 0.6756944444444445 0.00625 0.006944444444444444
6 0.114453125 0.8375 0.08515625 0.11388888888888889
5 0.428515625 0.7618055555555555 0.04609375 0.015277777777777777
7 0.16640625 0.8090277777777778 0.003125 0.0125
6 0.607421875 0.6729166666666667 0.02265625 0.04027777777777778
6 0.524609375 0.9 0.09765625 0.1388888888888889
6 0.29375 0.6729166666666667 0.0328125 0.059722222222222225
7 0.84765625 0.7416666666666667 0.021875 0.013888888888888888
0 0.048046875 0.6833333333333333 0.07734375 0.1111111111111111
7 0.407421875 0.7680555555555556 0.01953125 0.019444444444444445
1 0.36796875 0.7097222222222223 0.075 0.09166666666666666
7 0.78203125 0.7381944444444445 0.0234375 0.0125
3 0.499609375 0.8423611111111111 0.99921875 0.3125
5 0.476953125 0.7659722222222223 0.03046875 0.0125
8 0.004296875 0.825 0.00703125 0.019444444444444445
6 0.372265625 0.7805555555555556 0.09609375 0.12222222222222222
8 0.301953125 0.86875 0.06484375 0.05416666666666667
5 0.462890625 0.7743055555555556 0.02109375 0.0125
5 0.001953125 0.8180555555555555 0.00234375 0.008333333333333333
5 0.533203125 0.7118055555555556 0.03046875 0.006944444444444444
7 0.423046875 0.8576388888888888 0.05234375 0.03194444444444444
4 0.130859375 0.7805555555555556 0.01796875 0.011111111111111112
4 0.05390625 0.7236111111111111 0.009375 0.04722222222222222
4 0.2875 0.7423611111111111 0.00625 0.05138888888888889
1 0.972265625 0.7090277777777778 0.04296875 0.09027777777777778
5 0.998828125 0.8979166666666667 0.00078125 0.020833333333333332
1 0.546484375 0.7229166666666667 0.07109375 0.10416666666666667
5 0.1609375 0.8548611111111111 0.0703125 0.02638888888888889
5 0.4640625 0.7666666666666667 0.0234375 0.013888888888888888
2 0.1828125 0.6854166666666667 0.0 0.004166666666666667
5 0.428515625 0.7840277777777778 0.04609375 0.0125
7 0.071484375 0.6951388888888889 0.00546875 0.006944444444444444
7 0.058203125 0.7555555555555555 0.04765625 0.013888888888888888
5 0.276953125 0.8631944444444445 0.01953125 0.018055555555555554
5 0.1859375 0.8631944444444445 0.028125 0.02361111111111111
2 0.194140625 0.6652777777777777 0.00234375 0.022222222222222223
5 0.34296875 0.8541666666666666 0.0578125 0.025
0 0.183203125 0.6916666666666667 0.03671875 0.11944444444444445
5 0.533203125 0.7166666666666667 0.03046875 0.008333333333333333
6 0.575390625 0.6729166666666667 0.01328125 0.0375
4 0.0984375 0.7284722222222222 0.00625 0.04583333333333333
7 0.399609375 0.7138888888888889 0.00703125 0.008333333333333333
5 0.43125 0.7694444444444445 0.0453125 0.011111111111111112
6 0.11640625 0.6708333333333333 0.0484375 0.058333333333333334
7 0.188671875 0.8347222222222223 0.02265625 0.019444444444444445
5 0.998828125 0.9173611111111111 0.00078125 0.020833333333333332
7 0.440625 0.7173611111111111 0.0265625 0.0125
8 0.27890625 0.8777777777777778 0.0234375 0.03888888888888889
6 0.44609375 0.8909722222222223 0.096875 0.13472222222222222
5 0.277734375 0.8388888888888889 0.02109375 0.013888888888888888
8 0.1609375 0.8756944444444444 0.078125 0.05694444444444444
1 0.91953125 0.725 0.040625 0.09722222222222222
2 0.178125 0.6513888888888889 0.0015625 0.0
5 0.298828125 0.8472222222222222 0.06328125 0.025
4 0.1890625 0.7354166666666667 0.00625 0.04861111111111111
5 0.6796875 0.6902777777777778 0.00625 0.005555555555555556
1 0.870703125 0.7569444444444444 0.04921875 0.13055555555555556
6 0.03203125 0.8319444444444445 0.0640625 0.10555555555555556
2 0.1859375 0.6513888888888889 0.0078125 0.0
5 0.640625 0.6680555555555555 0.028125 0.008333333333333333
1 0.00625 0.7069444444444445 0.0125 0.08611111111111111
5 0.533203125 0.7076388888888889 0.03046875 0.004166666666666667
5 0.18984375 0.8388888888888889 0.0203125 0.016666666666666666
5 0.473828125 0.7590277777777777 0.04140625 0.0125
0 0.00390625 0.7138888888888889 0.0078125 0.022222222222222223
5 0.3015625 0.8729166666666667 0.06875 0.029166666666666667
5 0.43125 0.7770833333333333 0.0453125 0.0125
6 0.371875 0.8840277777777777 0.0953125 0.12361111111111112
8 0.022265625 0.8263888888888888 0.04296875 0.041666666666666664
5 0.640625 0.6895833333333333 0.028125 0.006944444444444444
8 0.282421875 0.8458333333333333 0.01953125 0.019444444444444445
1 0.340625 0.7180555555555556 0.0640625 0.1
2 0.176953125 0.6638888888888889 0.02265625 0.022222222222222223
0 0.76875 0.8694444444444445 0.171875 0.25833333333333336
5 0.6796875 0.6833333333333333 0.00625 0.005555555555555556
6 0.292578125 0.725 0.03046875 0.058333333333333334
4 0.45234375 0.7548611111111111 0.0046875 0.05416666666666667
8 0.6796875 0.7083333333333334 0.00625 0.013888888888888888
1 0.877734375 0.7256944444444444 0.03984375 0.10138888888888889
2 0.183203125 0.68125 0.00078125 0.001388888888888889
5 0.01953125 0.8083333333333333 0.0390625 0.016666666666666666
4 0.061328125 0.8027777777777778 0.00703125 0.06666666666666667
7 0.734765625 0.7340277777777777 0.02421875 0.0125
6 0.283203125 0.6784722222222223 0.00234375 0.015277777777777777
4 0.330859375 0.7458333333333333 0.02421875 0.05277777777777778
2 0.64375 0.9861111111111112 0.1921875 0.025
8 0.187109375 0.8465277777777778 0.02265625 0.0125
6 0.128125 0.6944444444444444 0.0 0.0
6 0.2953125 0.6833333333333333 0.034375 0.044444444444444446
