3 0.92734375 0.8909722222222223 0.14375 0.20416666666666666
7 0.887890625 0.98125 0.06171875 0.034722222222222224
7 0.94765625 0.9465277777777777 0.103125 0.04861111111111111
7 0.983203125 0.9194444444444444 0.03203125 0.03333333333333333
1 0.979296875 0.7805555555555556 0.03984375 0.17777777777777778
2 0.981640625 0.7388888888888889 0.03515625 0.058333333333333334
2 0.98203125 0.8111111111111111 0.034375 0.06666666666666667
2 0.9921875 0.7090277777777778 0.0140625 0.001388888888888889
1 0.960546875 0.7361111111111112 0.07734375 0.14166666666666666
2 0.98203125 0.6819444444444445 0.034375 0.002777777777777778
2 0.953515625 0.70625 0.05546875 0.043055555555555555
2 0.9625 0.7618055555555555 0.0734375 0.05138888888888889
2 0.965625 0.6826388888888889 0.028125 0.001388888888888889
2 0.987109375 0.6944444444444444 0.02421875 0.022222222222222223
2 0.9546875 0.6840277777777778 0.025 0.001388888888888889
2 0.976953125 0.6965277777777777 0.03359375 0.02361111111111111
1 0.885546875 0.7520833333333333 0.06015625 0.15416666666666667
2 0.878125 0.7548611111111111 0.015625 0.001388888888888889
2 0.893359375 0.7805555555555556 0.03515625 0.05
2 0.8828125 0.7166666666666667 0.05625 0.05
2 0.859375 0.7229166666666667 0.009375 0.04861111111111111
2 0.87578125 0.7847222222222222 0.040625 0.05555555555555555
2 0.861328125 0.69375 0.01328125 0.001388888888888889
2 0.879296875 0.7194444444444444 0.03203125 0.05
2 0.8671875 0.7208333333333333 0.025 0.05
1 0.91640625 0.7340277777777777 0.096875 0.1375
2 0.9546875 0.7361111111111112 0.0078125 0.002777777777777778
2 0.93984375 0.6791666666666667 0.04375 0.005555555555555556
2 0.896484375 0.7020833333333333 0.04921875 0.043055555555555555
2 0.918359375 0.7548611111111111 0.06328125 0.04583333333333333
2 0.91796875 0.6784722222222223 0.00625 0.001388888888888889
2 0.945703125 0.6819444444444445 0.00703125 0.0
2 0.8984375 0.6798611111111111 0.021875 0.001388888888888889
2 0.918359375 0.6868055555555556 0.02265625 0.0125
1 0.85546875 0.6819444444444445 0.0015625 0.016666666666666666
2 0.874609375 0.6791666666666667 0.03984375 0.022222222222222223
