5 0.876171875 0.9333333333333333 0.07109375 0.03611111111111111
2 0.6140625 0.7604166666666666 0.025 0.0125
2 0.015625 0.9743055555555555 0.028125 0.04861111111111111
2 0.624609375 0.7277777777777777 0.02265625 0.002777777777777778
8 0.875390625 0.9548611111111112 0.08046875 0.0763888888888889
2 0.690234375 0.7604166666666666 0.03203125 0.0125
8 0.55 0.9458333333333333 0.0546875 0.07222222222222222
5 0.975390625 0.9416666666666667 0.04765625 0.027777777777777776
2 0.665625 0.7631944444444444 0.028125 0.006944444444444444
2 0.64609375 0.8 0.0296875 0.05277777777777778
1 0.43046875 0.8180555555555555 0.1140625 0.16111111111111112
2 0.43828125 0.8006944444444445 0.028125 0.05416666666666667
0 0.019140625 0.9423611111111111 0.03828125 0.1125
2 0.412109375 0.8006944444444445 0.02578125 0.05416666666666667
8 0.68984375 0.9715277777777778 0.0671875 0.05416666666666667
8 0.9984375 0.9888888888888889 0.0015625 0.019444444444444445
2 0.4640625 0.7166666666666667 0.0203125 0.016666666666666666
8 0.941015625 0.9270833333333334 0.02578125 0.043055555555555555
2 0.445703125 0.7069444444444445 0.01953125 0.002777777777777778
2 0.670703125 0.7395833333333334 0.02734375 0.02638888888888889
5 0.965234375 0.9173611111111111 0.06796875 0.02638888888888889
2 0.639453125 0.7645833333333333 0.02734375 0.009722222222222222
2 0.492578125 0.775 0.00390625 0.041666666666666664
1 0.66015625 0.8361111111111111 0.125 0.17222222222222222
8 0.934375 0.9875 0.0921875 0.022222222222222223
1 0.45390625 0.7541666666666667 0.0875 0.12222222222222222
2 0.3734375 0.8666666666666667 0.0109375 0.05555555555555555
2 0.190234375 0.9263888888888889 0.13515625 0.09166666666666666
2 0.190234375 0.8576388888888888 0.13515625 0.09027777777777778
2 0.269140625 0.8958333333333334 0.02109375 0.08333333333333333
8 0.806640625 0.9555555555555556 0.07578125 0.07777777777777778
2 0.6703125 0.7701388888888889 0.028125 0.004166666666666667
2 0.588671875 0.7770833333333333 0.00390625 0.03194444444444444
8 0.473828125 0.9701388888888889 0.06484375 0.05694444444444444
8 0.61171875 0.9458333333333333 0.05625 0.07222222222222222
2 0.417578125 0.7631944444444444 0.02734375 0.006944444444444444
2 0.413671875 0.7701388888888889 0.02734375 0.004166666666666667
2 0.445703125 0.75625 0.02578125 0.004166666666666667
2 0.44375 0.7166666666666667 0.0203125 0.016666666666666666
2 0.44375 0.7631944444444444 0.0265625 0.006944444444444444
3 0.499609375 0.8965277777777778 0.99921875 0.20416666666666666
5 0.68125 0.9277777777777778 0.053125 0.03611111111111111
2 0.6375 0.75625 0.0265625 0.004166666666666667
2 0.662890625 0.75625 0.02734375 0.004166666666666667
5 0.615625 0.9618055555555556 0.053125 0.04027777777777778
2 0.7 0.7979166666666667 0.034375 0.059722222222222225
5 0.91953125 0.9618055555555556 0.0921875 0.029166666666666667
2 0.646875 0.7277777777777777 0.0234375 0.002777777777777778
8 0.985546875 0.975 0.02578125 0.04722222222222222
2 0.45703125 0.7284722222222222 0.021875 0.004166666666666667
2 0.617578125 0.7972222222222223 0.03046875 0.058333333333333334
2 0.3859375 0.8381944444444445 0.0265625 0.001388888888888889
2 0.603125 0.7493055555555556 0.025 0.04583333333333333
2 0.465625 0.7979166666666667 0.028125 0.059722222222222225
2 0.674609375 0.8659722222222223 0.08671875 0.05694444444444444
2 0.61875 0.8666666666666667 0.028125 0.05555555555555555
8 0.48203125 0.9430555555555555 0.059375 0.06944444444444445
8 0.54765625 0.9708333333333333 0.0609375 0.05555555555555555
2 0.59296875 0.8055555555555556 0.0015625 0.044444444444444446
2 0.5875 0.7722222222222223 0.003125 0.03333333333333333
2 0.6265625 0.7423611111111111 0.0234375 0.02361111111111111
2 0.673828125 0.8006944444444445 0.03046875 0.05416666666666667
5 0.612109375 0.9263888888888889 0.04921875 0.03611111111111111
2 0.615625 0.7069444444444445 0.0203125 0.002777777777777778
5 0.5484375 0.9625 0.053125 0.041666666666666664
2 0.60234375 0.8479166666666667 0.0 0.04861111111111111
8 0.68046875 0.9486111111111111 0.0609375 0.075
5 0.690625 0.9638888888888889 0.059375 0.041666666666666664
1 0.6375 0.7805555555555556 0.1015625 0.1388888888888889
5 0.9421875 0.9868055555555556 0.1 0.02361111111111111
2 0.39296875 0.7618055555555555 0.0296875 0.015277777777777777
2 0.439453125 0.8659722222222223 0.08046875 0.05694444444444444
2 0.383984375 0.7972222222222223 0.03203125 0.058333333333333334
7 0.9578125 0.8131944444444444 0.0453125 0.02638888888888889
2 0.217578125 0.8326388888888889 0.12421875 0.08194444444444444
2 0.469921875 0.7729166666666667 0.02578125 0.0375
2 0.634765625 0.70625 0.01953125 0.001388888888888889
5 0.55078125 0.9263888888888889 0.0484375 0.03611111111111111
7 0.86640625 0.8118055555555556 0.040625 0.02638888888888889
1 0.446484375 0.78125 0.09453125 0.14027777777777778
1 0.652734375 0.8152777777777778 0.11640625 0.15555555555555556
2 0.64921875 0.7416666666666667 0.0234375 0.022222222222222223
2 0.488671875 0.8048611111111111 0.00234375 0.04583333333333333
2 0.4328125 0.7416666666666667 0.0234375 0.022222222222222223
2 0.411328125 0.7409722222222223 0.02421875 0.029166666666666667
2 0.484375 0.725 0.0203125 0.03888888888888889
5 0.474609375 0.9604166666666667 0.05703125 0.04027777777777778
1 0.42421875 0.8361111111111111 0.121875 0.17222222222222222
5 0.80703125 0.9333333333333333 0.0671875 0.03611111111111111
2 0.190234375 0.9715277777777778 0.13515625 0.05416666666666667
8 0.920703125 0.9736111111111111 0.10234375 0.05
2 0.440234375 0.7701388888888889 0.02734375 0.004166666666666667
2 0.594921875 0.7819444444444444 0.00234375 0.0
2 0.465625 0.70625 0.01875 0.001388888888888889
5 0.4828125 0.9243055555555556 0.0515625 0.034722222222222224
2 0.26875 0.9569444444444445 0.0203125 0.08333333333333333
2 0.64375 0.7701388888888889 0.028125 0.004166666666666667
2 0.478515625 0.75 0.02265625 0.04722222222222222
8 0.61484375 0.9708333333333333 0.0609375 0.05555555555555555
7 0.798828125 0.8131944444444444 0.03671875 0.02638888888888889
2 0.43515625 0.7277777777777777 0.021875 0.002777777777777778
8 0.9640625 0.9527777777777777 0.0328125 0.04722222222222222
2 0.455078125 0.7416666666666667 0.02265625 0.022222222222222223
1 0.626953125 0.7541666666666667 0.08984375 0.12222222222222222
2 0.420703125 0.75625 0.02578125 0.004166666666666667
2 0.637109375 0.7166666666666667 0.02109375 0.016666666666666666
2 0.61640625 0.8347222222222223 0.028125 0.005555555555555556
2 0.65625 0.7152777777777778 0.0234375 0.019444444444444445
2 0.59609375 0.7256944444444444 0.0203125 0.04027777777777778
2 0.42421875 0.7159722222222222 0.021875 0.020833333333333332
2 0.616796875 0.7173611111111111 0.02109375 0.018055555555555554
5 0.987890625 0.9645833333333333 0.02265625 0.029166666666666667
