3 0.499609375 0.9590277777777778 0.99921875 0.07916666666666666
4 0.080859375 0.9125 0.02265625 0.016666666666666666
8 0.372265625 0.9020833333333333 0.00078125 0.001388888888888889
5 0.331640625 0.8986111111111111 0.00078125 0.002777777777777778
5 0.331640625 0.8986111111111111 0.00078125 0.002777777777777778
5 0.331640625 0.8986111111111111 0.00078125 0.002777777777777778
6 0.37265625 0.8784722222222222 0.009375 0.004166666666666667
6 0.373046875 0.8902777777777777 0.01015625 0.025
6 0.268359375 0.9041666666666667 0.01796875 0.013888888888888888
5 0.873046875 0.9034722222222222 0.02265625 0.009722222222222222
5 0.873046875 0.9034722222222222 0.02265625 0.009722222222222222
5 0.873046875 0.9034722222222222 0.02265625 0.009722222222222222
5 0.868359375 0.9145833333333333 0.03359375 0.009722222222222222
5 0.868359375 0.9145833333333333 0.03359375 0.009722222222222222
5 0.868359375 0.9145833333333333 0.03359375 0.009722222222222222
5 0.89140625 0.9173611111111111 0.0125 0.015277777777777777
5 0.89140625 0.9173611111111111 0.0125 0.015277777777777777
5 0.89140625 0.9173611111111111 0.0125 0.015277777777777777
5 0.891015625 0.9034722222222222 0.01171875 0.009722222222222222
5 0.891015625 0.9034722222222222 0.01171875 0.009722222222222222
5 0.891015625 0.9034722222222222 0.01171875 0.009722222222222222
6 0.349609375 0.8708333333333333 0.08359375 0.1111111111111111
6 0.51328125 0.8708333333333333 0.0796875 0.1111111111111111
6 0.365234375 0.76875 0.05546875 0.10694444444444444
6 0.43203125 0.8708333333333333 0.0796875 0.1111111111111111
6 0.037109375 0.9111111111111111 0.00859375 0.027777777777777776
7 0.176953125 0.9138888888888889 0.00390625 0.011111111111111112
7 0.305078125 0.9111111111111111 0.00078125 0.005555555555555556
7 0.04609375 0.9138888888888889 0.0140625 0.016666666666666666
7 0.55625 0.9118055555555555 0.00625 0.009722222222222222
7 0.4421875 0.9159722222222222 0.00625 0.001388888888888889
7 0.494921875 0.9159722222222222 0.01015625 0.001388888888888889
7 0.0734375 0.9125 0.0015625 0.005555555555555556
8 0.094140625 0.9104166666666667 0.04765625 0.02638888888888889
8 0.18125 0.9104166666666667 0.021875 0.02638888888888889
8 0.215625 0.9055555555555556 0.0484375 0.016666666666666666
8 0.258203125 0.9027777777777778 0.00546875 0.011111111111111112
8 0.194921875 0.9125 0.05234375 0.027777777777777776
8 0.257421875 0.9118055555555555 0.05234375 0.02638888888888889
8 0.136328125 0.9097222222222222 0.06796875 0.025
8 0.0734375 0.9111111111111111 0.071875 0.027777777777777776
8 0.491796875 0.8902777777777777 0.11171875 0.10555555555555556
5 0.490625 0.85 0.096875 0.03611111111111111
8 0.628515625 0.8902777777777777 0.12109375 0.10555555555555556
5 0.626171875 0.85 0.10703125 0.03611111111111111
8 0.38046875 0.8902777777777777 0.1 0.10833333333333334
5 0.3796875 0.8486111111111111 0.0859375 0.03611111111111111
8 0.236328125 0.9208333333333333 0.12421875 0.04722222222222222
8 0.60859375 0.89375 0.1015625 0.09027777777777778
5 0.603515625 0.8583333333333333 0.08203125 0.030555555555555555
8 0.491796875 0.9048611111111111 0.08515625 0.06805555555555555
5 0.490625 0.8618055555555556 0.078125 0.02361111111111111
8 0.391796875 0.8930555555555556 0.09140625 0.09166666666666666
5 0.391015625 0.8583333333333333 0.08046875 0.030555555555555555
8 0.265234375 0.9180555555555555 0.09140625 0.041666666666666664
8 0.0390625 0.9111111111111111 0.0609375 0.027777777777777776
8 0.011328125 0.9090277777777778 0.02265625 0.02361111111111111
0 0.018359375 0.9125 0.03671875 0.027777777777777776
0 0.805859375 0.8159722222222222 0.18359375 0.22361111111111112
1 0.675 0.8673611111111111 0.0546875 0.10416666666666667
1 0.636328125 0.8673611111111111 0.05234375 0.10416666666666667
1 0.656640625 0.8694444444444445 0.05078125 0.09166666666666666
1 0.626953125 0.8659722222222223 0.03203125 0.08472222222222223
1 0.640234375 0.8743055555555556 0.04609375 0.09027777777777778
1 0.606640625 0.8743055555555556 0.04140625 0.09027777777777778
1 0.663671875 0.8819444444444444 0.06015625 0.07222222222222222
1 0.30390625 0.8645833333333334 0.0765625 0.09305555555555556
1 0.31015625 0.8951388888888889 0.0734375 0.0375
1 0.071875 0.9104166666666667 0.0 0.001388888888888889
1 0.081640625 0.9090277777777778 0.07578125 0.02361111111111111
1 0.0984375 0.49930555555555556 0.196875 0.9986111111111111
2 0.094921875 0.53125 0.09296875 0.5208333333333334
2 0.03515625 0.47638888888888886 0.0703125 0.5694444444444444
2 0.101171875 0.12222222222222222 0.11015625 0.24444444444444444
1 0.867578125 0.6354166666666666 0.26328125 0.6708333333333333
2 0.84453125 0.5006944444444444 0.1765625 0.24583333333333332
2 0.8796875 0.7534722222222222 0.2390625 0.21805555555555556
2 0.9625 0.475 0.0734375 0.19166666666666668
1 0.167578125 0.6243055555555556 0.33515625 0.6986111111111111
2 0.256640625 0.7673611111111112 0.11171875 0.18472222222222223
2 0.228515625 0.7409722222222223 0.13671875 0.21805555555555556
2 0.248828125 0.4798611111111111 0.13671875 0.2625
2 0.146484375 0.7291666666666666 0.03828125 0.19722222222222222
2 0.146875 0.4486111111111111 0.0578125 0.20277777777777778
1 0.84296875 0.6909722222222222 0.3125 0.5347222222222222
2 0.731640625 0.5798611111111112 0.05703125 0.19027777777777777
2 0.733984375 0.7854166666666667 0.05859375 0.17083333333333334
1 0.177734375 0.6833333333333333 0.35546875 0.5527777777777778
2 0.33359375 0.8027777777777778 0.003125 0.10277777777777777
2 0.315234375 0.7763888888888889 0.01171875 0.16666666666666666
2 0.326953125 0.5638888888888889 0.02421875 0.19166666666666668
2 0.923046875 0.9180555555555555 0.05234375 0.03888888888888889
2 0.973828125 0.9194444444444444 0.05078125 0.041666666666666664
5 0.228125 0.8972222222222223 0.0234375 0.0
5 0.23515625 0.9055555555555556 0.0015625 0.0
5 0.24140625 0.9138888888888889 0.0 0.0
5 0.238671875 0.9097222222222222 0.00546875 0.005555555555555556
5 0.240625 0.9159722222222222 0.0 0.004166666666666667
5 0.196875 0.9090277777777778 0.0078125 0.004166666666666667
5 0.1984375 0.9152777777777777 0.0015625 0.002777777777777778
5 0.195703125 0.9048611111111111 0.00546875 0.001388888888888889
5 0.21015625 0.8979166666666667 0.0421875 0.001388888888888889
