3 0.499609375 0.8895833333333333 0.99921875 0.21805555555555556
4 0.97890625 0.8875 0.015625 0.09722222222222222
8 0.775 0.8131944444444444 0.0328125 0.04027777777777778
5 0.02109375 0.9798611111111111 0.0421875 0.0375
5 0.02109375 0.9798611111111111 0.0421875 0.0375
5 0.02109375 0.9798611111111111 0.0421875 0.0375
5 0.02109375 0.9604166666666667 0.0421875 0.05416666666666667
5 0.02109375 0.9604166666666667 0.0421875 0.05416666666666667
5 0.02109375 0.9604166666666667 0.0421875 0.05416666666666667
5 0.013671875 0.9916666666666667 0.01640625 0.013888888888888888
5 0.013671875 0.9916666666666667 0.01640625 0.013888888888888888
5 0.013671875 0.9916666666666667 0.01640625 0.013888888888888888
5 0.0234375 0.9784722222222222 0.0375 0.020833333333333332
5 0.0234375 0.9784722222222222 0.0375 0.020833333333333332
5 0.0234375 0.9784722222222222 0.0375 0.020833333333333332
5 0.0234375 0.9486111111111111 0.0390625 0.03611111111111111
5 0.0234375 0.9486111111111111 0.0390625 0.03611111111111111
5 0.0234375 0.9486111111111111 0.0390625 0.03611111111111111
5 0.021484375 0.9243055555555556 0.04296875 0.0375
5 0.021484375 0.9243055555555556 0.04296875 0.0375
5 0.021484375 0.9243055555555556 0.04296875 0.0375
5 0.021875 0.9 0.04375 0.041666666666666664
5 0.021875 0.9 0.04375 0.041666666666666664
5 0.021875 0.9 0.04375 0.041666666666666664
6 0.64375 0.8659722222222223 0.090625 0.11527777777777778
6 0.496484375 0.8736111111111111 0.09296875 0.12222222222222222
6 0.64296875 0.76875 0.090625 0.10972222222222222
6 0.571484375 0.8680555555555556 0.09140625 0.11944444444444445
6 0.948828125 0.8520833333333333 0.08515625 0.10972222222222222
6 0.9859375 0.8027777777777778 0.0078125 0.011111111111111112
7 0.843359375 0.9527777777777777 0.09140625 0.041666666666666664
7 0.698828125 0.7777777777777778 0.00390625 0.002777777777777778
7 0.7890625 0.7791666666666667 0.0234375 0.011111111111111112
7 0.766015625 0.7798611111111111 0.01640625 0.009722222222222222
7 0.5796875 0.7861111111111111 0.0296875 0.011111111111111112
7 0.6234375 0.7847222222222222 0.021875 0.011111111111111112
7 0.52421875 0.7881944444444444 0.028125 0.0125
7 0.47578125 0.7909722222222222 0.015625 0.0125
8 0.934375 0.8965277777777778 0.0828125 0.05694444444444444
5 0.93671875 0.8743055555555556 0.0765625 0.020833333333333332
8 0.88515625 0.9 0.0828125 0.058333333333333334
5 0.884375 0.8777777777777778 0.0765625 0.022222222222222223
8 0.838671875 0.9034722222222222 0.08515625 0.059722222222222225
5 0.839453125 0.88125 0.07578125 0.02361111111111111
8 0.791796875 0.9125 0.06484375 0.05277777777777778
5 0.790234375 0.8854166666666666 0.06171875 0.02361111111111111
8 0.79453125 0.8916666666666667 0.0671875 0.04722222222222222
5 0.7921875 0.8666666666666667 0.065625 0.019444444444444445
8 0.73671875 0.8909722222222223 0.0765625 0.05416666666666667
5 0.737890625 0.8701388888888889 0.06796875 0.018055555555555554
8 0.834375 0.8840277777777777 0.0734375 0.05138888888888889
5 0.83359375 0.8625 0.06875 0.016666666666666666
8 0.882421875 0.88125 0.07890625 0.05138888888888889
5 0.883203125 0.8604166666666667 0.06953125 0.018055555555555554
8 0.38046875 0.8263888888888888 0.0390625 0.03611111111111111
5 0.382421875 0.8111111111111111 0.03671875 0.011111111111111112
8 0.338671875 0.8277777777777777 0.03828125 0.03611111111111111
5 0.340625 0.8131944444444444 0.0359375 0.0125
8 0.403515625 0.8243055555555555 0.01484375 0.034722222222222224
5 0.40625 0.8090277777777778 0.0140625 0.009722222222222222
8 0.459375 0.8236111111111111 0.0390625 0.030555555555555555
5 0.458203125 0.8083333333333333 0.03828125 0.011111111111111112
8 0.3515625 0.8361111111111111 0.04375 0.03888888888888889
5 0.3515625 0.8201388888888889 0.0390625 0.0125
8 0.39296875 0.8340277777777778 0.040625 0.0375
5 0.39453125 0.81875 0.0375 0.0125
8 0.4296875 0.83125 0.040625 0.0375
5 0.432421875 0.8166666666666667 0.03984375 0.011111111111111112
8 0.473828125 0.8291666666666667 0.04609375 0.03611111111111111
5 0.47421875 0.8138888888888889 0.040625 0.011111111111111112
8 0.63359375 0.83125 0.0328125 0.004166666666666667
8 0.59296875 0.8 0.009375 0.005555555555555556
5 0.6078125 0.7986111111111112 0.0359375 0.008333333333333333
8 0.6359375 0.8277777777777777 0.0234375 0.019444444444444445
8 0.64375 0.8305555555555556 0.015625 0.025
5 0.641796875 0.8125 0.00703125 0.0
8 0.528515625 0.8208333333333333 0.04765625 0.03333333333333333
5 0.52890625 0.80625 0.0421875 0.009722222222222222
8 0.563671875 0.8173611111111111 0.04453125 0.03194444444444444
5 0.565625 0.8048611111111111 0.0421875 0.009722222222222222
8 0.5921875 0.8236111111111111 0.0515625 0.03333333333333333
5 0.583203125 0.8090277777777778 0.02890625 0.009722222222222222
8 0.609375 0.8284722222222223 0.05625 0.034722222222222224
5 0.600390625 0.8145833333333333 0.03359375 0.009722222222222222
8 0.80078125 0.8104166666666667 0.025 0.02638888888888889
5 0.800390625 0.7951388888888888 0.02578125 0.009722222222222222
8 0.779296875 0.8111111111111111 0.04140625 0.027777777777777776
5 0.778125 0.7965277777777777 0.0390625 0.009722222222222222
5 0.903515625 0.7902777777777777 0.02421875 0.005555555555555556
8 0.90625 0.7930555555555555 0.0 0.0
5 0.88359375 0.7909722222222222 0.04375 0.004166666666666667
5 0.905859375 0.7944444444444444 0.01640625 0.002777777777777778
0 0.86640625 0.7340277777777777 0.0421875 0.09583333333333334
0 0.95234375 0.7493055555555556 0.075 0.12083333333333333
0 0.71171875 0.7729166666666667 0.1234375 0.16527777777777777
0 0.20078125 0.8131944444444444 0.184375 0.2375
1 0.3984375 0.9513888888888888 0.3609375 0.09444444444444444
1 0.628515625 0.9451388888888889 0.40390625 0.10694444444444444
1 0.86015625 0.9930555555555556 0.01875 0.011111111111111112
1 0.20546875 0.7236111111111111 0.003125 0.013888888888888888
2 0.2234375 0.7673611111111112 0.003125 0.001388888888888889
2 0.21796875 0.7277777777777777 0.0140625 0.002777777777777778
2 0.258203125 0.7270833333333333 0.00390625 0.001388888888888889
2 0.2265625 0.7673611111111112 0.0015625 0.001388888888888889
2 0.2328125 0.7277777777777777 0.015625 0.002777777777777778
2 0.248828125 0.7277777777777777 0.01484375 0.002777777777777778
1 0.362890625 0.7569444444444444 0.06796875 0.08611111111111111
2 0.343359375 0.7729166666666667 0.01640625 0.02638888888888889
2 0.3390625 0.7715277777777778 0.0140625 0.02638888888888889
2 0.341796875 0.7368055555555556 0.01953125 0.02638888888888889
2 0.384765625 0.725 0.01640625 0.002777777777777778
2 0.359375 0.7611111111111111 0.025 0.005555555555555556
2 0.358984375 0.7256944444444444 0.01328125 0.001388888888888889
2 0.353515625 0.7236111111111111 0.01484375 0.0
2 0.3734375 0.7256944444444444 0.0140625 0.001388888888888889
2 0.36875 0.7236111111111111 0.0140625 0.0
1 0.22265625 0.7631944444444444 0.0125 0.08472222222222223
2 0.22890625 0.7854166666666667 0.015625 0.029166666666666667
2 0.223828125 0.7694444444444445 0.00390625 0.0
2 0.22734375 0.7444444444444445 0.0203125 0.030555555555555555
2 0.277734375 0.73125 0.00078125 0.004166666666666667
2 0.2375 0.7756944444444445 0.0 0.001388888888888889
2 0.24609375 0.7319444444444444 0.015625 0.002777777777777778
2 0.246484375 0.7291666666666666 0.00546875 0.0
2 0.2578125 0.7319444444444444 0.00625 0.002777777777777778
2 0.255078125 0.7291666666666666 0.01015625 0.0
1 0.38046875 0.7631944444444444 0.0640625 0.09305555555555556
2 0.36328125 0.7798611111111111 0.0171875 0.029166666666666667
2 0.359765625 0.7791666666666667 0.01640625 0.027777777777777776
2 0.36171875 0.7416666666666667 0.0203125 0.027777777777777776
2 0.40859375 0.7291666666666666 0.009375 0.002777777777777778
2 0.38046875 0.7784722222222222 0.025 0.029166666666666667
2 0.3796875 0.7416666666666667 0.0171875 0.027777777777777776
2 0.395703125 0.7291666666666666 0.01640625 0.002777777777777778
1 0.26796875 0.7743055555555556 0.0828125 0.10416666666666667
2 0.24375 0.7833333333333333 0.0171875 0.008333333333333333
2 0.239453125 0.7930555555555555 0.01953125 0.030555555555555555
2 0.241015625 0.75 0.02265625 0.030555555555555555
2 0.298828125 0.7340277777777777 0.01328125 0.001388888888888889
2 0.278125 0.7784722222222222 0.05625 0.004166666666666667
2 0.257421875 0.7354166666666667 0.00703125 0.001388888888888889
2 0.25390625 0.7347222222222223 0.0078125 0.0
2 0.277734375 0.7347222222222223 0.00078125 0.0
1 0.412109375 0.7631944444444444 0.07890625 0.08472222222222223
2 0.38984375 0.7888888888888889 0.0203125 0.030555555555555555
2 0.383984375 0.7875 0.01640625 0.030555555555555555
2 0.3875 0.7472222222222222 0.0234375 0.030555555555555555
2 0.443359375 0.7319444444444444 0.00859375 0.0
2 0.4203125 0.7736111111111111 0.0546875 0.002777777777777778
2 0.4078125 0.7326388888888888 0.009375 0.001388888888888889
2 0.4015625 0.7319444444444444 0.0109375 0.0
2 0.41328125 0.7319444444444444 0.0 0.0
1 0.275390625 0.7777777777777778 0.08671875 0.10833333333333334
2 0.246875 0.79375 0.0140625 0.02361111111111111
2 0.244921875 0.7840277777777778 0.01796875 0.006944444444444444
2 0.24765625 0.7534722222222222 0.0234375 0.034722222222222224
2 0.304296875 0.7527777777777778 0.02265625 0.03333333333333333
2 0.2890625 0.7965277777777777 0.053125 0.034722222222222224
2 0.26875 0.7520833333333333 0.01875 0.029166666666666667
2 0.29453125 0.7534722222222222 0.0046875 0.03194444444444444
2 0.284765625 0.7361111111111112 0.01484375 0.0
1 0.425 0.7659722222222223 0.0828125 0.0875
2 0.401953125 0.7930555555555555 0.02109375 0.030555555555555555
2 0.396484375 0.7909722222222222 0.01953125 0.029166666666666667
2 0.399609375 0.75 0.02578125 0.03333333333333333
2 0.4515625 0.7493055555555556 0.021875 0.03194444444444444
2 0.434375 0.7902777777777777 0.0578125 0.03333333333333333
2 0.412890625 0.75 0.00078125 0.030555555555555555
2 0.410546875 0.7333333333333333 0.00390625 0.0
2 0.442578125 0.75 0.00703125 0.030555555555555555
2 0.43984375 0.7333333333333333 0.0 0.0
2 0.827734375 0.7791666666666667 0.05390625 0.022222222222222223
2 0.868359375 0.7777777777777778 0.02578125 0.022222222222222223
2 0.882421875 0.7541666666666667 0.05390625 0.027777777777777776
2 0.827734375 0.75625 0.05390625 0.029166666666666667
2 0.906640625 0.7652777777777777 0.05078125 0.03333333333333333
2 0.959375 0.7479166666666667 0.0265625 0.001388888888888889
2 0.898828125 0.7847222222222222 0.03359375 0.011111111111111112
2 0.948828125 0.7555555555555555 0.04921875 0.016666666666666666
2 0.85 0.8097222222222222 0.071875 0.03888888888888889
2 0.878125 0.8152777777777778 0.071875 0.041666666666666664
2 0.1 0.8479166666666667 0.0796875 0.05416666666666667
2 0.1 0.8180555555555555 0.075 0.008333333333333333
2 0.1796875 0.8451388888888889 0.075 0.04861111111111111
2 0.14140625 0.8381944444444445 0.0015625 0.043055555555555555
2 0.18203125 0.8020833333333334 0.078125 0.04583333333333333
2 0.1421875 0.7951388888888888 0.0015625 0.043055555555555555
2 0.182421875 0.7576388888888889 0.07734375 0.04583333333333333
2 0.178515625 0.7541666666666667 0.07421875 0.044444444444444446
