3 0.499609375 0.8423611111111111 0.99921875 0.3125
4 0.30703125 0.7430555555555556 0.0 0.0
4 0.24765625 0.7104166666666667 0.009375 0.018055555555555554
4 0.216015625 0.7145833333333333 0.00234375 0.006944444444444444
4 0.168359375 0.7423611111111111 0.01484375 0.05138888888888889
4 0.124609375 0.79375 0.00703125 0.02638888888888889
4 0.059765625 0.7694444444444445 0.00546875 0.058333333333333334
4 0.00546875 0.7805555555555556 0.0 0.0
4 0.017578125 0.6965277777777777 0.00234375 0.02638888888888889
8 0.140234375 0.7902777777777777 0.07890625 0.04722222222222222
8 0.7625 0.7618055555555555 0.0671875 0.04027777777777778
5 0.464453125 0.6861111111111111 0.03515625 0.008333333333333333
5 0.464453125 0.6861111111111111 0.03515625 0.008333333333333333
5 0.464453125 0.6861111111111111 0.03515625 0.008333333333333333
5 0.464453125 0.6777777777777778 0.03515625 0.008333333333333333
5 0.464453125 0.6777777777777778 0.03515625 0.008333333333333333
5 0.464453125 0.6777777777777778 0.03515625 0.008333333333333333
5 0.464453125 0.6944444444444444 0.03515625 0.005555555555555556
5 0.464453125 0.6944444444444444 0.03515625 0.005555555555555556
5 0.464453125 0.6944444444444444 0.03515625 0.005555555555555556
5 0.516796875 0.6951388888888889 0.03828125 0.006944444444444444
5 0.516796875 0.6951388888888889 0.03828125 0.006944444444444444
5 0.516796875 0.6951388888888889 0.03828125 0.006944444444444444
5 0.51640625 0.6875 0.0390625 0.008333333333333333
5 0.51640625 0.6875 0.0390625 0.008333333333333333
5 0.51640625 0.6875 0.0390625 0.008333333333333333
5 0.5171875 0.6791666666666667 0.0375 0.008333333333333333
5 0.5171875 0.6791666666666667 0.0375 0.008333333333333333
5 0.5171875 0.6791666666666667 0.0375 0.008333333333333333
5 0.51640625 0.6708333333333333 0.0390625 0.008333333333333333
5 0.51640625 0.6708333333333333 0.0390625 0.008333333333333333
5 0.51640625 0.6708333333333333 0.0390625 0.008333333333333333
6 0.46484375 0.7006944444444444 0.0390625 0.0625
6 0.489453125 0.6923611111111111 0.03046875 0.059722222222222225
6 0.466015625 0.6458333333333334 0.04140625 0.06111111111111111
6 0.47734375 0.6958333333333333 0.0375 0.06111111111111111
6 0.38203125 0.7222222222222222 0.0484375 0.075
6 0.37578125 0.7305555555555555 0.0359375 0.08333333333333333
7 0.2171875 0.8194444444444444 0.084375 0.027777777777777776
7 0.170703125 0.8388888888888889 0.09140625 0.030555555555555555
7 0.716796875 0.8986111111111111 0.10546875 0.03888888888888889
7 0.723046875 0.8694444444444445 0.09609375 0.03333333333333333
7 0.69609375 0.9826388888888888 0.1375 0.03194444444444444
7 0.705859375 0.9479166666666666 0.12265625 0.04861111111111111
7 0.001171875 0.7993055555555556 0.00234375 0.0125
7 0.135546875 0.7631944444444444 0.05234375 0.020833333333333332
7 0.0 0.7375 0.0 0.002777777777777778
7 0.30625 0.7243055555555555 0.0015625 0.006944444444444444
7 0.0 0.6854166666666667 0.0 0.001388888888888889
8 0.01484375 0.86875 0.0 0.001388888888888889
8 0.079296875 0.8395833333333333 0.09140625 0.06527777777777778
5 0.079296875 0.8166666666666667 0.08203125 0.025
8 0.040234375 0.8368055555555556 0.04921875 0.06527777777777778
5 0.0296875 0.8131944444444444 0.059375 0.02361111111111111
8 0.285546875 0.7701388888888889 0.04296875 0.0375
5 0.296484375 0.7513888888888889 0.02109375 0.013888888888888888
8 0.25234375 0.7722222222222223 0.0125 0.011111111111111112
5 0.21328125 0.7555555555555555 0.0 0.0
8 0.410546875 0.7083333333333334 0.00859375 0.002777777777777778
5 0.408984375 0.7076388888888889 0.00546875 0.004166666666666667
8 0.428125 0.7270833333333333 0.04375 0.029166666666666667
5 0.4265625 0.7138888888888889 0.040625 0.008333333333333333
8 0.451953125 0.7229166666666667 0.01953125 0.029166666666666667
5 0.437109375 0.7097222222222223 0.04296875 0.008333333333333333
8 0.42421875 0.73125 0.0359375 0.03194444444444444
5 0.42265625 0.7180555555555556 0.0328125 0.008333333333333333
8 0.417578125 0.7361111111111112 0.02265625 0.03333333333333333
5 0.416015625 0.7222222222222222 0.01953125 0.008333333333333333
8 0.7984375 0.7097222222222223 0.0015625 0.011111111111111112
5 0.813671875 0.7055555555555556 0.02890625 0.005555555555555556
8 0.798828125 0.7020833333333333 0.00078125 0.001388888888888889
5 0.8140625 0.7013888888888888 0.028125 0.002777777777777778
8 0.800390625 0.7083333333333334 0.00078125 0.002777777777777778
5 0.81484375 0.7076388888888889 0.0265625 0.004166666666666667
8 0.800390625 0.7131944444444445 0.00234375 0.004166666666666667
5 0.8140625 0.7125 0.028125 0.005555555555555556
8 0.7890625 0.7034722222222223 0.003125 0.004166666666666667
5 0.769921875 0.7 0.03671875 0.002777777777777778
8 0.768359375 0.70625 0.04140625 0.004166666666666667
5 0.76796875 0.7027777777777777 0.0375 0.002777777777777778
8 0.769140625 0.7138888888888889 0.04296875 0.016666666666666666
5 0.76875 0.7083333333333334 0.0390625 0.008333333333333333
8 0.767578125 0.7236111111111111 0.04453125 0.025
5 0.766796875 0.7125 0.03984375 0.008333333333333333
8 0.803125 0.7458333333333333 0.03125 0.03333333333333333
5 0.80390625 0.7340277777777777 0.028125 0.0125
8 0.860546875 0.7430555555555556 0.01796875 0.022222222222222223
5 0.859765625 0.7361111111111112 0.01640625 0.011111111111111112
8 0.76640625 0.7409722222222223 0.0375 0.02638888888888889
5 0.76640625 0.7326388888888888 0.0328125 0.0125
8 0.722265625 0.7444444444444445 0.03828125 0.03333333333333333
5 0.721875 0.73125 0.034375 0.0125
8 0.81015625 0.7333333333333333 0.0359375 0.030555555555555555
5 0.8109375 0.7215277777777778 0.034375 0.009722222222222222
8 0.811328125 0.7381944444444445 0.03359375 0.03194444444444444
5 0.8125 0.7256944444444444 0.03125 0.009722222222222222
8 0.7703125 0.7381944444444445 0.0359375 0.03194444444444444
5 0.7703125 0.7256944444444444 0.03125 0.009722222222222222
8 0.729296875 0.7388888888888889 0.03515625 0.03333333333333333
5 0.727734375 0.7229166666666667 0.03203125 0.006944444444444444
8 0.81953125 0.7791666666666667 0.065625 0.027777777777777776
5 0.80859375 0.7701388888888889 0.0390625 0.015277777777777777
8 0.80859375 0.7645833333333333 0.0390625 0.015277777777777777
5 0.8046875 0.7590277777777777 0.028125 0.006944444444444444
8 0.81875 0.8243055555555555 0.078125 0.05694444444444444
5 0.817578125 0.8041666666666667 0.07109375 0.019444444444444445
8 0.819140625 0.8090277777777778 0.07421875 0.04583333333333333
5 0.809375 0.7888888888888889 0.05 0.011111111111111112
8 0.718359375 0.8208333333333333 0.07734375 0.058333333333333334
5 0.717578125 0.8 0.06953125 0.019444444444444445
8 0.72421875 0.8090277777777778 0.0734375 0.05416666666666667
5 0.723046875 0.7881944444444444 0.06640625 0.018055555555555554
0 0.08203125 0.8423611111111111 0.1640625 0.3125
0 0.558984375 0.7173611111111111 0.07109375 0.2125
0 0.634765625 0.6854166666666667 0.05078125 0.15694444444444444
0 0.569140625 0.6506944444444445 0.03984375 0.09861111111111111
1 0.205078125 0.6611111111111111 0.05390625 0.07222222222222222
1 0.190234375 0.6625 0.05546875 0.075
1 0.155078125 0.6604166666666667 0.06171875 0.07083333333333333
1 0.139453125 0.6618055555555555 0.06328125 0.07361111111111111
1 0.104296875 0.6548611111111111 0.05078125 0.059722222222222225
1 0.0875 0.65625 0.0640625 0.0625
1 0.01953125 0.6541666666666667 0.0390625 0.06388888888888888
1 0.0265625 0.6722222222222223 0.053125 0.07777777777777778
1 0.008984375 0.6715277777777777 0.01796875 0.0763888888888889
1 0.95234375 0.6631944444444444 0.046875 0.05694444444444444
2 0.93203125 0.6916666666666667 0.0015625 0.0
2 0.931640625 0.6465277777777778 0.00078125 0.004166666666666667
2 0.939453125 0.6479166666666667 0.00390625 0.001388888888888889
2 0.937890625 0.6916666666666667 0.00859375 0.0
2 0.937109375 0.6465277777777778 0.00859375 0.004166666666666667
2 0.9359375 0.6479166666666667 0.0015625 0.001388888888888889
1 0.987109375 0.6916666666666667 0.02421875 0.10277777777777777
2 0.984765625 0.69375 0.01796875 0.001388888888888889
2 0.983984375 0.6513888888888889 0.01796875 0.0
2 0.987109375 0.6701388888888888 0.02421875 0.03194444444444444
2 0.9875 0.7131944444444445 0.0234375 0.0375
2 0.99609375 0.6527777777777778 0.003125 0.0
2 0.976953125 0.6527777777777778 0.00390625 0.0
2 0.98828125 0.6527777777777778 0.0171875 0.0
1 0.91875 0.675 0.0234375 0.08333333333333333
2 0.917578125 0.6479166666666667 0.02109375 0.001388888888888889
2 0.91796875 0.7006944444444444 0.021875 0.02638888888888889
2 0.91484375 0.6444444444444445 0.015625 0.0
1 0.924609375 0.6902777777777778 0.03984375 0.10277777777777777
2 0.916796875 0.7069444444444445 0.01953125 0.030555555555555555
2 0.9359375 0.6930555555555555 0.0171875 0.0
2 0.912890625 0.6652777777777777 0.01171875 0.030555555555555555
2 0.92890625 0.6701388888888888 0.03125 0.03194444444444444
2 0.926953125 0.7118055555555556 0.03515625 0.0375
2 0.918359375 0.6659722222222222 0.01796875 0.029166666666666667
2 0.9359375 0.6513888888888889 0.015625 0.0
2 0.920703125 0.6673611111111111 0.01953125 0.029166666666666667
2 0.9375 0.6527777777777778 0.0125 0.0
2 0.91796875 0.7770833333333333 0.11875 0.07083333333333333
2 0.933984375 0.7951388888888888 0.13046875 0.06527777777777778
2 0.8703125 0.8770833333333333 0.0015625 0.05416666666666667
2 0.8609375 0.8395833333333333 0.0046875 0.07361111111111111
2 0.92734375 0.7895833333333333 0.128125 0.0763888888888889
2 0.952734375 0.8277777777777777 0.09296875 0.09444444444444444
2 0.953125 0.9125 0.0921875 0.08611111111111111
2 0.866796875 0.8576388888888888 0.00546875 0.07916666666666666
2 0.74765625 0.7868055555555555 0.059375 0.06527777777777778
2 0.680078125 0.7840277777777778 0.06328125 0.0625
2 0.771484375 0.6888888888888889 0.00078125 0.016666666666666666
2 0.75390625 0.7 0.0328125 0.027777777777777776
2 0.787890625 0.7013888888888888 0.02265625 0.027777777777777776
2 0.75390625 0.6722222222222223 0.0328125 0.027777777777777776
2 0.7875 0.6743055555555556 0.021875 0.02638888888888889
2 0.75390625 0.6444444444444445 0.0328125 0.027777777777777776
2 0.7875 0.6451388888888889 0.021875 0.029166666666666667
5 0.19921875 0.7256944444444444 0.0671875 0.015277777777777777
5 0.19609375 0.7361111111111112 0.0625 0.013888888888888888
5 0.195703125 0.7451388888888889 0.06171875 0.015277777777777777
5 0.196484375 0.7548611111111111 0.06328125 0.015277777777777777
5 0.195703125 0.7763888888888889 0.06171875 0.016666666666666666
5 0.195703125 0.7659722222222223 0.06171875 0.015277777777777777
5 0.195703125 0.7958333333333333 0.06171875 0.016666666666666666
5 0.195703125 0.7854166666666667 0.06171875 0.015277777777777777
5 0.2609375 0.7479166666666667 0.0671875 0.015277777777777777
5 0.2609375 0.7576388888888889 0.0671875 0.015277777777777777
5 0.260546875 0.7791666666666667 0.06640625 0.016666666666666666
5 0.260546875 0.7680555555555556 0.06640625 0.016666666666666666
5 0.260546875 0.7986111111111112 0.06640625 0.016666666666666666
5 0.260546875 0.7875 0.06640625 0.016666666666666666
5 0.005078125 0.7354166666666667 0.01015625 0.004166666666666667
5 0.2609375 0.7381944444444445 0.0671875 0.015277777777777777
5 0.2609375 0.7270833333333333 0.0671875 0.015277777777777777
5 0.33203125 0.7506944444444444 0.065625 0.015277777777777777
5 0.33203125 0.7597222222222222 0.065625 0.016666666666666666
5 0.33203125 0.7819444444444444 0.065625 0.016666666666666666
5 0.33203125 0.7708333333333334 0.065625 0.016666666666666666
5 0.331640625 0.8020833333333334 0.06640625 0.018055555555555554
5 0.33203125 0.7916666666666666 0.065625 0.016666666666666666
5 0.33203125 0.7402777777777778 0.065625 0.016666666666666666
5 0.33203125 0.7298611111111111 0.065625 0.015277777777777777
5 0.33203125 0.66875 0.065625 0.0125
5 0.33203125 0.6798611111111111 0.065625 0.0125
5 0.33203125 0.7006944444444444 0.065625 0.015277777777777777
5 0.33203125 0.6902777777777778 0.065625 0.013888888888888888
5 0.33203125 0.7201388888888889 0.065625 0.015277777777777777
5 0.33203125 0.7097222222222223 0.065625 0.013888888888888888
5 0.01875 0.7111111111111111 0.00625 0.0
5 0.33203125 0.6597222222222222 0.065625 0.011111111111111112
5 0.33203125 0.6493055555555556 0.065625 0.0125
