3 0.499609375 0.8555555555555555 0.99921875 0.2861111111111111
4 0.4296875 0.7166666666666667 0.0 0.011111111111111112
4 0.451171875 0.7034722222222223 0.00546875 0.004166666666666667
4 0.562109375 0.7229166666666667 0.01796875 0.006944444444444444
4 0.6140625 0.7833333333333333 0.0109375 0.11388888888888889
4 0.651953125 0.7986111111111112 0.04296875 0.13333333333333333
4 0.949609375 0.89375 0.03359375 0.20972222222222223
4 0.01953125 0.725 0.003125 0.05555555555555555
4 0.0015625 0.7340277777777777 0.003125 0.05416666666666667
8 0.61640625 0.7819444444444444 0.0171875 0.058333333333333334
8 0.97578125 0.7201388888888889 0.046875 0.004166666666666667
5 0.35546875 0.7069444444444445 0.04375 0.008333333333333333
5 0.35546875 0.7069444444444445 0.04375 0.008333333333333333
5 0.35546875 0.7069444444444445 0.04375 0.008333333333333333
5 0.35546875 0.6986111111111111 0.04375 0.008333333333333333
5 0.35546875 0.6986111111111111 0.04375 0.008333333333333333
5 0.35546875 0.6986111111111111 0.04375 0.008333333333333333
5 0.35546875 0.7152777777777778 0.04375 0.008333333333333333
5 0.35546875 0.7152777777777778 0.04375 0.008333333333333333
5 0.35546875 0.7152777777777778 0.04375 0.008333333333333333
5 0.4140625 0.7152777777777778 0.04375 0.008333333333333333
5 0.4140625 0.7152777777777778 0.04375 0.008333333333333333
5 0.4140625 0.7152777777777778 0.04375 0.008333333333333333
5 0.4140625 0.7069444444444445 0.04375 0.008333333333333333
5 0.4140625 0.7069444444444445 0.04375 0.008333333333333333
5 0.4140625 0.7069444444444445 0.04375 0.008333333333333333
5 0.414453125 0.6986111111111111 0.04296875 0.008333333333333333
5 0.414453125 0.6986111111111111 0.04296875 0.008333333333333333
5 0.414453125 0.6986111111111111 0.04296875 0.008333333333333333
5 0.414453125 0.6888888888888889 0.04296875 0.008333333333333333
5 0.414453125 0.6888888888888889 0.04296875 0.008333333333333333
5 0.414453125 0.6888888888888889 0.04296875 0.008333333333333333
6 0.50703125 0.6340277777777777 0.0421875 0.034722222222222224
6 0.553125 0.6916666666666667 0.0390625 0.022222222222222223
6 0.589453125 0.7236111111111111 0.07109375 0.08055555555555556
7 0.735546875 0.7979166666666667 0.04296875 0.020833333333333332
7 0.76328125 0.8145833333333333 0.040625 0.02638888888888889
7 0.405078125 0.8111111111111111 0.02265625 0.03333333333333333
7 0.03203125 0.8479166666666667 0.0609375 0.04583333333333333
7 0.3671875 0.7715277777777778 0.040625 0.02361111111111111
7 0.01640625 0.7638888888888888 0.0328125 0.019444444444444445
7 0.370703125 0.7388888888888889 0.05234375 0.013888888888888888
7 0.397265625 0.7569444444444444 0.04296875 0.016666666666666666
6 0.99453125 0.8298611111111112 0.009375 0.2013888888888889
8 0.837109375 0.8451388888888889 0.11953125 0.08194444444444444
5 0.839453125 0.8118055555555556 0.11328125 0.02638888888888889
8 0.90078125 0.8625 0.1484375 0.08888888888888889
5 0.899609375 0.8256944444444444 0.13359375 0.029166666666666667
8 0.771875 0.8145833333333333 0.1015625 0.07083333333333333
5 0.77265625 0.7868055555555555 0.090625 0.02361111111111111
8 0.69921875 0.8180555555555555 0.1 0.07222222222222222
5 0.7 0.7895833333333333 0.0890625 0.02361111111111111
8 0.6171875 0.7416666666666667 0.0 0.0
5 0.608203125 0.7388888888888889 0.00078125 0.0
8 0.45 0.7201388888888889 0.0046875 0.001388888888888889
5 0.451171875 0.7194444444444444 0.00390625 0.002777777777777778
5 0.450390625 0.7166666666666667 0.00546875 0.002777777777777778
8 0.434375 0.7180555555555556 0.00625 0.005555555555555556
5 0.443359375 0.7173611111111111 0.02109375 0.006944444444444444
8 0.81328125 0.7229166666666667 0.0078125 0.001388888888888889
5 0.801171875 0.7020833333333333 0.01640625 0.001388888888888889
8 0.80078125 0.7229166666666667 0.0015625 0.001388888888888889
5 0.79453125 0.7006944444444444 0.003125 0.001388888888888889
8 0.805859375 0.7229166666666667 0.00390625 0.015277777777777777
5 0.81484375 0.7041666666666667 0.0421875 0.002777777777777778
8 0.832421875 0.7152777777777778 0.04765625 0.016666666666666666
5 0.83125 0.7076388888888889 0.04375 0.006944444444444444
8 0.7953125 0.7090277777777778 0.0 0.001388888888888889
8 0.80625 0.7208333333333333 0.0125 0.025
5 0.8015625 0.7076388888888889 0.015625 0.004166666666666667
8 0.966015625 0.7194444444444444 0.01171875 0.005555555555555556
5 0.964453125 0.7166666666666667 0.00859375 0.005555555555555556
8 0.856640625 0.7347222222222223 0.00390625 0.016666666666666666
5 0.85625 0.7138888888888889 0.0015625 0.0
8 0.8375 0.73125 0.040625 0.03194444444444444
5 0.83828125 0.7180555555555556 0.0375 0.008333333333333333
8 0.8359375 0.7097222222222223 0.0015625 0.0
5 0.84765625 0.7090277777777778 0.0203125 0.001388888888888889
8 0.84375 0.7298611111111111 0.0265625 0.02361111111111111
5 0.843359375 0.7125 0.02734375 0.002777777777777778
8 0.819140625 0.7291666666666666 0.03828125 0.027777777777777776
5 0.816015625 0.7145833333333333 0.04140625 0.006944444444444444
0 0.921875 0.6854166666666667 0.128125 0.1986111111111111
0 0.7703125 0.6756944444444445 0.078125 0.1486111111111111
0 0.5109375 0.63125 0.034375 0.0375
0 0.509375 0.7305555555555555 0.2046875 0.5361111111111111
1 0.058984375 0.6847222222222222 0.07265625 0.08888888888888889
1 0.0546875 0.6861111111111111 0.075 0.09166666666666666
1 0.01171875 0.6847222222222222 0.015625 0.08888888888888889
1 0.007421875 0.6861111111111111 0.00703125 0.09166666666666666
1 0.99140625 0.6791666666666667 0.0109375 0.075
2 0.992578125 0.6930555555555555 0.00703125 0.022222222222222223
2 0.9921875 0.6611111111111111 0.0078125 0.022222222222222223
2 0.99921875 0.6902777777777778 0.0 0.016666666666666666
2 0.9984375 0.6520833333333333 0.0 0.004166666666666667
1 0.977734375 0.68125 0.00390625 0.07916666666666666
2 0.96796875 0.6847222222222222 0.0171875 0.002777777777777778
1 0.99765625 0.68125 0.003125 0.08194444444444444
2 0.99921875 0.6625 0.0 0.025
1 0.8765625 0.6576388888888889 0.0078125 0.03194444444444444
2 0.873828125 0.6618055555555555 0.01328125 0.02361111111111111
2 0.85546875 0.6833333333333333 0.0078125 0.0
1 0.971875 0.68125 0.0265625 0.08194444444444444
2 0.9703125 0.6638888888888889 0.021875 0.027777777777777776
2 0.970703125 0.7013888888888888 0.02265625 0.027777777777777776
1 0.837109375 0.6729166666666667 0.06015625 0.0625
2 0.813671875 0.6923611111111111 0.00703125 0.018055555555555554
2 0.812890625 0.6618055555555555 0.00703125 0.02361111111111111
2 0.848046875 0.6625 0.02421875 0.025
2 0.837890625 0.6951388888888889 0.04140625 0.02361111111111111
2 0.8203125 0.6618055555555555 0.00625 0.02361111111111111
2 0.82578125 0.6618055555555555 0.003125 0.02361111111111111
1 0.8859375 0.6569444444444444 0.015625 0.03333333333333333
2 0.884375 0.6618055555555555 0.00625 0.02361111111111111
2 0.994140625 0.7236111111111111 0.01015625 0.0
2 0.976171875 0.7493055555555556 0.04609375 0.05138888888888889
2 0.6484375 0.7020833333333333 0.015625 0.020833333333333332
2 0.6640625 0.6972222222222222 0.0140625 0.008333333333333333
2 0.71796875 0.7145833333333333 0.0 0.009722222222222222
2 0.6640625 0.6798611111111111 0.0140625 0.02638888888888889
2 0.722265625 0.6784722222222223 0.01015625 0.020833333333333332
2 0.671484375 0.6541666666666667 0.02890625 0.025
2 0.722265625 0.6541666666666667 0.01015625 0.025
5 0.580859375 0.7097222222222223 0.05546875 0.013888888888888888
5 0.57578125 0.7215277777777778 0.065625 0.0125
5 0.59140625 0.73125 0.0328125 0.0125
5 0.608203125 0.7451388888888889 0.00078125 0.009722222222222222
5 0.608203125 0.7555555555555555 0.00078125 0.008333333333333333
5 0.641015625 0.7305555555555555 0.06171875 0.013888888888888888
5 0.64296875 0.7423611111111111 0.0578125 0.015277777777777777
5 0.64296875 0.7652777777777777 0.0578125 0.016666666666666666
5 0.64296875 0.7541666666666667 0.0578125 0.013888888888888888
5 0.64140625 0.7875 0.0546875 0.016666666666666666
5 0.64296875 0.7756944444444445 0.0578125 0.015277777777777777
5 0.005859375 0.75 0.01171875 0.005555555555555556
5 0.641015625 0.7201388888888889 0.06171875 0.0125
5 0.640625 0.7090277777777778 0.0609375 0.0125
5 0.723046875 0.7291666666666666 0.07265625 0.013888888888888888
5 0.7234375 0.7409722222222223 0.0734375 0.0125
5 0.723828125 0.7631944444444444 0.07265625 0.015277777777777777
5 0.7234375 0.7520833333333333 0.0734375 0.015277777777777777
5 0.713671875 0.7805555555555556 0.05234375 0.008333333333333333
5 0.723828125 0.7729166666666667 0.07265625 0.015277777777777777
5 0.0578125 0.7520833333333333 0.053125 0.0125
5 0.059375 0.7618055555555555 0.053125 0.0125
5 0.723046875 0.71875 0.07265625 0.0125
5 0.723046875 0.7076388888888889 0.07265625 0.0125
5 0.72265625 0.6423611111111112 0.071875 0.009722222222222222
5 0.723046875 0.6534722222222222 0.07265625 0.009722222222222222
5 0.723046875 0.6763888888888889 0.07265625 0.011111111111111112
5 0.723046875 0.6645833333333333 0.07265625 0.009722222222222222
5 0.73359375 0.6979166666666666 0.0515625 0.0125
5 0.723046875 0.6861111111111111 0.07265625 0.011111111111111112
5 0.0578125 0.7444444444444445 0.053125 0.011111111111111112
5 0.059375 0.7347222222222223 0.053125 0.011111111111111112
5 0.722265625 0.63125 0.07265625 0.009722222222222222
5 0.722265625 0.6208333333333333 0.07265625 0.011111111111111112
