3 0.499609375 0.9236111111111112 0.99921875 0.15
8 0.98515625 0.9777777777777777 0.028125 0.041666666666666664
5 0.504296875 0.8423611111111111 0.02890625 0.0125
5 0.504296875 0.8423611111111111 0.02890625 0.0125
5 0.504296875 0.8423611111111111 0.02890625 0.0125
5 0.505078125 0.8284722222222223 0.02734375 0.0125
5 0.505078125 0.8284722222222223 0.02734375 0.0125
5 0.505078125 0.8284722222222223 0.02734375 0.0125
5 0.50703125 0.8548611111111111 0.0234375 0.0125
5 0.50703125 0.8548611111111111 0.0234375 0.0125
5 0.50703125 0.8548611111111111 0.0234375 0.0125
5 0.56953125 0.8569444444444444 0.0640625 0.013888888888888888
5 0.56953125 0.8569444444444444 0.0640625 0.013888888888888888
5 0.56953125 0.8569444444444444 0.0640625 0.013888888888888888
5 0.56953125 0.8444444444444444 0.0640625 0.013888888888888888
5 0.56953125 0.8444444444444444 0.0640625 0.013888888888888888
5 0.56953125 0.8444444444444444 0.0640625 0.013888888888888888
5 0.56953125 0.8319444444444445 0.0640625 0.013888888888888888
5 0.56953125 0.8319444444444445 0.0640625 0.013888888888888888
5 0.56953125 0.8319444444444445 0.0640625 0.013888888888888888
5 0.56953125 0.8173611111111111 0.0640625 0.0125
5 0.56953125 0.8173611111111111 0.0640625 0.0125
5 0.56953125 0.8173611111111111 0.0640625 0.0125
6 0.45 0.8041666666666667 0.015625 0.016666666666666666
6 0.481640625 0.8451388888888889 0.06796875 0.10416666666666667
6 0.417578125 0.7479166666666667 0.08828125 0.1125
6 0.466796875 0.8180555555555555 0.04609375 0.04722222222222222
6 0.1203125 0.8930555555555556 0.121875 0.17222222222222222
6 0.048046875 0.9055555555555556 0.09609375 0.18611111111111112
8 0.97578125 0.8631944444444445 0.0015625 0.004166666666666667
5 0.98828125 0.8604166666666667 0.021875 0.004166666666666667
8 0.974609375 0.88125 0.00390625 0.029166666666666667
5 0.9875 0.8694444444444445 0.0234375 0.011111111111111112
8 0.9875 0.8951388888888889 0.0234375 0.04861111111111111
5 0.9890625 0.8763888888888889 0.0203125 0.016666666666666666
8 0.986328125 0.9104166666666667 0.02578125 0.06527777777777778
5 0.98828125 0.8840277777777777 0.021875 0.018055555555555554
8 0.931640625 0.9576388888888889 0.10078125 0.08194444444444444
5 0.930859375 0.9270833333333334 0.08828125 0.034722222222222224
8 0.94453125 0.9409722222222222 0.0859375 0.08472222222222223
5 0.941796875 0.9083333333333333 0.07890625 0.027777777777777776
0 0.33125 0.7194444444444444 0.3234375 0.5583333333333333
0 0.712109375 0.8104166666666667 0.13203125 0.3763888888888889
0 0.637109375 0.7868055555555555 0.06328125 0.1875
1 0.114453125 0.7826388888888889 0.09296875 0.07083333333333333
1 0.098828125 0.78125 0.06796875 0.07083333333333333
1 0.044921875 0.7958333333333333 0.08984375 0.09722222222222222
1 0.010546875 0.8069444444444445 0.02109375 0.075
1 0.0109375 0.7993055555555556 0.021875 0.10138888888888889
2 0.971484375 0.8666666666666667 0.05546875 0.05277777777777778
2 0.970703125 0.8152777777777778 0.05703125 0.05
2 0.969921875 0.7631944444444444 0.05859375 0.05138888888888889
